[0;1;37;97;47m%%%%%%%SSSXXXX@@@[0;37;5;47;107m88@@@XStttt::;:;;tt;ttSXXX@888888888@@@88888888888@@@XXSSS%%%SSSSXXXXX@@@@888[0;1;37;97;47m8[0;37;5;47;107m888888[0;1;37;97;47m8[0;37;5;47;107m8[0;1;37;97;47m8888@@X@XXSSS%%%t%t%tt;t;;;[0m
[0;1;37;97;47m%%t%%%S%SSX@@@@@8[0;37;5;47;107m88@8@XSttt;;tt;;tt;tt%SS@@@88888[0;1;37;97;47m8[0;37;5;47;107m8888888888888888@@@XXSS%S%SSSSSXSXXXXX@@888888888[0;1;37;97;47m8[0;37;5;47;107m88[0;1;37;97;47m8[0;37;5;47;107m8[0;1;37;97;47m888@@XXXSS%%%%t%ttt;;;;:;:[0m
[0;1;37;97;47m%%%%SSSSXX@[0;37;5;47;107m8[0;1;37;97;47m8888@8[0;37;5;47;107m88@@XS%%%%ttttt%%%%%%SX@@8888[0;1;37;97;47m8[0;37;5;47;107m88[0;1;37;97;47m8[0;37;5;47;107m888888888888@@@@XXSS%%%SSSSSSSSSSXXX@@8888888[0;1;37;97;47m8[0;37;5;47;107m888[0;1;37;97;47m8[0;37;5;47;107m8[0;1;37;97;47m8888@@XXSSS%%%tttt;;;;:::::.[0m
[0;1;37;97;47m%S%%SSSSXX@@[0;37;5;47;107m88[0;1;37;97;47m@[0;37;5;47;107m8[0;1;37;97;47m@[0;37;5;47;107m888@XXXS%%%%tt;%%S%%%%%SX8@8888[0;1;37;97;47m@[0;37;5;47;107m88888888888@@@@@@@SS%%t%%%SSS%SSXSXSX@@888888888[0;1;37;97;47m8[0;37;5;47;107m8[0;1;37;97;47m@[0;37;5;47;107m8[0;1;37;97;47m8[0;37;5;47;107m8[0;1;37;97;47m@@@XXSSS%%ttttt;;;::::::...[0m
[0;1;37;97;47m%SSSSSXXX@@@@@[0;37;5;47;107m8[0;1;37;97;47m@[0;37;5;47;107m8[0;1;37;97;47m@[0;37;5;47;107m88@@XXXSSS%%%SSSSS%%%SSX@@88888[0;1;37;97;47m@[0;37;5;47;107m888888888@@@@@@XXXS%tt%X@@S%t%SSXXXX@@888888888[0;1;37;97;47m@[0;37;5;47;107m88[0;1;37;97;47m@8@@@XXXS%%%ttt;;;;:::::....  [0m
[0;1;37;97;47m%S%S%SSXXX@@@@@[0;37;5;47;107m8[0;1;37;97;47m@[0;37;5;47;107m88888@8XXXXSS%SSSSXSS%SSXX@888888888888888@X@X@XXStX[0;1;37;97;47mt[0;1;30;90;47m@[0;37;5;40;100mS[0;36;5;40;100m      [0;1;30;90;47m8S[0;37;5;47;107m8@X@X@888888888[0;1;37;97;47m@[0;37;5;47;107m8[0;1;37;97;47m@@@[0;37;5;47;107m8[0;1;37;97;47m@@@XXSS%%tttt;;;::::....    [0;1;30;90;47m.[0m
[0;1;37;97;47m%%%%%%SSSXXXX[0;37;5;47;107m8[0;1;37;97;47mS@[0;37;5;47;107m8[0;1;37;97;47mX[0;37;5;47;107m88888@8@XXXXSSSSXSXSS%SX@@@@@888888888888@XX@X@%t[0;1;37;97;47m:[0;36;5;40;100m  [0;37;5;40;100m%[0;36;5;40;100m [0;37;5;40;100mX%[0;35;5;40;100m  [0;37;5;40;100m%[0;36;5;40;100m  [0;35;5;40;100m:[0;36;5;40;100mS[0;37;5;40;100mX[0;37;5;47;107m8X@@8888888[0;1;37;97;47mX[0;37;5;47;107m88[0;1;37;97;47mX[0;37;5;47;107m8[0;1;37;97;47m@[0;37;5;47;107m8[0;1;37;97;47mX@@XXXS%%%tt;;;;::::... .  [0;1;30;90;47m..:[0m
[0;1;37;97;47m%t%%%%%%%SXXXS[0;37;5;47;107m8[0;1;37;97;47mS@[0;37;5;47;107m8[0;1;37;97;47m@[0;37;5;47;107m888888@XXSSXSSSSSSSSSSXX@XX@888888888888@XXXS8[0;1;30;90;47mt[0;37;5;40;100mX[0;36;5;40;100m [0;37;5;40;100mX%t%%%%[0;35;5;40;100m [0;36;5;40;100m   [0;35;5;40;100m.t[0;36;5;40;100mt[0;35;5;40;100m%[0;37;5;40;100mX[0;1;37;97;47m [0;37;5;47;107m8@8888888[0;1;37;97;47mX[0;37;5;47;107m88[0;1;37;97;47mS@X[0;37;5;47;107m8[0;1;37;97;47mSXXXS%%%ttt;;::::....    [0;1;30;90;47m.:.:[0m
[0;1;37;97;47m%ttttt;tt%%%S%SXXX[0;37;5;47;107m8[0;1;37;97;47mSX[0;37;5;47;107m8[0;1;37;97;47mX[0;37;5;47;107m8888XS%SXSSS%SS%SSSSXSXXX@8888888888@X8[0;1;37;97;47m [0;37;5;40;100m%[0;36;5;40;100m: [0;37;5;40;100mS%t%%%%%%%%[0;36;5;40;100m  ..[0;35;5;40;100m;[0;36;5;40;100mt:[0;35;5;40;100mt[0;36;5;40;100mS[0;35;5;40;100m [0;1;37;97;47m %[0;37;5;47;107m88888[0;1;37;97;47mXXX[0;37;5;47;107m8[0;1;37;97;47m%SSXXSS%%ttt;;;;::.....    [0;1;30;90;47m:.::;[0m
[0;1;37;97;47mt%tt;ttt;t%%%S%SSSS[0;37;5;47;107m8[0;1;37;97;47mS[0;37;5;47;107m8[0;1;37;97;47mX@[0;37;5;47;107m888@XS%SSSSS%S%SSSSXSSSX@@88888888@8[0;1;30;90;47m@[0;36;5;40;100mt [0;37;5;40;100mtt%t%%%%%SS%[0;35;5;40;100m [0;37;5;40;100mS[0;36;5;40;100m  [0;35;5;40;100m [0;36;5;40;100m .[0;35;5;40;100m:[0;36;5;40;100m:[0;35;5;40;100m;;[0;36;5;40;100m:[0;35;5;40;100m%[0;36;5;40;100mX[0;37;5;40;100m8[0;37;5;47;107m888[0;1;37;97;47mX[0;37;5;47;107m88[0;1;37;97;47mXX[0;37;5;47;107m8[0;1;37;97;47mSXXSS%%ttt;;;;:......    [0;1;30;90;47m::::::[0m
[0;1;37;97;47mtt%tt;;;;;ttt%%%SSSSXX[0;37;5;47;107m8[0;1;37;97;47mS[0;37;5;47;107m8888XSSSSSSSSSS%SSSSSSSX@@8888888[0;1;37;97;47m:[0;1;30;90;47m8[0;36;5;40;100m. [0;37;5;40;100m%ttt%%SSSSSXSSS[0;35;5;40;100m [0;37;5;40;100mX[0;36;5;40;100m [0;35;5;40;100m   [0;33;5;40;100m :[0;36;5;40;100mt[0;33;5;40;100m;[0;36;5;40;100mt[0;35;5;40;100mS[0;36;5;40;100m%[0;35;5;40;100m@[0;36;5;40;100mX[0;37;5;40;100mS[0;1;37;97;47m [0;37;5;47;107m88[0;1;37;97;47mX[0;37;5;47;107m8[0;1;37;97;47mXX[0;37;5;47;107m8[0;1;37;97;47mSXS%%ttttt;::.:.....   [0;1;30;90;47m:[0;1;37;97;47m  [0;1;30;90;47m::;;[0m
[0;1;37;97;47mt;ttt;;;;;;;;tt%%%SSXXX[0;37;5;47;107m8[0;1;37;97;47m%[0;37;5;47;107m888XSSSXSXXXSXXSSSSSSXXX@X8@8[0;1;37;97;47m;[0;1;30;90;47m8[0;36;5;40;100m. [0;37;5;40;100m%%t%%%SSSSXXXXS[0;35;5;40;100m    [0;37;5;40;100m%%[0;35;5;40;100m    .:;[0;33;5;40;100m%[0;34;5;40;100mS[0;33;5;40;100m@[0;30;5;40;100mX[0;35;5;40;100mt[0;36;5;40;100m%[0;34;5;40;100mS[0;35;5;40;100m%[0;36;5;40;100m [0;1;37;97;47m X[0;37;5;47;107m8[0;1;37;97;47mSSXSS%%%ttt;;::::;:::.    [0;1;30;90;47m:[0;1;37;97;47m [0;1;30;90;47m::;t[0m
[0;1;37;97;47m;;;;;;;::::;;:;;tt%SSXSS[0;37;5;47;107m8[0;1;37;97;47mX[0;37;5;47;107m88St%SXXXXXXXXXXXSXSSXS@XS[0;1;37;97;47m%[0;37;5;40;100m%[0;36;5;40;100m; [0;37;5;40;100m%ttt%%SSSSX@@[0;35;5;40;100m [0;34;5;40;100m@[0;31;40m:[0;34;40m%[0;1;30;90;40mXX[0;34;40mS[0;1;30;90;40mX[0;34;40m:t[0;30;5;40;100mS[0;35;5;40;100m.[0;36;5;40;100m   .;[0;33;5;40;100m%[0;36;5;40;100m%[0;35;5;40;100mS[0;36;5;40;100mS[0;31;5;40;100mS[0;36;5;40;100mt[0;31;5;40;100mS[0;36;5;40;100m@[0;35;5;40;100m;[0;34;5;40;100mS[0;36;5;40;100mS[0;1;30;90;47m@[0;37;5;47;107m8[0;1;37;97;47mSSSS%tt%t;;;:::;;;::.     [0;1;30;90;47m;;;tt[0m
[0;1;37;97;47m;;;;;;;:;::::::;;tt%XSXSS[0;37;5;47;107m888S%%%X@X@@XXSXXXXXXXXS8[0;1;37;97;47m [0;1;30;90;47m8[0;36;5;40;100m;[0;35;5;40;100m [0;37;5;40;100mS%t%%%SSSXXX[0;35;5;40;100m:[0;34;5;40;100m@[0;35;5;40;100m;.[0;1;30;90;40m8[0;36;5;40;100m [0;37;5;40;100mSS[0;36;5;40;100m [0;37;5;40;100m@[0;36;5;40;100m  [0;32;5;40;100m%[0;30;5;40;100m8[0;31;5;40;100mS[0;34;40m%[0;30;5;40;100mX[0;36;5;40;100m:[0;33;5;40;100m.[0;35;5;40;100m:t[0;32;5;40;100mS[0;30;5;40;100mS[0;33;5;40;100m%[0;34;5;40;100mS[0;33;5;40;100mS[0;34;5;40;100mS[0;33;5;40;100mX[0;34;5;40;100mX[0;33;5;40;100mX[0;34;5;40;100mS[0;1;30;90;40m8[0;34;5;40;100m8[0;37;5;40;100m8[0;1;37;97;47m %S%tttt;;:;;;;;;:...  [0;1;30;90;47m;[0;1;37;97;47m [0;1;30;90;47m;;t%%[0m
[0;1;37;97;47m;::::::::::;;:;;;;t%%SSSXSX[0;37;5;47;107m88XSSSX@@@@XSSStS@X8[0;1;30;90;47m%[0;36;5;40;100mX[0;35;5;40;100m.[0;36;5;40;100m [0;37;5;40;100m%%S%S%SSSX@[0;35;5;40;100m %[0;1;30;90;40m8[0;34;5;40;100m8[0;33;5;40;100m; [0;37;5;40;100m@[0;33;5;40;100m [0;37;5;40;100mXSXXXS[0;35;5;40;100m [0;37;5;40;100mX[0;35;5;40;100m:.[0;36;5;40;100m;[0;33;5;40;100m:[0;30;5;40;100mS[0;1;30;90;40mX[0;31;40m.[0;30;5;40;100m8[0;36;5;40;100m.[0;35;5;40;100m  :[0;36;5;40;100mt[0;35;5;40;100m%[0;32;5;40;100mX[0;35;5;40;100mX[0;32;5;40;100mX[0;35;5;40;100mX[0;32;5;40;100mS[0;35;5;40;100m%[0;30;5;40;100m@[0;36;5;40;100m%[0;34;5;40;100mX[0;36;5;40;100mt[0;37;5;40;100m%[0;1;37;97;47m t%tt;;;;;;:::..   [0;1;30;90;47m;[0;1;37;97;47m [0;1;30;90;47mt;t%SX[0m
[0;1;37;97;47m:;:;:.::::::;:;;tt%%%SS[0;37;5;47;107m8[0;1;37;97;47m%[0;37;5;47;107m8[0;1;37;97;47mS[0;37;5;47;107m888@SX@8@@@XSSS%%%[0;1;30;90;47mX[0;34;5;40;100m8[0;36;5;40;100m%[0;35;5;40;100m [0;1;30;90;47m8[0;37;5;40;100m%SSXSXXX%[0;35;5;40;100m;[0;34;5;40;100m8[0;1;30;90;40m8[0;36;5;40;100m;[0;35;5;40;100m [0;37;5;40;100m8XX@8@SXX@SXS[0;35;5;40;100m   .[0;33;5;40;100m  [0;35;5;40;100m [0;33;5;40;100m:[0;35;5;40;100m%[0;36;5;40;100m;  .[0;30;5;40;100m8[0;33;5;40;100mS[0;34;5;40;100mS[0;33;5;40;100m%[0;34;5;40;100mS[0;33;5;40;100mS[0;34;5;40;100mX[0;33;5;40;100mX[0;34;5;40;100mS[0;33;5;40;100mX[0;34;5;40;100mS[0;31;5;40;100mS[0;36;5;40;100mX[0;34;5;40;100m88[0;36;5;40;100m [0;1;37;97;47m ;t;;;::::    [0;1;30;90;47m;;;tt%SSXX[0m
[0;1;37;97;47m::;:;:::::;;;;:;;t%%[0;37;5;47;107m8[0;1;37;97;47m%[0;37;5;47;107m8[0;1;37;97;47m%[0;37;5;47;107m8[0;1;37;97;47mS[0;37;5;47;107m8888XXS@X8@@@XXX%t@[0;1;30;90;47m8[0;36;5;40;100m [0;1;30;90;47m8[0;37;5;40;100mXSXXXX@[0;1;30;90;47m8[0;35;5;40;100m t[0;34;5;40;100m@[0;32;40m:[0;37;5;40;100m8[0;1;30;90;47m8[0;35;5;40;100m [0;37;5;40;100m8@SX@@XSX8@XXSX[0;35;5;40;100m    . [0;36;5;40;100m:[0;33;5;40;100m%[0;36;5;40;100m:   [0;30;5;40;100m8[0;34;40m ;[0;33;5;40;100mS[0;36;5;40;100mt[0;35;5;40;100m%[0;32;5;40;100mS[0;35;5;40;100mS[0;32;5;40;100mX[0;35;5;40;100m@[0;32;5;40;100m@[0;34;5;40;100mS[0;31;5;40;100m@[0;32;5;40;100m@[0;35;5;40;100m%[0;36;5;40;100mS[0;30;5;40;100m8[0;36;5;40;100m%[0;1;30;90;47m8[0;1;37;97;47m%t:;:..   [0;1;30;90;47mt[0;1;37;97;47m [0;1;30;90;47m%t%%SX@@@[0m
[0;1;37;97;47m.::;;:::;:;;;tt;t%%%%[0;37;5;47;107m8[0;1;37;97;47m%[0;37;5;47;107m8888[0;1;37;97;47mS[0;37;5;47;107m8@SSXXX@@@XXSXX%8[0;36;5;40;100m [0;1;30;90;47m8[0;35;5;40;100m [0;1;30;90;47m8[0;37;5;40;100mSX[0;1;30;90;47m8[0;37;5;40;100mX[0;35;5;40;100m S[0;30;5;40;100m8[0;36;5;40;100mS[0;35;5;40;100m.[0;33;5;40;100m  [0;37;5;40;100m8@8@XXX@@X[0;35;5;40;100m .;[0;36;5;40;100m%[0;30;5;40;100m@[0;35;5;40;100mX[0;30;5;40;100m8[0;36;5;40;100m%[0;31;5;40;100mS[0;36;5;40;100m;[0;35;5;40;100m;[0;33;5;40;100m. [0;35;5;40;100m.:[0;36;5;40;100m;[0;35;5;40;100m;[0;36;5;40;100m; :[0;35;5;40;100m:[0;30;5;40;100mS[0;1;30;90;40m8[0;30;5;40;100m@[0;31;40m;[0;1;30;90;40m@[0;30;5;40;100m8[0;36;5;40;100m%[0;31;5;40;100mS[0;36;5;40;100mX[0;31;5;40;100mX[0;32;5;40;100mS[0;34;5;40;100mX[0;31;5;40;100mX[0;32;5;40;100m@[0;31;5;40;100mS[0;34;5;40;100m@SS[0;36;5;40;100m;[0;37;5;40;100mX[0;1;37;97;47m ..    [0;1;30;90;47m%t%tSSXX@@88[0m
[0;1;37;97;47m.::::::::;;ttttttt%SS[0;37;5;47;107m8[0;1;37;97;47mS[0;37;5;47;107m8[0;1;37;97;47mS[0;37;5;47;107m8888@XSS%S@@SS%SSX%8[0;36;5;40;100m [0;1;30;90;47m8[0;37;5;40;100mX@[0;35;5;40;100m t[0;30;5;40;100m8[0;35;5;40;100m.[0;34;5;40;100m@[0;36;5;40;100m.[0;37;5;40;100m8@XX@@XX@@[0;35;5;40;100m .[0;30;5;40;100m8[0;35;5;40;100m..[0;1;30;90;40m8[0;36;5;40;100m  [0;35;5;40;100m [0;36;5;40;100m . [0;35;5;40;100m:[0;30;5;40;100m8[0;1;30;90;40m@[0;33;5;40;100mt[0;34;40mt[0;1;30;90;40m8[0;30;5;40;100m@[0;33;5;40;100m%[0;35;5;40;100m%[0;36;5;40;100m%[0;35;5;40;100m;[0;36;5;40;100mS[0;35;5;40;100mS[0;32;5;40;100mS[0;35;5;40;100mt[0;36;5;40;100m:[0;35;5;40;100m:[0;36;5;40;100m;%[0;1;30;90;40m@[0;31;40m%[0;34;40mt[0;30;5;40;100m8X[0;35;5;40;100m%[0;32;5;40;100mX[0;35;5;40;100mS[0;30;5;40;100mX[0;36;5;40;100mX[0;31;5;40;100mX[0;32;5;40;100m@[0;31;5;40;100mX[0;34;5;40;100mSSX[0;36;5;40;100m% [0;1;30;90;47mt[0;1;37;97;47m [0;1;30;90;47mt%t%SXX@@@8888[0m
[0;1;37;97;47m:::::::::;;;:;;;tt%%SS[0;37;5;47;107m8[0;1;37;97;47m%[0;37;5;47;107m88888@@XSS%ttt%S@8XS[0;1;37;97;47mS[0;37;5;40;100mX[0;1;30;90;47m8[0;36;5;40;100m.[0;34;40m8[0;30;5;40;100m8[0;36;5;40;100m [0;1;30;90;47m@[0;37;5;40;100mSX@@@XSX@[0;1;30;90;47m8[0;35;5;40;100m ;[0;31;40mt[0;1;30;90;40m@[0;36;5;40;100m;[0;37;5;40;100m88[0;35;5;40;100m [0;37;5;40;100mSX@8XS[0;36;5;40;100m [0;33;5;40;100m  :[0;35;5;40;100mt[0;33;5;40;100mt[0;30;5;40;100mX[0;1;30;90;40mS[0;34;40m [0;32;40m;[0;35;5;40;100m;[0;36;5;40;100m:[0;33;5;40;100mt[0;34;5;40;100mX[0;33;5;40;100mX[0;34;5;40;100mS[0;33;5;40;100m%[0;36;5;40;100mt[0;31;5;40;100mS[0;35;5;40;100mt[0;33;5;40;100m;[0;36;5;40;100m;[0;30;5;40;100mSX[0;1;30;90;40mX[0;32;40m [0;1;30;90;40mX[0;36;5;40;100mS[0;31;5;40;100mS[0;30;5;40;100mS[0;36;5;40;100mX[0;30;5;40;100m@[0;36;5;40;100mS[0;30;5;40;100m@[0;33;5;40;100m8[0;30;5;40;100m8[0;35;5;40;100m%[0;34;5;40;100mX[0;34;40m@[0;36;5;40;100m.[0;1;30;90;47mX[0;1;37;97;47m [0;1;30;90;47mSXX@@888888[0;37;5;40;100m@[0m
[0;1;37;97;47m.:.::::::::;;;;;ttt%S%S[0;37;5;47;107m8[0;1;37;97;47mtS[0;37;5;47;107m88888@XS%t;%S@88X%[0;1;37;97;47m.[0;36;5;40;100mS[0;34;40m8[0;35;5;40;100m [0;37;5;40;100mX@8XSSX@8X[0;35;5;40;100m  [0;31;5;40;100mS[0;30;5;40;100m@[0;35;5;40;100m;[0;36;5;40;100m;[0;37;5;40;100mX8@XX@XX@XXSS[0;33;5;40;100m [0;35;5;40;100m [0;33;5;40;100m [0;36;5;40;100m:[0;33;5;40;100m;[0;35;5;40;100m;[0;36;5;40;100mt[0;30;5;40;100m88[0;33;5;40;100mt[0;36;5;40;100m%[0;35;5;40;100mt[0;33;5;40;100m%[0;30;5;40;100m8S[0;35;5;40;100mt[0;36;5;40;100m%[0;33;5;40;100m%[0;34;5;40;100mS[0;33;5;40;100m%[0;34;5;40;100mS[0;33;5;40;100mt[0;36;5;40;100m%[0;31;5;40;100mS[0;32;5;40;100mS[0;1;30;90;40m8[0;31;40m:[0;1;30;90;40mX[0;30;5;40;100m88[0;35;5;40;100m%[0;31;5;40;100mS[0;30;5;40;100mS[0;34;5;40;100mX[0;32;5;40;100mX[0;30;5;40;100m@[0;33;5;40;100mS[0;36;5;40;100mX[0;30;5;40;100mX[0;34;5;40;100mX[0;36;5;40;100m% [0;1;30;90;47m@@888888[0;37;5;40;100mX[0;1;30;90;47m8[0;37;5;40;100mX[0m
[0;1;37;97;47m .:::.::::.:::;;;;ttt%tt[0;37;5;47;107m8[0;1;37;97;47mtS[0;37;5;47;107m8[0;1;37;97;47mS[0;37;5;47;107m888@X@X88888888[0;1;37;97;47m [0;35;5;40;100m.[0;37;5;40;100m@XSSX@XS[0;35;5;40;100m ;[0;30;5;40;100m8[0;33;5;40;100m [0;35;5;40;100mt[0;1;30;90;40m8[0;37;5;40;100m88SXXXXXXXX@@XXS[0;35;5;40;100m [0;37;5;40;100m@[0;35;5;40;100m [0;33;5;40;100m :[0;36;5;40;100mt[0;33;5;40;100m%[0;35;5;40;100mS[0;33;5;40;100mt[0;35;5;40;100m;[0;36;5;40;100m%[0;35;5;40;100mX[0;32;5;40;100mX[0;34;5;40;100mX[0;33;5;40;100mt[0;34;40m%[0;32;40m;[0;1;30;90;40m@[0;30;5;40;100m8[0;1;30;90;40m8[0;34;5;40;100mS[0;33;5;40;100mX[0;34;5;40;100mX[0;33;5;40;100mS[0;34;5;40;100m@[0;31;5;40;100m%[0;36;5;40;100m%[0;35;5;40;100m%[0;32;5;40;100mS[0;34;5;40;100mS[0;1;30;90;40m8[0;32;40m%[0;1;30;90;40mS[0;30;5;40;100m8X[0;35;5;40;100mS[0;32;5;40;100mS[0;30;5;40;100m@S[0;35;5;40;100mS[0;30;5;40;100m8[0;36;5;40;100m%[0;34;5;40;100mS@[0;36;5;40;100mt[0;1;30;90;47m88[0;37;5;40;100mX[0;1;30;90;47m8[0;36;5;40;100m [0;1;30;90;47m8[0;37;5;40;100mXXX[0m
[0;1;37;97;47m.::::;:::::::.:::;:;tttttSS[0;37;5;47;107m8[0;1;37;97;47mS[0;37;5;47;107m88888888[0;1;37;97;47mS[0;37;5;47;107m8[0;1;37;97;47mS[0;37;5;47;107m8888[0;1;30;90;47m%[0;36;5;40;100m [0;37;5;40;100mSXX8@[0;35;5;40;100m..[0;31;40m;[0;30;5;40;100m8[0;37;5;40;100mX[0;1;30;90;47mX[0;37;5;40;100mX[0;33;5;40;100m [0;1;30;90;47m8[0;37;5;40;100mX@XX@XXXXXX888888S[0;35;5;40;100m  :t[0;36;5;40;100m%[0;33;5;40;100mS[0;34;5;40;100mS[0;33;5;40;100mS[0;30;5;40;100mX[0;36;5;40;100mX[0;34;5;40;100mS[0;32;5;40;100mS[0;35;5;40;100m%[0;33;5;40;100mt[0;30;5;40;100mS[0;35;5;40;100m%[0;30;5;40;100m8[0;1;30;90;40mX[0;32;40m:[0;34;40m:[0;1;30;90;40m8[0;30;5;40;100mS[0;36;5;40;100mt[0;35;5;40;100m%[0;30;5;40;100m@[0;36;5;40;100m%[0;31;5;40;100m@[0;32;5;40;100mS[0;35;5;40;100mS[0;33;5;40;100mt[0;30;5;40;100m88[0;32;40m%[0;34;40m:[0;30;5;40;100m8[0;35;5;40;100mS[0;32;5;40;100mX[0;30;5;40;100m@SX[0;31;5;40;100mS[0;30;5;40;100m8S[0;37;5;40;100mS[0;1;30;90;47m8[0;37;5;40;100mX[0;1;30;90;47m88[0;37;5;40;100mS[0;1;30;90;47m8[0;36;5;40;100m [0;1;30;90;47m8[0m
[0;1;37;97;47m;;t;;;t;t;;;;;:::::;;ttt%%S%[0;37;5;47;107m8[0;1;37;97;47mt[0;37;5;47;107m888[0;1;37;97;47mS[0;37;5;47;107m8[0;1;37;97;47m%[0;37;5;47;107m8[0;1;37;97;47mS[0;37;5;47;107m888888[0;1;30;90;47m%[0;36;5;40;100m [0;37;5;40;100mX[0;35;5;40;100m.t[0;30;5;40;100m@[0;36;5;40;100m%[0;33;5;40;100m;[0;35;5;40;100m [0;36;5;40;100m;[0;33;5;40;100m [0;37;5;40;100m8XX@SXXX@@X@S[0;35;5;40;100m  ;[0;30;5;40;100mS[0;35;5;40;100m%[0;32;5;40;100mS[0;35;5;40;100m8[0;30;5;40;100m@X@@@[0;33;5;40;100mS[0;30;5;40;100m@[0;35;5;40;100m%[0;33;5;40;100m%[0;36;5;40;100m%[0;35;5;40;100mS[0;33;5;40;100mS[0;30;5;40;100m8XS[0;36;5;40;100m%[0;31;5;40;100mS[0;36;5;40;100mS[0;33;5;40;100mX[0;34;5;40;100mS[0;33;5;40;100mS[0;34;5;40;100mS[0;30;5;40;100mS[0;1;30;90;40m@[0;31;40mt[0;30;5;40;100m8[0;32;40mS[0;30;5;40;100mX@[0;36;5;40;100m%[0;31;5;40;100mS[0;34;5;40;100mS[0;32;5;40;100mX[0;35;5;40;100mX[0;36;5;40;100mS[0;31;5;40;100mS[0;30;5;40;100mX[0;1;30;90;40mXS8[0;30;5;40;100m8S[0;32;5;40;100mS[0;30;5;40;100m@[0;36;5;40;100mS[0;30;5;40;100m8[0;37;5;40;100m%[0;1;30;90;47m88[0;37;5;40;100mS[0;1;30;90;47m8888[0;37;5;40;100m@[0m
[0;1;37;97;47mt;t%tt%%%%%%%%;;;ttt%t%%SSS%%S%S[0;37;5;47;107m88[0;1;37;97;47mS[0;37;5;47;107m8[0;1;37;97;47m%[0;37;5;47;107m8888888[0;1;30;90;47m8[0;34;5;40;100m8[0;30;5;40;100m8[0;36;5;40;100m [0;37;5;40;100mXS[0;35;5;40;100m [0;37;5;40;100mX[0;35;5;40;100m [0;37;5;40;100m@@XXSX@@S[0;35;5;40;100m .t[0;30;5;40;100m@[0;34;5;40;100m%[0;33;5;40;100mt[0;35;5;40;100m  [0;33;5;40;100m%[0;36;5;40;100m. [0;37;5;40;100mX[0;36;5;40;100m  [0;37;5;40;100mX[0;36;5;40;100m [0;35;5;40;100m:[0;30;5;40;100m8[0;35;5;40;100m%[0;30;5;40;100m8[0;32;40mS[0;1;30;90;40m@[0;31;40mt[0;1;30;90;40m8[0;34;5;40;100mX[0;33;5;40;100mt[0;34;5;40;100mS[0;30;5;40;100mSS[0;36;5;40;100m;[0;31;5;40;100mX[0;34;5;40;100mS[0;32;5;40;100mS[0;35;5;40;100mX[0;32;5;40;100mX[0;35;5;40;100m%[0;32;5;40;100m%[0;36;5;40;100m;[0;35;5;40;100m%[0;32;5;40;100mS[0;30;5;40;100mX[0;1;30;90;40m8[0;34;40m:[0;1;30;90;40m@8[0;30;5;40;100m8@[0;31;5;40;100m%[0;36;5;40;100m8[0;31;5;40;100mX[0;36;5;40;100m@[0;31;5;40;100mX[0;34;5;40;100mS[0;30;5;40;100m8[0;1;30;90;40mS8X[0;30;5;40;100m88[0;36;5;40;100m [0;1;30;90;47mX8888[0;36;47m@[0;1;30;90;47mX%[0m
[0;1;37;97;47mXXS@XXXXSStX%Xt:;tt%%%%%%SSS[0;37;5;47;107m8[0;1;37;97;47mS[0;37;5;47;107m88[0;1;37;97;47m%[0;37;5;47;107m8[0;1;37;97;47m%[0;37;5;47;107m88[0;1;37;97;47m%[0;37;5;47;107m8[0;1;37;97;47mS[0;37;5;47;107m888X[0;1;37;97;47m [0;36;5;40;100m;[0;37;5;40;100m%%[0;36;5;40;100m [0;37;5;40;100m@XX@SS@8X[0;35;5;40;100m :[0;1;30;90;40m88[0;30;5;40;100mS[0;36;5;40;100m.[0;37;5;40;100mX8XSX[0;35;5;40;100m [0;37;5;40;100mSX@X8X[0;36;5;40;100m  [0;33;5;40;100m :%[0;36;5;40;100m%[0;35;5;40;100m@[0;36;5;40;100mS[0;1;30;90;40m8[0;32;40mt[0;35;5;40;100mt[0;33;5;40;100mt[0;36;5;40;100m.[0;33;5;40;100m :[0;30;5;40;100m8[0;36;5;40;100m%[0;31;5;40;100mS[0;32;5;40;100mS[0;30;5;40;100mS[0;31;5;40;100mS[0;32;5;40;100mS[0;35;5;40;100m8[0;32;5;40;100m8[0;34;5;40;100mS[0;31;5;40;100mX[0;34;5;40;100mS[0;33;5;40;100mS[0;34;5;40;100mX[0;33;5;40;100m@[0;30;5;40;100m8[0;1;30;90;40mX[0;34;40m;[0;32;40m;[0;30;5;40;100m8X[0;35;5;40;100m%[0;32;5;40;100m@[0;30;5;40;100mX%[0;35;5;40;100mt[0;30;5;40;100mXX[0;1;30;90;40m8[0;34;40m.[0;36;5;40;100mt[0;1;30;90;47mt[0;1;37;97;47m [0;1;30;90;47mt[0;1;37;97;47m     [0m
[0;1;37;97;47m%SXX@[0;37;5;47;107m88[0;1;37;97;47m8[0;37;5;47;107m8[0;1;37;97;47mS..ttt .tt::%%%;tS%%[0;37;5;47;107m8[0;1;37;97;47m%[0;37;5;47;107m8[0;1;37;97;47mS[0;37;5;47;107m88[0;1;37;97;47m%[0;37;5;47;107m8888888X[0;1;30;90;47m8[0;36;5;40;100m.[0;37;5;40;100m%SXSXS[0;35;5;40;100m  .;[0;32;5;40;100mS[0;35;5;40;100m.[0;30;5;40;100m88[0;37;5;40;100m@XXX[0;36;5;40;100m [0;37;5;40;100m@[0;36;5;40;100m [0;37;5;40;100m8X@[0;35;5;40;100m [0;37;5;40;100m8@SS%S[0;35;5;40;100m [0;33;5;40;100m [0;35;5;40;100m.%[0;32;5;40;100mS[0;31;5;40;100mX[0;32;5;40;100m%[0;35;5;40;100mS[0;33;5;40;100mS[0;30;5;40;100m@[0;36;5;40;100mX[0;30;5;40;100mS[0;36;5;40;100m%[0;31;5;40;100mS[0;1;30;90;40m8[0;34;40m;[0;32;40mt[0;35;5;40;100m@[0;1;30;90;40m@[0;30;5;40;100m@@[0;36;5;40;100mS[0;31;5;40;100m@[0;36;5;40;100mX[0;30;5;40;100m@[0;33;5;40;100m%[0;30;5;40;100m8[0;34;5;40;100mS[0;30;5;40;100mX[0;36;5;40;100m%[0;31;5;40;100mS[0;36;5;40;100mX[0;1;30;90;40m@[0;30;5;40;100m@[0;1;30;90;40mXSX[0;30;5;40;100m@X[0;32;5;40;100mX[0;35;5;40;100mX[0;30;5;40;100m@[0;33;5;40;100m%[0;1;30;90;40m8[0;35;5;40;100mt[0;1;37;97;47m  .    [0;1;30;90;47m%[0m
[0;1;37;97;47m;t;t%%XXX:[0;1;30;90;47mt88;8[0;36;5;40;100m.[0;1;37;97;47m  [0;36;47mX[0;1;30;90;47m88[0;1;36;96;47m%[0;1;37;97;47m  [0;1;30;90;47m88%[0;1;37;97;47m:t[0;37;5;47;107m8[0;1;37;97;47mS[0;37;5;47;107m8[0;1;37;97;47mSS[0;37;5;47;107m888888[0;1;37;97;47mS%.[0;1;30;90;47mt[0;37;5;40;100m%[0;36;5;40;100m [0;37;5;40;100m%[0;36;5;40;100m ;[0;35;5;40;100mS[0;32;5;40;100mS[0;35;5;40;100m: [0;1;30;90;40m8[0;37;5;40;100mX@8[0;35;5;40;100m  [0;37;5;40;100mX[0;35;5;40;100m [0;37;5;40;100m@SXXSXSSX@XXXS[0;35;5;40;100m [0;37;5;40;100mX[0;35;5;40;100m  [0;33;5;40;100m:%[0;34;5;40;100mX[0;33;5;40;100mS[0;34;5;40;100mX[0;33;5;40;100m@[0;34;5;40;100m8[0;33;5;40;100mX[0;34;5;40;100m8[0;30;5;40;100m@[0;34;5;40;100m@[0;32;5;40;100mS[0;35;5;40;100mS[0;32;5;40;100mX[0;30;5;40;100mXXX8[0;1;30;90;40m@[0;34;40mt[0;32;40m;[0;1;30;90;40m8[0;30;5;40;100m@8X[0;33;5;40;100mS[0;34;5;40;100mX[0;30;5;40;100mXS[0;31;5;40;100mX[0;36;5;40;100mS[0;31;5;40;100m@[0;36;5;40;100m@[0;31;5;40;100m@[0;30;5;40;100m8@[0;1;30;90;40m8[0;34;40mt[0;32;40mX[0;30;5;40;100m@8@[0;34;5;40;100mX[0;1;30;90;47mS[0;1;37;97;47m. [0;1;36;96;47mS[0;1;30;90;47m@[0;1;37;97;47m [0;36;47mX[0;1;30;90;47m%[0m
[0;1;37;97;47m::::tttt; [0;1;30;90;47m:8[0;36;5;40;100mX[0;35;5;40;100m [0;1;30;90;47m8[0;36;5;40;100m%[0;37;5;40;100mt[0;35;5;40;100m  %[0;36;5;40;100m [0;35;5;40;100m [0;1;30;90;47m8[0;37;5;40;100m%[0;36;5;40;100mt[0;34;5;40;100mX[0;36;5;40;100m. [0;1;30;90;47m8[0;1;37;97;47mt[0;37;5;47;107m888888[0;1;30;90;47m8[0;36;5;40;100mt:;::.. [0;34;5;40;100m8X[0;33;5;40;100m  [0;37;5;40;100mSS[0;35;5;40;100m [0;37;5;40;100mX[0;35;5;40;100m [0;37;5;40;100mX[0;35;5;40;100m [0;37;5;40;100m8@X[0;35;5;40;100m [0;37;5;40;100m8[0;35;5;40;100m [0;37;5;40;100m@[0;35;5;40;100m [0;37;5;40;100m@SSS[0;35;5;40;100m [0;37;5;40;100m@[0;35;5;40;100m  [0;37;5;40;100mX[0;35;5;40;100m     .;[0;30;5;40;100mS[0;33;5;40;100m%[0;34;5;40;100mX[0;33;5;40;100m@[0;30;5;40;100m8[0;35;5;40;100mt[0;30;5;40;100mX[0;31;5;40;100mS[0;30;5;40;100m@@S[0;32;5;40;100mS[0;35;5;40;100m8[0;30;5;40;100mX[0;36;5;40;100mt[0;31;5;40;100mS[0;36;5;40;100m@[0;31;5;40;100mX[0;36;5;40;100m%[0;31;5;40;100m8[0;30;5;40;100mX[0;34;5;40;100mX[0;1;30;90;40m8[0;30;5;40;100m8[0;34;40mt[0;31;40m%[0;30;5;40;100m@[0;1;30;90;40m8[0;30;5;40;100m88XX[0;36;5;40;100mX[0;30;5;40;100mX[0;35;5;40;100m%[0;32;5;40;100mX[0;35;5;40;100mX[0;30;5;40;100mS88[0;1;30;90;40m8[0;32;40mt[0;1;30;90;47m8[0;1;37;97;47m [0;1;30;90;47mt[0;1;37;97;47m   [0;1;30;90;47mX[0;1;37;97;47m [0m
[0;1;37;97;47m::..:;t:[0;1;30;90;47m:8[0;36;5;40;100m%[0;37;5;40;100mX8[0;35;5;40;100m  X[0;34;5;40;100m@[0;30;5;40;100m8[0;34;5;40;100m8[0;30;5;40;100m8[0;35;5;40;100mS;[0;34;5;40;100m8[0;30;5;40;100m8[0;35;5;40;100mX[0;34;5;40;100mS[0;37;5;40;100m@[0;36;5;40;100m. [0;37;5;47;107m8[0;1;37;97;47m%X[0;37;5;47;107m8[0;1;37;97;47mS[0;37;5;47;107m88[0;37;5;40;100mS[0;36;5;40;100m;[0;35;5;40;100m. [0;37;5;40;100mt[0;35;5;40;100m [0;37;5;40;100m%%[0;36;5;40;100m  [0;33;5;40;100m [0;37;5;40;100mX[0;36;5;40;100m [0;37;5;40;100mX%S[0;35;5;40;100m [0;37;5;40;100m@SX[0;35;5;40;100m [0;37;5;40;100mX[0;35;5;40;100m [0;37;5;40;100m8X@@@[0;35;5;40;100m  .%[0;33;5;40;100m;[0;35;5;40;100mt[0;1;30;90;40m8[0;35;5;40;100m :[0;36;5;40;100m  ;[0;35;5;40;100m:[0;30;5;40;100m@8[0;32;40m;[0;30;5;40;100m@[0;1;30;90;40m8@[0;30;5;40;100m@[0;34;5;40;100mS[0;33;5;40;100m@[0;36;5;40;100mX[0;30;5;40;100m@SS[0;34;5;40;100m@[0;31;5;40;100mX[0;32;5;40;100m@[0;35;5;40;100m@[0;30;5;40;100m8[0;32;5;40;100mX[0;30;5;40;100mXSS[0;36;5;40;100m@[0;30;5;40;100m8[0;33;5;40;100mX[0;34;5;40;100mX[0;33;5;40;100m@[0;30;5;40;100mXX[0;32;5;40;100mS[0;30;5;40;100m8[0;1;30;90;40m8[0;34;40m;[0;32;40mt[0;30;5;40;100m8[0;1;30;90;40mX[0;30;5;40;100mXSSX[0;32;5;40;100mS[0;30;5;40;100mSS[0;31;5;40;100mS[0;30;5;40;100m8[0;36;5;40;100m:[0;1;37;97;47m.  [0;1;36;96;47mS[0;1;30;90;47mX[0;1;37;97;47m [0;1;30;90;47m@[0m
[0;1;37;97;47m::.::::.[0;1;30;90;47mX[0;36;5;40;100m [0;1;30;90;47m8[0;35;5;40;100m.: .[0;1;30;90;40m88[0;31;40mX[0;1;30;90;40m8@@[0;30;5;40;100m@88[0;33;5;40;100m%[0;31;5;40;100mS[0;34;5;40;100mS[0;35;5;40;100m:[0;37;5;40;100m8[0;1;30;90;47mtS[0;1;37;97;47mt[0;37;5;47;107m8888[0;36;5;40;100m:[0;35;5;40;100m;[0;36;5;40;100m.[0;35;5;40;100m:[0;36;5;40;100m:[0;35;5;40;100m.[0;36;5;40;100m%[0;35;5;40;100m [0;37;5;40;100m@%S[0;36;5;40;100m [0;37;5;40;100m@[0;36;5;40;100m [0;37;5;40;100mS%S[0;35;5;40;100m [0;37;5;40;100mX[0;35;5;40;100m [0;37;5;40;100m@[0;35;5;40;100m  .;[0;36;5;40;100mt[0;35;5;40;100m%[0;36;5;40;100m%[0;35;5;40;100m:[0;36;5;40;100m.   .;[0;1;30;90;47mX[0;37;5;40;100mX[0;1;30;90;47m8[0;37;5;40;100mX[0;36;5;40;100m  .[0;35;5;40;100m;[0;1;30;90;40m8[0;33;5;40;100mt[0;35;5;40;100mS[0;1;30;90;40m8[0;30;5;40;100m8[0;1;30;90;40mX[0;34;40m.[0;1;30;90;40m8[0;35;5;40;100m:[0;36;5;40;100mt[0;33;5;40;100m%[0;30;5;40;100mSX8[0;32;5;40;100mX[0;35;5;40;100mX[0;30;5;40;100m@[0;35;5;40;100m%[0;32;5;40;100mX[0;31;5;40;100mX[0;30;5;40;100m@[0;35;5;40;100mS[0;30;5;40;100m8X@[0;36;5;40;100m%[0;30;5;40;100m@[0;35;5;40;100mX[0;30;5;40;100m@[0;36;5;40;100mt[0;31;5;40;100m@[0;30;5;40;100m8X8[0;1;30;90;40m@[0;31;40mt[0;30;5;40;100m@[0;1;30;90;40m88[0;30;5;40;100mX@X@[0;36;5;40;100mt[0;1;37;97;47m [0;1;30;90;47mSX[0;1;37;97;47m [0;1;30;90;47m8XS[0m
[0;1;37;97;47m.:;:.  [0;1;30;90;47m;8[0;34;5;40;100mS[0;30;5;40;100m8[0;1;30;90;40m8[0;30;5;40;100m88[0;1;30;90;40m@[0;31;40mX[0;1;30;90;40mX@[0;31;40mS[0;1;30;90;40m@[0;31;40mS[0;1;30;90;40m8[0;31;40m@[0;1;30;90;40m@@[0;31;40mt[0;32;40m%[0;31;40mS[0;30;5;40;100m8[0;34;5;40;100m8[0;35;5;40;100m [0;1;30;90;47mt[0;1;37;97;47m %[0;37;5;47;107m8[0;1;37;97;47m;[0;36;5;40;100m%[0;35;5;40;100m;[0;36;5;40;100m: [0;35;5;40;100m   [0;37;5;40;100m8[0;35;5;40;100m [0;37;5;40;100mS[0;35;5;40;100m  [0;36;5;40;100m  .[0;35;5;40;100m.[0;36;5;40;100m;[0;30;5;40;100m8[0;35;5;40;100m [0;36;5;40;100m  [0;37;5;40;100mS[0;1;30;90;40m@[0;36;5;40;100m%[0;35;5;40;100m [0;33;5;40;100m    [0;37;5;40;100mS[0;36;5;40;100m [0;37;5;40;100m8S[0;33;5;40;100m [0;35;5;40;100m  [0;37;5;40;100mX[0;35;5;40;100m  [0;37;5;40;100mS[0;36;5;40;100m  .[0;35;5;40;100m;[0;30;5;40;100m@[0;32;5;40;100mX[0;35;5;40;100mS[0;30;5;40;100m8[0;32;5;40;100m%[0;30;5;40;100m8[0;31;5;40;100mX[0;30;5;40;100mS[0;34;5;40;100mX[0;30;5;40;100mX[0;36;5;40;100m%[0;30;5;40;100mX8[0;34;40m.[0;1;30;90;40m@[0;30;5;40;100m8[0;32;40m%[0;1;30;90;40m8[0;30;5;40;100m@[0;31;5;40;100m8[0;30;5;40;100m8[0;31;5;40;100m8[0;30;5;40;100m@[0;31;5;40;100m8[0;30;5;40;100m8S[0;32;5;40;100m@[0;30;5;40;100mS@SSSS[0;34;5;40;100m%[0;32;5;40;100mX[0;30;5;40;100mXS[0;1;30;90;40m8[0;30;5;40;100m8[0;1;30;90;40mX[0;30;5;40;100m8[0;1;30;90;40mX[0;34;5;40;100m8[0;1;30;90;47m@%X8[0;1;36;96;47mS[0;1;30;90;47m88[0m
[0;1;30;90;47m8[0;1;37;97;47m    [0;1;30;90;47mt8[0;36;5;40;100mS[0;35;5;40;100m@[0;1;30;90;40m8[0;31;40mS[0;1;30;90;40m88[0;31;40m@[0;1;30;90;40m8[0;32;40m%[0;31;40mS[0;1;30;90;40m@[0;32;40mS[0;30;5;40;100m8[0;31;40m%[0;1;30;90;40m88@88[0;31;40m%[0;1;30;90;40mX[0;31;40m;[0;1;30;90;40m8[0;35;5;40;100m%[0;36;5;40;100m%[0;1;37;97;47m %[0;37;5;47;107m8[0;1;37;97;47m [0;36;5;40;100mt[0;35;5;40;100m;[0;36;5;40;100mt[0;35;5;40;100m%[0;36;5;40;100m;[0;35;5;40;100m:[0;34;5;40;100mX[0;35;5;40;100m .[0;30;5;40;100m8[0;36;5;40;100m%[0;35;5;40;100m:[0;36;5;40;100m [0;37;5;40;100m@8X[0;30;5;40;100mXX[0;37;5;40;100mS[0;36;5;40;100m [0;37;5;40;100m%[0;35;5;40;100m  [0;37;5;40;100mXSXSXXSS[0;36;5;40;100m [0;37;5;40;100mX[0;35;5;40;100m [0;37;5;40;100m@X[0;35;5;40;100m [0;37;5;40;100m8S[0;35;5;40;100m [0;37;5;40;100m%[0;35;5;40;100m [0;33;5;40;100m.%[0;34;5;40;100mS[0;30;5;40;100m@[0;32;5;40;100mS[0;31;5;40;100mS[0;30;5;40;100mX[0;34;5;40;100m%[0;32;5;40;100m@[0;30;5;40;100mS[0;32;5;40;100m%[0;34;5;40;100mX[0;30;5;40;100mX[0;31;5;40;100m%[0;30;5;40;100mX@X[0;33;5;40;100m%[0;34;5;40;100m8[0;30;5;40;100m8[0;31;40m@[0;33;5;40;100m%[0;37;5;40;100mX[0;33;5;40;100m  :[0;1;30;90;41mX[0;1;30;90;40m8[0;30;5;40;100m@X[0;34;5;40;100mS[0;32;5;40;100mS[0;30;5;40;100mS[0;34;5;40;100mS[0;30;5;40;100mXXXSS[0;34;5;40;100mS[0;30;5;40;100mXXS@8[0;1;30;90;47m@tS@@[0;1;37;97;47m [0;1;30;90;47mX[0m
[0;33;5;40;100m.[0;1;30;90;47mX[0;1;37;97;47m [0;1;30;90;47m%[0;36;5;40;100m:[0;30;5;40;100m8[0;1;30;90;40m@X[0;31;40m%[0;1;30;90;40m88[0;31;40mS[0;1;30;90;40m@[0;32;40m%[0;31;40mS[0;1;30;90;40m8X[0;31;40m%[0;1;30;90;40mX[0;31;40mt[0;1;30;90;40m@[0;32;40mS[0;1;30;90;40m8[0;31;40m@[0;1;30;90;40m8@@@[0;32;40m%[0;30;5;40;100m8[0;31;40m;[0;1;30;90;40m8[0;35;5;40;100m [0;1;37;97;47m t [0;34;5;40;100m@[0;36;5;40;100m.[0;35;5;40;100m:[0;36;5;40;100m;[0;35;5;40;100m [0;36;5;40;100m [0;35;5;40;100m  .[0;30;5;40;100m8[0;35;5;40;100m [0;37;5;40;100mS[0;36;5;40;100m     [0;37;5;40;100mX[0;36;5;40;100m [0;37;5;40;100m@[0;36;5;40;100m [0;37;5;40;100m@S[0;35;5;40;100m [0;37;5;40;100mX[0;35;5;40;100m [0;37;5;40;100mS[0;35;5;40;100m [0;37;5;40;100mS[0;35;5;40;100m [0;37;5;40;100mXX[0;35;5;40;100m [0;37;5;40;100m@[0;35;5;40;100m [0;37;5;40;100m@X[0;35;5;40;100m [0;37;5;40;100mX[0;35;5;40;100m   ;[0;30;5;40;100mS[0;33;5;40;100mX[0;30;5;40;100mX[0;31;5;40;100mS[0;34;5;40;100mS[0;30;5;40;100mX[0;31;5;40;100mS[0;30;5;40;100m@[0;35;5;40;100mS[0;30;5;40;100m8[0;32;5;40;100mS[0;30;5;40;100m@@[0;36;5;40;100mt[0;31;5;40;100mX[0;30;5;40;100mS@SS[0;34;5;40;100mS[0;1;30;90;41m%[0;33;5;40;100m [0;1;30;90;47m;%[0;33;5;40;100m.[0;1;30;90;41m8[0;34;40m%[0;1;30;90;40m@8[0;31;40mS[0;1;30;90;40m8[0;31;40mt[0;1;30;90;40m8[0;30;5;40;100m888@XX[0;31;5;40;100mS[0;30;5;40;100mXXX8[0;37;5;40;100mX[0;1;37;97;47m    [0;1;30;90;47mX[0;1;37;97;47m [0m
[0;33;5;40;100m [0;37;5;40;100m8[0;1;30;90;47m8[0;36;5;40;100mt[0;1;30;90;40m8@[0;31;40m@[0;1;30;90;40m8[0;32;40mS[0;31;40m@[0;32;40m@[0;1;30;90;40m@[0;31;40mS[0;1;30;90;40mX[0;32;40mt[0;31;40m%[0;1;30;90;40mX[0;32;40m%[0;31;40mX[0;32;40mS[0;31;40m%[0;1;30;90;40m@[0;30;5;40;100m8[0;1;30;90;40m@8[0;31;40m%[0;1;30;90;40m@[0;31;40mt[0;1;30;90;40m8[0;31;40m@[0;30;5;40;100m88S[0;37;5;40;100mS[0;1;37;97;47mS[0;1;30;90;47m@[0;36;5;40;100m%[0;35;5;40;100m.[0;36;5;40;100m:[0;35;5;40;100m;[0;36;5;40;100m .[0;35;5;40;100m:[0;37;5;40;100mS[0;36;5;40;100m [0;35;5;40;100m  [0;36;5;40;100m [0;37;5;40;100mX[0;36;5;40;100m [0;37;5;40;100mX[0;36;5;40;100m [0;37;5;40;100mS[0;36;5;40;100m [0;37;5;40;100mS[0;36;5;40;100m [0;37;5;40;100mX[0;35;5;40;100m [0;37;5;40;100mS[0;35;5;40;100m [0;37;5;40;100mX[0;35;5;40;100m [0;37;5;40;100mX[0;35;5;40;100m [0;37;5;40;100mX[0;35;5;40;100m [0;37;5;40;100mS[0;35;5;40;100m [0;37;5;40;100m@[0;35;5;40;100m [0;37;5;40;100mX[0;35;5;40;100m  [0;37;5;40;100m@[0;35;5;40;100m    [0;33;5;40;100m:[0;35;5;40;100mS[0;30;5;40;100m@SS[0;32;5;40;100mX[0;30;5;40;100mX[0;32;5;40;100mS[0;30;5;40;100mXX[0;34;5;40;100mS[0;30;5;40;100mXS8XS[0;36;5;40;100mX[0;30;5;40;100m8[0;31;5;40;100mS[0;30;5;40;100mX@[0;32;5;40;100mS[0;1;30;90;41mX[0;33;5;40;100m [0;1;30;90;47m8[0;1;30;90;41m@[0;33;5;40;100mS[0;30;5;40;100m@[0;31;5;40;100mS[0;32;5;40;100mS[0;34;5;40;100m@[0;30;5;40;100mX@@@@[0;1;30;90;40m@@[0;30;5;40;100m8[0;1;30;90;40mX[0;32;40mt[0;1;30;90;40m8@[0;30;5;40;100m8[0;1;30;90;40m8[0;36;5;40;100mt[0;1;30;90;47m%SXS[0;1;37;97;47m [0;1;30;90;47m@[0m
[0;33;5;40;100m  [0;35;5;40;100m%[0;1;30;90;40mX[0;31;40m@[0;1;30;90;40m88[0;31;40mX[0;1;30;90;40m8@[0;31;40mS[0;32;40mt[0;1;30;90;40mS[0;31;40mS[0;1;30;90;40mX[0;32;40mt[0;1;30;90;40mX8XX[0;31;40mt[0;1;30;90;40m@888[0;32;40mt[0;31;40mS[0;1;30;90;40mX8[0;30;5;40;100m@[0;1;30;90;40m8[0;33;5;40;100mS[0;35;5;40;100mX[0;37;5;40;100m8[0;1;37;97;47m [0;36;5;40;100m%[0;30;5;40;100m@[0;35;5;40;100mt[0;1;30;90;40m8[0;33;5;40;100m [0;36;5;40;100m     [0;37;5;40;100m%[0;36;5;40;100m     [0;37;5;40;100mX[0;36;5;40;100m [0;37;5;40;100mS[0;36;5;40;100m [0;37;5;40;100mX[0;35;5;40;100m   [0;37;5;40;100mS[0;35;5;40;100m     [0;36;5;40;100m.;;SSS%X@@S@8[0;1;30;90;40m8[0;32;5;40;100mX[0;30;5;40;100m8@[0;1;30;90;40m8[0;30;5;40;100m88@X[0;33;5;40;100mS.[0;35;5;40;100m [0;36;5;40;100m [0;30;5;40;100mS[0;33;5;40;100m%[0;30;5;40;100m8[0;31;5;40;100mX[0;30;5;40;100mS[0;32;5;40;100mS[0;30;5;40;100m@XXX[0;1;30;90;41m8[0;33;5;40;100mX[0;31;5;40;100m8[0;30;5;40;100m8X@@XSXXXXXSXSXX8@[0;34;40m;[0;36;5;40;100m:[0;1;30;90;47mt%[0;1;37;97;47m [0;36;47mX[0;1;30;90;47m@%[0m
[0;33;5;40;100mS[0;30;5;40;100mS@[0;1;30;90;40m@88[0;30;5;40;100mX[0;1;30;90;40m8[0;31;40mX[0;32;40mX[0;31;40mX[0;1;30;90;40m@XX[0;31;40mt%t[0;1;30;90;40mX[0;31;40m%[0;32;40mt[0;31;40mt[0;1;30;90;40m@[0;31;40m%[0;1;30;90;40m8[0;31;40mS[0;32;40m%[0;1;30;90;40m8[0;31;40m%[0;32;5;40;100mX[0;34;5;40;100m8[0;36;5;40;100m%[0;34;5;40;100m8[0;36;5;40;100m8[0;31;40m%[0;1;30;90;40m88[0;31;40mS[0;1;30;90;40m88[0;30;5;40;100mX[0;33;5;40;100mS[0;36;5;40;100mt[0;35;5;40;100m.[0;36;5;40;100m    :;;t%%%SXSSS@XX[0;1;30;90;46m8[0;36;5;40;100mX[0;1;30;90;46m888[0;36;5;40;100m@[0;1;30;90;46m8[0;36;5;40;100mX[0;1;30;90;46m8[0;36;5;40;100mX@[0;1;30;90;46m8[0;36;5;40;100m888[0;1;30;90;46m8@SX[0;36;5;40;100m8[0;1;30;90;46mX[0;36;5;40;100m8[0;30;5;40;100m@[0;34;40m%[0;32;40m%[0;34;5;40;100mS[0;30;5;40;100m@X[0;1;30;90;40mX8[0;34;5;40;100mX[0;30;5;40;100m8[0;32;5;40;100mX[0;1;30;90;40m88[0;30;5;40;100m888X[0;31;5;40;100m8[0;1;30;90;41m@[0;30;5;40;100m88[0;34;5;40;100mX[0;30;5;40;100m8SXXXXXX@XXXXX@X@[0;34;5;40;100mX[0;1;30;90;47m:[0;1;37;97;47m.    [0m
[0;31;40m%[0;1;30;90;40m8[0;31;40m%[0;32;40mt[0;31;40mS[0;1;30;90;40m8[0;31;40m@[0;32;5;40;100m8[0;31;40mX[0;1;30;90;40m8X[0;31;40mS[0;1;30;90;40m@[0;31;40m%[0;1;30;90;40m@X8[0;31;40m%[0;32;40m%[0;1;30;90;40m8[0;31;40mt[0;32;40m;;[0;31;40mt[0;1;30;90;40m88[0;31;40m%[0;33;5;40;100m%[0;36;5;40;100mS%[0;35;5;40;100m%[0;36;5;40;100m@[0;30;5;40;100m8[0;34;40m;[0;31;40m%[0;1;30;90;40m8[0;32;40mS[0;31;40mS[0;32;40mS[0;31;40mX[0;1;30;90;40m8[0;30;5;40;100mX[0;36;5;40;100m %[0;1;30;90;46m8[0;36;5;40;100m;X[0;1;30;90;46m888888888888888888[0;36;5;40;100mt[0;1;30;90;46m8888888[0;36;5;40;100mX[0;1;30;90;46m8[0;36;5;40;100m888888[0;32;5;40;100mS[0;1;30;90;46mt[0;36;5;40;100m8[0;32;5;40;100m8[0;1;30;90;40m88[0;36;5;40;100m8[0;30;5;40;100mX[0;34;5;40;100mS[0;32;40m%[0;30;5;40;100mX[0;1;30;90;46m:[0;36;5;40;100m8[0;1;30;90;46m%[0;36;5;40;100m8[0;1;30;90;40m8[0;30;5;40;100m@88[0;1;30;90;40m8[0;36;5;40;100mS[0;30;5;40;100m8[0;1;30;90;40m8888[0;30;5;40;100m8[0;1;30;90;40m@888[0;30;5;40;100m88888888@@[0;1;30;90;40m8@[0;1;30;90;47m;@[0;37;5;40;100mX[0;1;37;97;47m  [0;1;30;90;47m;[0m
[0;31;40mt[0;32;40m@[0;1;30;90;40m8[0;31;40mS[0;32;40mS[0;1;30;90;40m8[0;30;5;40;100m@[0;31;40m@[0;32;5;40;100m8[0;31;40mS[0;1;30;90;40m8@[0;32;40mt[0;1;30;90;40m8[0;31;40mS[0;32;40mX[0;30;5;40;100m8[0;1;30;90;40m@X[0;31;5;40;100m8[0;30;5;40;100m8[0;1;30;90;40mS[0;31;40m.[0;1;30;90;40m@[0;30;5;40;100m@[0;31;40mS[0;32;40m%[0;1;30;90;40m@8[0;34;40m@[0;30;5;40;100mX[0;34;40m@[0;1;30;90;40m8[0;32;40mt[0;1;30;90;40mX8[0;31;40mt[0;1;30;90;40m8[0;32;40mt[0;1;30;90;40m@[0;32;40m.[0;30;5;40;100m8[0;36;5;40;100mS[0;1;30;90;46m88[0;36;5;40;100mS[0;1;30;90;46m8888888[0;37;46m8[0;1;30;90;46m8888[0;37;46m8[0;1;30;90;46m888[0;37;46m8[0;1;30;90;46m88[0;1;30;90;47m@[0;36;5;40;100m [0;1;30;90;47mX[0;1;30;90;46m88[0;36;5;40;100m.:[0;1;30;90;47mS@%S[0;37;5;40;100m8[0;1;30;90;47m8[0;36;5;40;100m:SS%tXSt@Xt;[0;34;5;40;100mS[0;32;40m8[0;36;5;40;100mX8[0;32;5;40;100mS[0;36;5;40;100m8888[0;32;5;40;100mS[0;36;5;40;100m8[0;34;5;40;100mS[0;36;5;40;100m8[0;32;5;40;100m@[0;34;5;40;100mS[0;32;5;40;100m8[0;30;5;40;100m@[0;32;5;40;100mS[0;30;5;40;100mX888[0;36;5;40;100m8[0;36;42m8[0;36;5;40;100m8[0;32;5;40;100mS[0;1;30;90;46m.[0;1;30;90;40m8[0;1;30;90;46m%[0;32;5;40;100m8[0;1;30;90;40m8[0;30;5;40;100m8@[0;1;30;90;40m8[0;37;5;40;100mX[0;1;30;90;47m.@S;[0;1;37;97;47m [0m
[0;33;5;40;100m :t[0;36;5;40;100m.[0;35;5;40;100mt[0;33;5;40;100m [0;37;5;40;100m%[0;36;5;40;100m [0;35;5;40;100m.[0;1;30;90;40m@[0;33;5;40;100mt[0;1;30;90;40m8[0;31;40mX[0;32;40mS[0;30;5;40;100m8[0;31;40m8[0;1;30;90;40m8[0;31;5;40;100m8[0;32;40m%[0;31;40m@[0;1;30;90;40m88[0;32;40m.[0;31;40m@[0;32;40mX[0;1;30;90;40mX[0;31;40mX[0;30;5;40;100m8[0;1;30;90;40mX8[0;30;5;40;100m8[0;32;40mt[0;31;40m%t[0;32;40m%[0;31;40mt[0;32;40mt[0;1;30;90;40mX[0;31;40m;[0;1;30;90;40m8[0;33;5;40;100m [0;1;30;90;40m@X[0;1;30;90;46m88[0;36;5;40;100m%[0;1;30;90;46m888[0;37;46m8[0;1;30;90;46m88888[0;36;47m8[0;1;30;90;46m8888[0;37;46m8[0;1;30;90;46m88888[0;36;5;40;100m [0;1;30;90;46m888[0;1;30;90;47m.[0;36;47m8[0;1;30;90;47m;@::88X[0;36;5;40;100mX....::;:.;:X[0;30;5;40;100m@[0;36;5;40;100m:tt%8[0;32;5;40;100mS[0;34;46m8[0;32;5;40;100m@S[0;34;5;40;100mX[0;36;5;40;100m8[0;1;30;90;42m8[0;1;30;90;46m:[0;32;5;40;100mS[0;34;46m8[0;1;30;90;42m8[0;1;30;90;46m;[0;32;5;40;100mX[0;1;30;90;46m:[0;1;30;90;40m8[0;36;5;40;100m8[0;32;40m8[0;36;5;40;100m8[0;1;30;90;40m8[0;1;30;90;46mt[0;32;40m8[0;36;5;40;100m8[0;1;30;90;40m8[0;30;5;40;100m8888[0;1;30;90;40m8[0;30;5;40;100m88[0;34;5;40;100m8[0;1;30;90;40m8[0m
[0;33;5;40;100m [0;36;5;40;100m   [0;33;5;40;100m%[0;32;5;40;100mS[0;35;5;40;100m;[0;33;5;40;100m:[0;30;5;40;100mS[0;34;40m;[0;33;5;40;100m [0;37;5;40;100m8[0;33;5;40;100mt[0;37;5;40;100mS@[0;1;30;90;47m8[0;33;5;40;100m. [0;1;30;90;47m@[0;37;5;40;100m8[0;33;5;40;100m:[0;1;30;90;40m8[0;31;40m;[0;33;5;40;100m [0;31;5;40;100mS[0;30;5;40;100mX8X[0;1;30;90;40m8[0;30;5;40;100m8[0;1;30;90;40mX[0;31;40m;[0;32;40m;[0;30;5;40;100m8[0;33;5;40;100m.t[0;35;5;40;100mS[0;33;5;40;100m;. [0;37;5;40;100m8[0;33;5;40;100m: [0;36;5;40;100m t[0;1;30;90;46m8[0;36;5;40;100m [0;37;46m8[0;36;5;40;100m;[0;1;30;90;46m8[0;36;5;40;100m [0;1;30;90;46m8[0;1;30;90;47m@[0;1;30;90;46m8[0;36;5;40;100m:[0;1;30;90;46m8[0;36;5;40;100m:[0;1;30;90;46m8[0;36;5;40;100m [0;1;30;90;46m8[0;36;5;40;100m:[0;1;30;90;46m8[0;36;5;40;100m.[0;1;30;90;46m8[0;36;5;40;100m.[0;1;30;90;46m8[0;36;5;40;100mt[0;1;30;90;46m8[0;36;5;40;100m;[0;1;30;90;46m8[0;1;30;90;47mSX[0;36;47m8[0;1;30;90;47mX88[0;37;5;40;100m8[0;1;30;90;46m8[0;1;30;90;47mS[0;1;30;90;46m8[0;1;30;90;47m8[0;1;30;90;46m8[0;36;47m8[0;1;30;90;46m8[0;1;30;90;47m8[0;1;30;90;46m8[0;1;30;90;47m8[0;1;30;90;46m8[0;1;30;90;47m8[0;1;30;90;46m8[0;37;5;40;100m8[0;34;5;40;100mX[0;30;5;40;100m8[0;36;5;40;100m:.[0;1;30;90;46m8[0;37;5;40;100mX[0;36;5;40;100mX@8[0;30;5;40;100mX[0;36;5;40;100m8[0;30;5;40;100m8[0;32;5;40;100mS[0;1;30;90;44m8[0;1;30;90;42m8[0;1;30;90;44m8[0;1;30;90;42m8[0;1;30;90;46mt[0;1;30;90;40m8[0;36;5;40;100m8[0;32;40m8[0;36;5;40;100m888[0;30;42m8[0;1;30;90;46m%[0;32;5;40;100m@[0;36;5;40;100m8[0;32;5;40;100mS[0;34;40m8[0;30;5;40;100m@8[0;1;30;90;40m8[0;30;5;40;100m8[0;32;40m%[0;31;40mt[0;1;30;90;40mX8[0;30;5;40;100mX[0m
[0;1;30;90;40mSX[0;32;40m;[0;34;40m;[0;1;30;90;40m8[0;33;5;40;100m8[0;32;5;40;100mS[0;33;5;40;100m;t[0;1;30;90;40m8[0;1;30;90;47mX[0;33;5;40;100m .[0;1;30;90;47mt8[0;37;5;40;100m8[0;33;5;40;100m.;;  [0;1;30;90;40m8@[0;37;5;40;100m8[0;34;40m@[0;32;40m;[0;34;40m:;[0;32;40mt[0;30;5;40;100m8[0;34;40mt[0;32;40m:[0;1;30;90;40mX[0;33;5;40;100m [0;1;30;90;47m;[0;33;5;40;100m [0;37;5;40;100m8[0;1;30;90;47mS@@8[0;37;5;40;100m88X[0;36;5;40;100m [0;37;5;40;100m8[0;1;30;90;47mS[0;1;30;90;46m8[0;1;30;90;47m:[0;36;47m8[0;1;30;90;47m.[0;37;46m8[0;1;30;90;47m;[0;36;47m@[0;1;30;90;47m [0;36;47m@[0;1;30;90;47m [0;36;47m8[0;1;30;90;47m [0;36;47m@[0;1;30;90;47m.:[0;36;47m8[0;1;30;90;47m [0;36;47m8[0;1;30;90;47m:[0;36;5;40;100m:[0;1;30;90;47m [0;36;47m8[0;1;30;90;47m;[0;1;30;90;46m8[0;1;30;90;47mS@[0;1;30;90;46m8[0;1;30;90;47m:@[0;1;30;90;46m8[0;1;30;90;47m%[0;1;30;90;46m8[0;36;5;40;100m [0;1;30;90;46m8[0;1;30;90;47m8[0;1;30;90;46m8[0;37;5;40;100mX[0;1;30;90;46m8[0;36;5;40;100m.[0;1;30;90;46m8[0;36;5;40;100m [0;1;30;90;46m8[0;1;30;90;47m8[0;1;30;90;46m8[0;36;5;40;100m@%[0;1;30;90;47m8[0;1;30;90;46m8[0;1;30;90;47m8[0;1;30;90;46m8[0;36;5;40;100m :S@%[0;30;5;40;100mX[0;36;5;40;100m888[0;36;42m8[0;34;5;40;100m8[0;1;30;90;42m8[0;34;5;40;100mS[0;1;30;90;42m8[0;36;5;40;100m8[0;1;30;90;40m8[0;32;5;40;100mS[0;34;46m8[0;36;5;40;100m8[0;1;30;90;40m8[0;1;30;90;46m:[0;1;30;90;40m8[0;1;30;90;46m.[0;32;5;40;100m8[0;1;30;90;40m@[0;30;5;40;100m88[0;1;30;90;40m88[0;32;40m%[0;31;5;40;100mX[0;30;5;40;100m@[0;1;30;90;40m8[0m
[0;33;5;40;100m    .[0;35;5;40;100mS[0;31;5;40;100mS[0;30;5;40;100m88[0;1;30;90;40m88[0;30;5;40;100mX[0;31;40m@[0;33;5;40;100m8[0;30;5;40;100mX[0;33;5;40;100m8. [0;1;30;90;47mS@[0;37;5;40;100m8[0;32;40m%[0;1;30;90;40m8[0;37;5;40;100mX[0;33;5;40;100m [0;32;5;40;100mS[0;31;5;40;100m@[0;33;5;40;100m  :: [0;37;5;40;100mS8[0;1;30;90;47mS[0;33;5;40;100m [0;37;5;40;100m8[0;1;30;90;47mS@@@@8@[0;33;5;40;100m [0;37;5;40;100mSX8[0;33;5;40;100m [0;36;5;40;100m     . :.[0;36;47m8[0;36;5;40;100m.[0;1;30;90;46m8[0;1;30;90;47m%[0;1;30;90;46m8[0;1;30;90;47m%[0;1;30;90;46m8[0;1;30;90;47mt[0;1;30;90;46m8[0;1;30;90;47m;[0;37;46m8[0;1;30;90;47m@[0;36;47m8[0;1;30;90;46m8[0;1;30;90;47m%X[0;1;30;90;46m8[0;1;30;90;47m;[0;37;5;40;100m8[0;1;30;90;46m8[0;1;30;90;47mX[0;1;30;90;46m8[0;37;5;40;100m@[0;1;30;90;46m8[0;37;5;40;100mS[0;1;30;90;46m8[0;37;5;40;100mS[0;1;30;90;46m8[0;1;30;90;47m8[0;1;30;90;46m8[0;36;5;40;100m [0;1;30;90;46m8[0;37;5;40;100mX[0;36;5;40;100m88;:[0;1;30;90;46m8[0;37;5;40;100mS[0;1;30;90;46m8[0;36;5;40;100m t;tStt[0;34;5;40;100m@[0;32;40mS[0;1;30;90;40m8[0;34;40mX[0;32;40m8[0;34;40m8[0;1;30;90;40m8[0;32;40m@[0;34;40m@[0;32;40m8[0;30;5;40;100m8[0;32;40m@[0;1;30;90;40m@[0;32;40mS[0;34;40m%[0;1;30;90;40mX[0;31;40mt[0;1;30;90;40mX[0;32;40mt[0;31;40mS[0;1;30;90;40m8[0;31;40m;[0;1;30;90;40m@[0;32;5;40;100mX[0;31;40m@[0m
[0;33;5;40;100m. [0;37;5;40;100m@[0;33;5;40;100m  .. .:%%;[0;32;5;40;100mS[0;31;5;40;100mX[0;30;5;40;100m@[0;33;5;40;100m8[0;30;5;40;100m@[0;1;30;90;40m8[0;32;5;40;100mS[0;31;5;40;100mX[0;32;40m:[0;1;30;90;40m@[0;33;5;40;100mt [0;30;5;40;100m@[0;33;5;40;100m;[0;37;5;40;100m8@[0;33;5;40;100m:[0;37;5;40;100mS[0;33;5;40;100m    :tt%;t;.[0;1;30;90;47mX[0;33;5;40;100m.[0;37;5;40;100m88[0;1;30;90;47m888[0;37;5;40;100m8[0;1;30;90;47m888888[0;37;5;40;100m8@[0;1;30;90;47m8[0;37;5;40;100m8SXS@[0;36;5;40;100m   [0;37;5;40;100m8[0;36;5;40;100m:[0;37;5;40;100m88[0;1;30;90;46m8[0;1;30;90;47m8[0;36;5;40;100m;[0;1;30;90;46m8[0;1;30;90;47mX[0;1;30;90;46m8[0;1;30;90;47m8[0;1;30;90;46m8[0;36;5;40;100m;[0;1;30;90;46m8[0;36;5;40;100m:[0;1;30;90;46m8[0;36;5;40;100m;[0;1;30;90;46m8[0;36;5;40;100mS[0;1;30;90;46m8[0;36;5;40;100m.[0;1;30;90;46m8[0;36;5;40;100m;S[0;34;5;40;100m8[0;1;30;90;46m8[0;36;5;40;100m.[0;1;30;90;46m8[0;36;5;40;100m.[0;1;30;90;46m8[0;36;5;40;100m [0;1;30;90;46m8[0;36;5;40;100m.%[0;34;5;40;100mX[0;36;5;40;100m%%8[0;1;30;90;40m@8[0;30;5;40;100m8[0;36;5;40;100mX@8[0;34;5;40;100mS[0;36;5;40;100mXSXS@XS@[0;1;30;90;40m8[0;30;5;40;100m@S[0;36;5;40;100m8[0;30;5;40;100mX[0;36;5;40;100mX[0;30;5;40;100mX[0;36;5;40;100mt;[0m
[0;33;5;40;100m..;:;;;;tt%[0;35;5;40;100m%[0;31;5;40;100mSS[0;33;5;40;100mX[0;30;5;40;100mX[0;31;5;40;100m@[0;33;5;40;100m8[0;31;5;40;100m8[0;30;5;40;100m@X[0;31;5;40;100mX[0;32;5;40;100mS[0;31;5;40;100mS[0;33;5;40;100m@[0;30;5;40;100m@[0;33;5;40;100mt. :[0;37;5;40;100m@88[0;1;30;90;47m@8[0;37;5;40;100m8[0;1;30;90;47m8888XSSS[0;33;5;40;100m:[0;1;30;90;47mt[0;33;5;40;100m [0;1;30;90;47mt[0;33;5;40;100m.[0;1;30;90;47m;[0;33;5;40;100m [0;1;30;90;47m;[0;33;5;40;100m.[0;1;30;90;47mS[0;33;5;40;100m [0;1;30;90;47m@[0;33;5;40;100m [0;37;5;40;100m8[0;33;5;40;100m [0;37;5;40;100m8[0;33;5;40;100m [0;1;30;90;47mX[0;33;5;40;100m [0;1;30;90;47mS[0;37;5;40;100m88@[0;1;30;90;47m@[0;37;5;40;100m8[0;1;30;90;47m8[0;37;5;40;100m@888[0;1;30;90;47m8[0;37;5;40;100m8888888XS[0;35;5;40;100m [0;37;5;40;100mS[0;35;5;40;100m [0;37;5;40;100mt[0;36;5;40;100m [0;37;5;40;100m%[0;36;5;40;100m.:[0;34;5;40;100m@[0;36;5;40;100m ..: ::tt[0;34;5;40;100mS[0;36;5;40;100m%%[0;30;5;40;100mS[0;36;5;40;100m%[0;30;5;40;100mX8[0;36;5;40;100mS[0;34;5;40;100mS[0;32;5;40;100mX[0;36;5;40;100m8[0;30;5;40;100mX[0;36;5;40;100m@[0;34;5;40;100m@[0;36;5;40;100m@[0;34;5;40;100m@[0;30;5;40;100mS[0;36;5;40;100m8[0;34;5;40;100mX[0;36;5;40;100m888[0;30;5;40;100mS[0;36;5;40;100m88[0;1;30;90;40m8[0;36;5;40;100mX@[0m
[0;33;5;40;100m  :%%%ttt[0;35;5;40;100m%[0;33;5;40;100m8[0;30;5;40;100m@[0;33;5;40;100m@[0;36;5;40;100mt[0;33;5;40;100m     ;;:  [0;37;5;40;100mX8[0;1;30;90;47m8X[0;33;5;40;100m [0;37;5;40;100m88[0;33;5;40;100m% :t[0;1;30;90;47mX@[0;33;5;40;100m [0;1;30;90;47mS[0;33;5;40;100m;[0;1;30;90;47m8[0;33;5;40;100m.[0;33;47mX[0;1;30;90;47mt[0;37;5;40;100m8[0;1;30;90;47m [0;33;47mX[0;1;30;90;47m.:[0;33;47m8[0;1;30;90;47m:[0;33;47m8[0;1;30;90;47mtt[0;33;47m@[0;1;30;90;47m;;t%[0;37;5;40;100m8[0;1;30;90;47mtS%[0;33;5;40;100m:[0;1;30;90;47m:[0;33;5;40;100m [0;1;30;90;47mSSX@XXX@@XXXXX8XSt;;tttt;@[0;33;5;40;100m;[0;1;30;90;47m@XS@8@X8[0;37;5;40;100mX[0;31;5;40;100mX[0;33;5;40;100m.[0;37;5;40;100m8[0;33;5;40;100m [0;37;5;40;100m8[0;33;5;40;100m [0;1;30;90;47m8[0;33;5;40;100mt  . .%88tt;;;;.::[0;30;5;40;100mX[0;33;5;40;100m.:[0m
[0;33;5;40;100m:...:::[0;35;5;40;100m;[0;33;5;40;100m%%[0;35;5;40;100m;[0;33;5;40;100m%;%;;:.;.[0;1;30;90;47m8[0;33;5;40;100mt[0;1;30;90;47m8[0;33;5;40;100m:[0;1;30;90;47m8[0;1;30;90;43m8[0;37;5;40;100mS[0;1;30;90;47m8[0;37;5;40;100m8[0;33;5;40;100m;[0;1;30;90;47mX[0;33;5;40;100m [0;33;47mX[0;1;30;90;47m@8[0;1;30;90;43m8[0;1;30;90;47m8[0;33;47m8[0;1;30;90;47m8X[0;33;47m8[0;1;30;90;47m%X[0;33;47m8[0;33;5;40;100m:[0;1;30;90;47m8[0;33;5;40;100m.[0;33;47m8[0;1;30;90;47m8@@8[0;33;47m8[0;1;30;90;47m88[0;33;47m8[0;33;5;40;100m [0;33;47m8[0;1;30;90;47m8[0;37;43m8[0;1;30;90;47m8[0;1;30;90;43m8[0;1;30;90;47m@[0;33;47m8[0;37;5;40;100m@[0;33;47m8[0;33;5;40;100mt.t%S[0;31;5;40;100mS[0;33;5;40;100mX@[0;31;5;40;100m@[0;33;5;40;100m8[0;31;5;40;100m@[0;33;5;40;100m@[0;31;5;40;100m@[0;33;5;40;100mX[0;31;5;40;100mS[0;33;5;40;100m%[0;31;5;40;100mS[0;35;5;40;100m;[0;33;5;40;100mS[0;35;5;40;100mX[0;33;5;40;100m@[0;31;5;40;100mSS[0;35;5;40;100m%[0;33;5;40;100m@[0;31;5;40;100mS[0;33;5;40;100mt[0;31;5;40;100mS[0;33;5;40;100m%[0;35;5;40;100m%[0;31;5;40;100mX[0;30;5;40;100m@88[0;31;5;40;100mS[0;33;5;40;100m@[0;30;5;40;100m8[0;33;5;40;100mSXX@X[0;31;5;40;100mX[0;33;5;40;100mXSSSSS[0;31;5;40;100mS@[0;30;5;40;100m8[0;31;5;40;100mS[0;33;5;40;100mS%[0;35;5;40;100m%[0;33;5;40;100m@%t%[0;31;5;40;100mS[0;33;5;40;100mS%t[0m
[0;33;5;40;100m;....::;:;;:[0;35;5;40;100m;[0;33;5;40;100m;.::.:%@[0;31;5;40;100m@[0;33;5;40;100m8[0;31;5;40;100m8@XX@[0;33;5;40;100m8[0;30;5;40;100m8[0;33;5;40;100m8@S[0;31;5;40;100mXX[0;33;5;40;100m8[0;31;5;40;100m8@X[0;33;5;40;100m8[0;31;5;40;100m@[0;33;5;40;100m@X[0;35;5;40;100mt[0;33;5;40;100m8St%%@8[0;31;5;40;100mX[0;33;5;40;100m%S%:tSSt; :..[0;1;30;90;47m8[0;33;5;40;100m..;;: [0;1;30;90;47m8[0;37;5;40;100m@[0;1;30;90;47m8[0;37;5;40;100m@8XXSX[0;33;5;40;100m [0;1;30;90;47m8[0;33;5;40;100m [0;37;5;40;100m8[0;33;5;40;100m:[0;37;5;40;100mX[0;33;5;40;100m [0;37;5;40;100m8[0;33;5;40;100m;  [0;37;5;40;100m@[0;33;5;40;100m  [0;37;5;40;100m8[0;33;5;40;100m.[0;37;5;40;100m8[0;33;5;40;100m.[0;37;5;40;100m8[0;33;5;40;100m:[0;37;5;40;100mS[0;31;5;40;100mS[0;33;5;40;100m:[0;35;5;40;100m   [0;33;5;40;100m             .:        [0m
[0;33;5;40;100m:.;:.. ..:.;t;:..:..  ...:tttt[0;35;5;40;100mt[0;31;5;40;100m@[0;30;5;40;100m8X[0;1;30;90;40m8[0;32;40mtt;;[0;31;40mt[0;1;30;90;40m8@[0;31;5;40;100m8[0;30;5;40;100m@[0;31;5;40;100mS[0;33;5;40;100mX[0;35;5;40;100m%[0;33;5;40;100m; [0;35;5;40;100m [0;1;30;90;47m8[0;33;5;40;100m.[0;37;5;40;100mS[0;33;5;40;100m [0;1;30;90;47m8[0;33;5;40;100m [0;1;30;90;47m8[0;33;5;40;100m:[0;37;5;40;100mt[0;1;30;90;47m888@[0;33;47m@[0;1;30;90;47m88[0;33;47m8[0;1;30;90;47m88888[0;33;5;40;100m.[0;1;30;90;47m8[0;33;5;40;100m.[0;1;30;90;47m8[0;33;5;40;100m.[0;1;30;90;47m8[0;33;5;40;100m.[0;1;30;90;47m8[0;37;5;40;100m8[0;1;30;90;47m88888@X8X@8[0;33;5;40;100m:[0;1;30;90;47mS[0;1;30;90;43m8[0;1;30;90;47m8[0;33;5;40;100mt.[0;37;43m8[0;33;5;40;100m.  %[0;35;5;40;100m;[0;33;5;40;100m [0;37;5;40;100m@[0;33;5;40;100m:[0;1;30;90;47m8[0;1;30;90;43m8[0;1;30;90;47m8[0;33;5;40;100m;[0;1;30;90;47m8[0;1;30;90;43m8[0;1;30;90;47m8[0;33;5;40;100m;[0;1;30;90;47m8[0;1;30;90;43m8[0;1;30;90;47m8[0;33;5;40;100mt .[0;37;5;40;100m8[0;1;30;90;43m8[0;37;5;40;100m%[0;33;5;40;100m: ...:[0m
[0;33;5;40;100m.  .[0;1;30;90;47m8[0;1;30;90;43m8[0;37;5;40;100m;[0;33;5;40;100m....:...:....... [0;37;5;40;100m8[0;33;5;40;100m:    .  ;.  [0;37;5;40;100mS[0;33;5;40;100m  :::.  [0;37;5;40;100m@[0;33;5;40;100m:[0;37;5;40;100mS[0;33;5;40;100m:[0;1;30;90;47m8[0;37;5;40;100mX[0;1;30;90;47m8[0;33;47m8[0;37;5;40;100mt[0;1;30;90;47m8[0;33;47m8[0;1;30;90;47m88[0;33;5;40;100m:[0;33;47m8[0;33;5;40;100m.[0;1;30;90;47m8[0;33;5;40;100mt;:[0;37;5;40;100m%[0;33;5;40;100m.[0;37;43m8[0;37;5;40;100mt[0;1;30;90;47m8[0;1;30;90;43m8[0;1;30;90;47m8[0;37;5;40;100m@[0;1;30;90;47m8[0;1;30;90;43m8[0;1;30;90;47m8[0;37;5;40;100m8[0;1;30;90;43m8[0;1;30;90;47m8[0;33;5;40;100mt.[0;33;47m8[0;33;5;40;100m [0;33;47m8[0;33;5;40;100m [0;33;47m8[0;33;5;40;100m [0;33;47m8[0;37;5;40;100mX[0;33;47m8[0;1;30;90;47m8@@@8[0;33;47m@[0;1;30;90;47m8[0;37;5;40;100m%[0;1;30;90;47m8[0;33;47m8[0;1;30;90;47m8[0;33;5;40;100mXS:t[0;1;30;90;43m8[0;35;5;40;100m.[0;33;5;40;100m:ttt[0;35;5;40;100m:[0;1;30;90;43m8[0;33;5;40;100m.t:t:[0;1;30;90;43m8[0;37;5;40;100mS[0;1;30;90;43m8[0;35;5;40;100m [0;33;5;40;100m.[0;1;30;90;43m8[0;1;30;90;47m8[0;1;30;90;43m8[0;37;5;40;100mS[0;1;30;90;43m8[0;37;5;40;100m%[0m
[0;33;5;40;100m::.[0;1;30;90;43m8[0;35;5;40;100m [0;33;5;40;100m .........  [0;33;47m8[0;33;5;40;100m: [0;37;43m8[0;33;5;40;100m  [0;1;30;90;43m8[0;37;5;40;100m%[0;33;5;40;100m.[0;1;30;90;47m8[0;33;5;40;100m:[0;37;5;40;100m@[0;33;5;40;100m.[0;37;5;40;100m8[0;33;5;40;100m:[0;37;5;40;100m8[0;33;5;40;100m:[0;1;30;90;47m8[0;33;5;40;100m:[0;37;5;40;100m8[0;33;5;40;100m:[0;37;5;40;100m8[0;33;5;40;100m.[0;37;5;40;100m8[0;33;5;40;100m: [0;37;5;40;100m8[0;33;5;40;100m.[0;1;30;90;47m8[0;1;30;90;43m8[0;37;5;40;100m%[0;33;5;40;100m.[0;33;47m8[0;33;5;40;100m;[0;1;30;90;43m8[0;37;5;40;100m;t[0;1;30;90;47m8[0;1;30;90;43m8[0;35;5;40;100m [0;33;5;40;100m..[0;1;30;90;47m8[0;33;5;40;100m.[0;1;30;90;47m8[0;1;30;90;43m8[0;1;30;90;47mX88[0;33;47m@[0;1;30;90;47m88[0;33;5;40;100m.[0;1;30;90;47m8[0;37;5;40;100mS[0;33;5;40;100m.[0;33;47m8[0;33;5;40;100m [0;1;30;90;47m8[0;33;5;40;100m.[0;1;30;90;47m@88[0;33;47m8[0;1;30;90;47m888[0;37;5;40;100mX[0;1;30;90;47m8[0;37;5;40;100mS[0;1;30;90;47m8[0;33;5;40;100m;[0;1;30;90;47m8[0;33;5;40;100mt[0;1;30;90;47m8[0;1;30;90;43m8[0;1;30;90;47m8[0;33;47m8[0;1;30;90;47m88X[0;33;47mX[0;1;30;90;47mSX%[0;33;5;40;100m.[0;35;5;40;100m;[0;1;30;90;47m;@88[0;33;47m@[0;1;30;90;47m88[0;33;47m8[0;35;47m8[0;1;30;90;47m8[0;33;47m@[0;1;30;90;47m88[0;33;47m8[0;1;30;90;47m88[0;33;5;40;100m.[0;1;30;90;47m8[0;37;5;40;100mt[0;1;30;90;47m8[0;33;5;40;100mt;[0;35;5;40;100m.[0;33;5;40;100m. :[0m
