[0;1;37;97;47m@8888[0;37;5;47;107m8[0;1;37;97;47m@[0;37;5;47;107m88[0;1;37;97;47m8[0;37;5;47;107m8[0;1;37;97;47m8[0;37;5;47;107m8888@88@8@@@@@@XXXX@@@@@@@@@@@@@XXXXX@@X@X@@@X@@@@@@@88888[0;1;37;97;47mX[0;37;5;47;107m88[0;1;37;97;47mS@@XXXXXXXXSX[0;37;5;47;107m8[0;1;37;97;47mX@@[0;37;5;47;107m8[0;1;37;97;47mS[0;37;5;47;107m8[0;1;37;97;47mX@@@@@[0;37;5;47;107m8[0;1;37;97;47m8[0;37;5;47;107m8[0;1;37;97;47m8[0;37;5;47;107m88[0;1;37;97;47m8[0;37;5;47;107m8[0;1;37;97;47m88[0;37;5;47;107m8[0;1;37;97;47m@8888@XXXXSXXX@XXXXX[0m
[0;1;37;97;47m88[0;37;5;47;107m8888888888888888888@@@@@XXXXSXXXXX@X@XXX@X@X@@XX@X@X@@@@@@@@@@8888888888[0;1;37;97;47mX[0;37;5;47;107m88[0;1;37;97;47m@[0;37;5;47;107m8[0;1;37;97;47mX[0;37;5;47;107m8[0;1;37;97;47mSXX[0;37;5;47;107m8[0;1;37;97;47mS[0;37;5;47;107m8[0;1;37;97;47mX[0;37;5;47;107m8[0;1;37;97;47mXXXX@@@@@@@[0;37;5;47;107m8[0;1;37;97;47m8[0;37;5;47;107m88[0;1;37;97;47m@8@8@XXXXXXXSSSXXXXXXXXSSS[0m
[0;37;5;47;107m8888888888888@X@@888@@@@@X@XSSXSXXXXXXXXXXX@@@@@@X@XX@X@@@@@@8888888888888888888[0;1;37;97;47mS[0;37;5;47;107m88[0;1;37;97;47mSX[0;37;5;47;107m8[0;1;37;97;47mX[0;37;5;47;107m8[0;1;37;97;47mX[0;37;5;47;107m8[0;1;37;97;47mS[0;37;5;47;107m8[0;1;37;97;47mSXXX@[0;37;5;47;107m88[0;1;37;97;47m@[0;37;5;47;107m88[0;1;37;97;47m@@8@XSSSS%SSSSSSSSSSSSSSSSSX[0m
[0;37;5;47;107m88@88888@@@@@XXS@X@@@X@XXXSXXSSSSXSXSXSSSXX@@@@XXXXX@XXX@@@@88888888@@@8@@X@88888[0;1;37;97;47mX[0;37;5;47;107m88[0;1;37;97;47mS[0;37;5;47;107m88[0;1;37;97;47mX[0;37;5;47;107m8[0;1;37;97;47mS[0;37;5;47;107m8[0;1;37;97;47m%[0;37;5;47;107m8[0;1;37;97;47mSX[0;37;5;47;107m8[0;1;37;97;47mX[0;37;5;47;107m8[0;1;37;97;47mX[0;37;5;47;107m88[0;1;37;97;47mS@XXXXXXSSSS%S%SSXSXXS%SSX@@X[0m
[0;37;5;47;107m@XXX@@XXXXXXX@XXXXXXXXXXXXSSXXXSXXSSXXXSSSXXX@@@XXXXXX@@@@8888888@@XXXXXXXXX888888888[0;1;37;97;47mS[0;37;5;47;107m8888[0;1;37;97;47mS[0;37;5;47;107m8[0;1;37;97;47mS[0;37;5;47;107m888[0;1;37;97;47m@[0;37;5;47;107m8[0;1;37;97;47mX[0;37;5;47;107m8[0;1;37;97;47mX@@@@@@XSSSSS%%SSSSSSSSXX@@@8@[0m
[0;37;5;47;107m@@@XXSXSSSSXXSXX@X@XXX@@@XXXXXXXXXXXXXXSSXXXXXXXXXSSSSX@@88888888XXXXX@@@@@@XXXX@888888888888[0;1;37;97;47mS[0;37;5;47;107m8[0;1;37;97;47mX[0;37;5;47;107m8[0;1;37;97;47mS[0;37;5;47;107m8[0;1;37;97;47mS[0;37;5;47;107m8[0;1;37;97;47mXX@XXSXSS%%%%%%%SSSSXX@@8@@XX[0m
[0;37;5;47;107m@@XXSSSXSSXSXXX@@X@X@@@@@@@X@X@X@XSX@XXSSXXXSXXXXSXXXXX@88888888@SX@XX@@@8@SXXSS@@88888888[0;1;37;97;47mS[0;37;5;47;107m888[0;1;37;97;47mS[0;37;5;47;107m888[0;1;37;97;47mX[0;37;5;47;107m8[0;1;37;97;47m%@XXXSS%%%%%%%%%%S%SSX@@@@XXSS[0m
[0;37;5;47;107m@@XXXX@XX@XX@@@@@@@@@88@8@@@@@@@@@XXX@XXSSXXXXXXXX@@@8888888888@XX@XXXSSXXX@@@@SXX@8888[0;1;37;97;47mS[0;37;5;47;107m8888[0;1;37;97;47mS[0;37;5;47;107m888[0;1;37;97;47mS[0;37;5;47;107m8[0;1;37;97;47mXX[0;37;5;47;107m8[0;1;37;97;47mSXSS%%%%%%%%%%SSSXSXXX@XXSSSS[0m
[0;37;5;47;107m@@8@888888888888888888888@@@8@88@@@X@XX@XXXX8@@@@8888888888888@X@XSSXS%S@@XSSXX@X@88888888888888[0;1;37;97;47mS[0;37;5;47;107m8[0;1;37;97;47mSXSSSS%%%%%%%SSSSXXSXXXXSSSSXXSS[0m
[0;37;5;47;107m8888888888888888[0;1;37;97;47m8[0;37;5;47;107m88888888@@@88888@@@@X@X@X@@888@888888888888@X%%%%tt;:..::: .;t:;::;t%SSXX@8888[0;1;37;97;47mS[0;37;5;47;107m8[0;1;37;97;47mt[0;37;5;47;107m8[0;1;37;97;47mtSSS%%%%%%%%S%SSSSSSXSSSXSXSX@X[0m
[0;1;37;97;47m8[0;37;5;47;107m8[0;1;37;97;47m8[0;37;5;47;107m8[0;1;37;97;47m8[0;37;5;47;107m8[0;1;37;97;47m8[0;37;5;47;107m88888[0;1;37;97;47m8[0;37;5;47;107m8[0;1;37;97;47m8[0;37;5;47;107m8[0;1;37;97;47m8[0;37;5;47;107m8[0;1;37;97;47m8[0;37;5;47;107m88888888@8@8@88@888@@@@888888[0;36;47m@[0;35;5;40;100m:[0;1;30;90;47m8[0;35;5;40;100m:[0;37;5;40;100m8[0;35;5;40;100m.[0;37;5;40;100m8[0;35;5;40;100m:[0;37;5;40;100m@[0;35;5;40;100m [0;1;30;90;47m8[0;37;5;40;100m@[0;1;30;90;47m8[0;37;5;40;100m8[0;1;30;90;47m888[0;37;5;40;100m8[0;1;30;90;47m88888888888888888888888888[0;37;5;40;100m@@[0;1;30;90;47mX[0;37;5;47;107m8[0;1;37;97;47mt[0;37;5;47;107m8[0;1;37;97;47m;XSXSSS%%%t%%%SSSSSSXXXXXXXXX@@@[0m
[0;1;37;97;47m8888[0;37;5;47;107m8[0;1;37;97;47m@[0;37;5;47;107m8[0;1;37;97;47m@888[0;37;5;47;107m8[0;1;37;97;47m8[0;37;5;47;107m8[0;1;37;97;47m88[0;37;5;47;107m8[0;1;37;97;47m8[0;37;5;47;107m88[0;1;37;97;47m8[0;37;5;47;107m8888888888888888888@8888888[0;1;30;90;47m8[0;35;5;40;100mS [0;1;30;90;47m8[0;35;5;40;100m%[0;1;30;90;43m8[0;37;45m8[0;33;5;40;100m;[0;35;5;40;100m [0;35;47m8[0;1;30;90;43m8[0;1;30;90;45m8[0;33;5;40;100m.[0;37;5;40;100m:[0;1;30;90;45m8[0;1;30;90;43m8[0;1;30;90;45m8[0;37;5;40;100m;[0;35;5;40;100m:[0;1;30;90;45m8[0;1;30;90;43m8[0;37;45m8[0;33;5;40;100m:[0;35;5;40;100m.[0;1;30;90;45m8[0;1;30;90;43m8[0;1;30;90;45m8[0;33;5;40;100m:[0;35;5;40;100m:.[0;1;30;90;45m8[0;1;30;90;43m8[0;1;30;90;45m8[0;33;5;40;100m.[0;35;5;40;100m.[0;1;30;90;45m8[0;1;30;90;47m8[0;35;5;40;100m; [0;1;30;90;47m8[0;1;30;90;45m8[0;33;5;40;100m.[0;35;5;40;100m [0;37;5;40;100mt[0;1;30;90;45m8[0;33;5;40;100m [0;1;30;90;47mX[0;37;5;47;107m88[0;1;37;97;47m;[0;37;5;47;107m8[0;1;37;97;47m%[0;37;5;47;107m8[0;1;37;97;47mtS%%tt%%SS[0;37;5;47;107m8[0;1;37;97;47m%SXS[0;37;5;47;107m8[0;1;37;97;47mS[0;37;5;47;107m8[0;1;37;97;47mS@@@@@[0;37;5;47;107m8[0;1;37;97;47m@[0;37;5;47;107m8[0;1;37;97;47m@[0;37;5;47;107m8[0m
[0;1;37;97;47m@88@@88[0;37;5;47;107m8[0;1;37;97;47m8[0;37;5;47;107m8[0;1;37;97;47m8[0;37;5;47;107m8[0;1;37;97;47m8[0;37;5;47;107m88[0;1;37;97;47m8[0;37;5;47;107m888[0;1;37;97;47m8[0;37;5;47;107m88[0;1;37;97;47m8[0;37;5;47;107m8888888888888888888888[0;1;36;96;47mS[0;37;5;47;107m8[0;1;37;97;47mt[0;37;5;40;100m8[0;33;5;40;100mt[0;33;5;41;101mt[0;1;30;90;43m8[0;37;5;41;101m8[0;1;30;90;43m8[0;33;5;41;101m%[0;1;30;90;47m8[0;33;5;41;101mt[0;1;30;90;43m8[0;1;31;91;47m8[0;1;30;90;43m8[0;37;5;41;101m8[0;37;43m8[0;33;5;41;101mt[0;1;30;90;47m8[0;1;31;91;43m8[0;33;47m8[0;33;5;41;101mt[0;33;47m@[0;1;31;91;43m8[0;1;30;90;47m8[0;33;5;41;101mt[0;33;47m8[0;33;5;41;101mS[0;1;30;90;47m8[0;1;31;91;43m8[0;33;47m8[0;33;5;41;101m;[0;33;47m8[0;33;5;41;101m%[0;1;30;90;47m8[0;1;31;91;43m8[0;33;47m8[0;33;5;41;101m;[0;33;47m8[0;33;5;41;101m@[0;33;47m8[0;33;5;41;101mS[0;33;5;40;100m.[0;1;31;91;43m8[0;33;47m8[0;33;5;41;101m%[0;1;30;90;47m8[0;1;31;91;43m8[0;1;30;90;43m8[0;35;47m8[0;1;37;97;47m8S[0;37;5;47;107m8[0;1;37;97;47m%[0;37;5;47;107m8[0;1;37;97;47m;SSSSS[0;37;5;47;107m8[0;1;37;97;47mS[0;37;5;47;107m8[0;1;37;97;47mS[0;37;5;47;107m8[0;1;37;97;47mt[0;37;5;47;107m8[0;1;37;97;47mS[0;37;5;47;107m8[0;1;37;97;47m%XXS@@@[0;37;5;47;107m8[0;1;37;97;47m@[0;37;5;47;107m8[0;1;37;97;47mX[0;37;5;47;107m8[0;1;37;97;47mS[0;37;5;47;107m8[0;1;37;97;47mS[0m
[0;1;37;97;47m@@8888@88[0;37;5;47;107m8[0;1;37;97;47m88[0;37;5;47;107m8[0;1;36;96;47mS[0;37;5;47;107m888888888[0;1;36;96;47mS[0;37;5;47;107m8888[0;1;36;96;5;47;107m8[0;37;5;47;107m8888888@8[0;1;37;97;47m@[0;37;5;47;107m8[0;1;36;96;47mS[0;37;5;47;107m88[0;1;37;97;47mX[0;37;5;47;107m888[0;1;37;97;47mt[0;35;47m8[0;1;30;90;43m8[0;1;30;90;47m8[0;33;5;41;101mX[0;1;30;90;47m8[0;33;5;40;100m [0;33;47m8[0;1;31;91;43m8[0;1;30;90;47m8[0;1;30;90;43m8[0;1;31;91;47m8[0;33;47m8[0;1;31;91;43m8[0;1;30;90;47m8[0;37;43m8[0;1;30;90;43m8[0;35;47m8[0;1;31;91;43m8[0;1;30;90;47m8[0;33;47m8[0;1;30;90;45m8[0;37;43mX[0;33;47m8[0;1;30;90;43m8[0;1;30;90;47m8[0;33;5;41;101mX[0;1;30;90;47m8[0;1;30;90;43m8[0;1;30;90;47m8[0;1;31;91;43m8[0;1;30;90;47m8[0;1;30;90;43m8[0;35;47m8[0;1;31;91;43m8[0;1;30;90;47m8[0;1;30;90;43m8[0;1;30;90;47m8[0;33;5;41;101m8[0;1;30;90;47m8[0;37;43m8[0;1;30;90;45m8[0;37;43m8[0;35;5;40;100m [0;33;5;41;101m%[0;1;30;90;47m8[0;1;31;91;43m8[0;37;5;40;100mt[0;37;5;47;107mX[0;1;37;97;47mX%[0;37;5;47;107m8[0;1;37;97;47mt[0;37;5;47;107m8[0;1;37;97;47mS[0;37;5;47;107m8[0;1;37;97;47m%[0;37;5;47;107m8[0;1;37;97;47mS[0;37;5;47;107m88[0;1;37;97;47mS[0;37;5;47;107m8[0;1;37;97;47m%[0;37;5;47;107m8[0;1;37;97;47mtSSXX@[0;37;5;47;107m8[0;1;37;97;47m@[0;37;5;47;107m8[0;1;37;97;47mX@[0;37;5;47;107m8[0;1;37;97;47mX[0;37;5;47;107m8[0;1;36;96;47mS[0;37;5;47;107m8[0;1;37;97;47m%@[0m
[0;1;37;97;47m@@@@@@888@[0;37;5;47;107m8[0;1;37;97;47m8[0;37;5;47;107m8888[0;1;37;97;47m8[0;37;5;47;107m8888[0;1;36;96;5;47;107m8[0;37;5;47;107m888[0;1;37;97;47mS[0;37;5;47;107m8[0;1;37;97;47mS[0;37;5;47;107m8888888[0;37;46mX[0;1;30;90;46m8[0;1;37;97;47m:[0;37;5;47;107m8[0;1;37;97;47mS[0;37;5;47;107m8[0;1;37;97;47mt[0;37;5;47;107m8[0;1;37;97;47mS[0;37;5;47;107m8[0;1;37;97;47mt[0;37;5;47;107m8[0;1;37;97;47mt[0;35;5;40;100m [0;35;5;41;101mS[0;1;30;90;47m8[0;1;30;90;43m8[0;37;5;41;101m8[0;37;43m8[0;35;5;41;101mX[0;1;30;90;47m8[0;1;31;91;43m8[0;1;30;90;47m8[0;33;5;41;101m@[0;1;30;90;47m8[0;35;5;40;100m [0;33;5;41;101m;[0;1;30;90;47m8[0;37;5;41;101m8[0;33;47m8[0;1;30;90;47m8[0;33;5;41;101mS[0;1;30;90;47m8[0;33;5;41;101m;[0;1;30;90;47m8[0;33;5;41;101m%[0;1;30;90;47m8[0;33;5;41;101mS[0;1;30;90;47m@[0;1;31;91;43m8[0;35;47m8[0;1;31;91;43m8[0;1;30;90;47m8[0;33;5;41;101mS[0;1;30;90;47m8[0;1;31;91;43m8[0;1;30;90;47m8[0;33;5;41;101m@[0;1;30;90;47m8[0;33;5;41;101m8[0;1;30;90;47m8[0;1;31;91;43m8[0;1;30;90;47m8[0;33;5;41;101m%[0;1;30;90;47m8[0;1;31;91;43m8[0;1;30;90;47m8[0;33;5;40;100m.[0;33;47m8[0;1;31;91;45m8[0;37;5;47;107m88[0;1;37;97;47mS[0;37;5;47;107m88[0;1;37;97;47mS[0;37;5;47;107m888[0;1;37;97;47mS[0;37;5;47;107m8[0;1;37;97;47mS[0;37;5;47;107m8[0;1;37;97;47m%[0;37;5;47;107m8[0;1;37;97;47m%S[0;37;5;47;107m8[0;1;37;97;47m%X[0;37;5;47;107m8[0;1;37;97;47mX[0;37;5;47;107m8[0;1;37;97;47m@[0;37;5;47;107m8[0;1;37;97;47mX[0;37;5;47;107m8[0;1;37;97;47mX@@X[0;37;5;47;107m8[0;1;37;97;47mtXS[0m
[0;1;37;97;47mXXX@XXX@@88[0;37;5;47;107m888[0;1;37;97;47mX[0;37;5;47;107m88[0;1;36;96;47mS[0;37;5;47;107m8[0;1;37;97;47m@Xt[0;37;5;47;107m8[0;1;37;97;47mt[0;37;5;47;107m8[0;1;37;97;47m%X[0;37;5;47;107m8[0;1;37;97;47m%[0;37;5;47;107m8888[0;1;36;96;5;47;107m8[0;1;37;97;47m [0;1;30;90;44mX[0;1;30;90;40m8[0;37;5;40;100mX[0;37;5;47;107m888[0;1;37;97;47mt[0;37;5;47;107m8[0;1;36;96;47m%[0;37;5;47;107m8888[0;37;5;40;100m@[0;1;30;90;43m8[0;33;47m8[0;35;5;41;101mX[0;1;30;90;47m8[0;1;30;90;43m8[0;33;47m8[0;1;30;90;43m8[0;35;47m8[0;1;31;91;43m8[0;1;30;90;47m8[0;33;5;41;101mS[0;1;30;90;47m8[0;33;47m8[0;1;31;91;43m8[0;1;30;90;47m8[0;33;5;41;101mX[0;1;30;90;47m8[0;1;30;90;43m8[0;33;47m88[0;1;30;90;43m8[0;1;30;90;47m8[0;33;5;41;101m%[0;1;30;90;47m%[0;1;30;90;43m8[0;1;30;90;47m8[0;33;5;41;101m%[0;1;30;90;47m8[0;33;47m8[0;1;30;90;47m8[0;33;5;41;101mX[0;1;30;90;47m8[0;37;43m8[0;37;5;40;100m;[0;33;5;41;101mS[0;1;30;90;47m8[0;33;5;40;100m:[0;1;31;91;47m8[0;1;30;90;43m8[0;1;30;90;47m8[0;33;5;41;101mX[0;1;30;90;47m8[0;1;30;90;43m8[0;37;5;41;101m8[0;1;30;90;43m8[0;1;30;90;47m8[0;1;37;97;47m:[0;37;5;47;107m888888[0;1;37;97;47m%[0;37;5;47;107m8[0;1;37;97;47mS[0;37;5;47;107m8[0;1;37;97;47mSS[0;37;5;47;107m8[0;1;37;97;47m;[0;37;5;47;107m8[0;1;37;97;47mt%XXS[0;37;5;47;107m8[0;1;37;97;47mS[0;37;5;47;107m8[0;1;37;97;47mX@SXXS%t%%%[0m
[0;1;37;97;47mXXSSSSXX@88[0;37;5;47;107m8[0;1;36;96;47mS[0;37;5;47;107m88[0;1;36;96;47mS[0;37;5;47;107m88[0;1;37;97;47mS[0;37;5;47;107m8[0;1;37;97;47mS[0;37;5;47;107m8[0;1;37;97;47mt[0;37;5;47;107m8[0;1;37;97;47mt[0;37;5;47;107m8[0;1;37;97;47mS[0;37;5;47;107m88[0;1;37;97;47mX[0;37;5;47;107m8888[0;36;5;40;100m@[0;31;40mt[0;1;30;90;40m8[0;34;5;40;100m8[0;1;37;97;47mS[0;37;5;47;107m8[0;1;37;97;47m%S%[0;37;5;47;107m8[0;1;37;97;47m;[0;37;5;47;107m88[0;1;37;97;47m.[0;35;5;40;100m.[0;37;5;41;101m8[0;33;5;40;100m;[0;37;43m8[0;33;5;41;101mX[0;1;30;90;47m8[0;33;5;41;101mS[0;1;30;90;47m8[0;33;5;41;101mS[0;1;30;90;47m8[0;1;30;90;43m8[0;1;30;90;47m8[0;33;5;41;101m%[0;1;30;90;47m8[0;1;30;90;43m8[0;1;31;91;47m8[0;33;5;40;100m.[0;33;5;41;101mt[0;1;30;90;47m8[0;33;5;41;101m%[0;1;30;90;47m8[0;37;5;41;101m8[0;33;47m8[0;1;30;90;47m8[0;1;31;91;43m8[0;1;30;90;47m8[0;1;31;91;47m8[0;33;47m8[0;1;30;90;43m8[0;35;5;41;101mt[0;1;30;90;47m@[0;33;47m8[0;1;31;91;43m8[0;35;47m8[0;33;47m8[0;37;5;40;100m:[0;33;5;41;101mt[0;1;30;90;47m8[0;1;30;90;43m8[0;37;5;41;101m8[0;33;5;40;100m.[0;33;47m8[0;33;5;41;101mX[0;1;30;90;47m8[0;1;30;90;43m8[0;1;31;91;47m8[0;1;30;90;43m8[0;1;37;97;47m%[0;37;5;47;107m@[0;1;37;97;47mS[0;37;5;47;107m8[0;1;37;97;47mS[0;37;5;47;107m8[0;1;37;97;47m%[0;37;5;47;107m8[0;1;37;97;47mS[0;37;5;47;107m8[0;1;37;97;47m%[0;37;5;47;107m8[0;1;37;97;47m%S[0;37;5;47;107m8[0;1;37;97;47mtX[0;37;5;47;107m8[0;1;37;97;47mS[0;37;5;47;107m8[0;1;37;97;47mX[0;37;5;47;107m8[0;1;37;97;47mX[0;37;5;47;107m88[0;1;37;97;47mX[0;37;5;47;107m8[0;1;36;96;47mS[0;1;37;97;47m%%%t%%t[0m
[0;1;30;90;47m;;t[0;1;37;97;47m:XXSX[0;1;36;96;47mS[0;37;5;47;107m8[0;1;37;97;47mS[0;37;5;47;107m88[0;1;37;97;47mS[0;37;5;47;107m88[0;1;37;97;47m;[0;37;5;47;107m8[0;1;37;97;47mtSX%[0;37;5;47;107m8[0;1;37;97;47mt[0;37;5;47;107m8[0;1;36;96;47mS[0;37;5;47;107m8[0;1;37;97;47mt[0;37;5;47;107m88888[0;36;47m8[0;30;44m8[0;30;5;40;100m8[0;32;40mX[0;1;30;90;40m8[0;1;37;97;47m;[0;37;5;47;107m88[0;1;37;97;47mS[0;37;5;47;107m888[0;1;37;97;47m;[0;37;5;47;107m88[0;35;5;40;100m;[0;1;30;90;43m8[0;37;5;41;101m8[0;37;5;40;100m%[0;37;43m8[0;35;5;41;101m@[0;1;30;90;47m@[0;1;30;90;43m8[0;1;30;90;47m8[0;33;5;41;101m%[0;1;30;90;47m8[0;1;31;91;43m8[0;1;30;90;47m8[0;33;5;41;101mS[0;1;30;90;47m8[0;37;43m8[0;33;47m8[0;1;30;90;47m8[0;1;31;91;43m8[0;1;30;90;47m8[0;37;43m8[0;37;5;41;101m8[0;1;30;90;43m8[0;1;31;91;47m8[0;1;30;90;47m8[0;33;5;41;101mt[0;1;30;90;47m8[0;1;31;91;43m8[0;1;30;90;47m8[0;33;47m8[0;1;31;91;43m8[0;1;30;90;47m88[0;33;5;41;101m%[0;1;30;90;47m8[0;1;31;91;43m8[0;1;30;90;47m8[0;1;31;91;43m8[0;1;30;90;47m8[0;1;31;91;43m8[0;1;30;90;47m8[0;33;5;41;101m@[0;1;30;90;47m8[0;1;31;91;43m8[0;35;47m8[0;1;30;90;43m8[0;35;5;41;101mX[0;1;37;97;47mt[0;37;5;47;107m88[0;1;37;97;47mS[0;37;5;47;107m8[0;1;37;97;47m%[0;37;5;47;107m8[0;1;37;97;47m%[0;37;5;47;107m8[0;1;37;97;47mt[0;37;5;47;107m8[0;1;37;97;47m%[0;37;5;47;107m8[0;1;37;97;47m%S[0;37;5;47;107m8[0;1;37;97;47m%X[0;37;5;47;107m8[0;1;37;97;47m%[0;37;5;47;107m8[0;1;37;97;47m%[0;37;5;47;107m8[0;1;37;97;47mS[0;37;5;47;107m8[0;1;37;97;47mS%%%t%[0;1;36;96;47m%[0;1;37;97;47mt%t[0m
[0;33;5;40;100m8[0;31;5;40;100mX[0;33;5;40;100mS[0;35;5;40;100m8:[0;37;5;40;100mX[0;1;30;90;47mt[0;1;37;97;47mt[0;37;5;47;107m8[0;1;37;97;47mtS%SS%%[0;37;5;47;107m8[0;1;37;97;47m:[0;37;5;47;107m8[0;1;37;97;47m%[0;37;5;47;107m8[0;1;36;96;47m%[0;37;5;47;107m8[0;1;37;97;47mt[0;37;5;47;107m8[0;1;37;97;47mt[0;37;5;47;107m88[0;1;37;97;47mS[0;37;5;47;107m8888[0;1;30;90;44m8[0;1;30;90;40m8[0;31;40mX[0;1;30;90;40m8[0;32;40m%[0;1;30;90;47mS[0;37;5;47;107m8[0;1;37;97;47mX[0;37;5;47;107m8[0;1;36;96;47mS[0;1;37;97;47m:[0;37;5;47;107m888[0;1;37;97;47m [0;1;30;90;45m8[0;33;47m8[0;1;31;91;43m8[0;1;30;90;47m8[0;1;31;91;43m8[0;1;30;90;47m8[0;1;31;91;43m8[0;1;30;90;47m8[0;33;5;41;101mS[0;1;30;90;47mS[0;37;43m8[0;1;30;90;47m8[0;37;43m8[0;1;30;90;47m8[0;33;5;41;101mt[0;1;30;90;47m8[0;33;5;41;101mt[0;1;30;90;47m8[0;33;47m8[0;35;41m8[0;31;5;40;100m888[0;1;30;90;41m8[0;31;5;40;100m8[0;32;5;40;100mX[0;1;30;90;41m@[0;31;5;40;100mS[0;1;30;90;43m8[0;35;47m8[0;33;47m8[0;33;5;41;101m%[0;1;30;90;47m8[0;1;30;90;43m8[0;33;47m8[0;35;47m8[0;1;31;91;43m8[0;1;30;90;47m8[0;1;31;91;47m8[0;1;30;90;47m8[0;1;31;91;43m8[0;1;30;90;47m8[0;37;5;40;100m:[0;33;47m8[0;33;5;41;101mX[0;1;30;90;47m8[0;1;30;90;43m8[0;1;37;97;47m [0;37;5;47;107m8[0;1;37;97;47mt[0;37;5;47;107m8[0;1;37;97;47mt[0;37;5;47;107m8[0;1;37;97;47m;SS[0;37;5;47;107m8[0;1;37;97;47m%[0;37;5;47;107m8[0;1;37;97;47m%[0;37;5;47;107m8[0;1;37;97;47mSS[0;37;5;47;107m8[0;1;37;97;47mSS[0;37;5;47;107m8[0;1;37;97;47m%[0;37;5;47;107m8[0;1;37;97;47mS[0;37;5;47;107m8[0;1;36;96;47m%[0;37;5;47;107m8[0;1;37;97;47mtS%%%%%tt[0m
[0;33;5;40;100m@@[0;1;30;90;41m8[0;31;43m8[0;33;5;40;100mS[0;31;5;40;100mXX[0;35;5;40;100mS [0;1;37;97;47m:[0;37;5;47;107m8[0;1;37;97;47m@[0;37;5;47;107m8[0;1;37;97;47m%[0;37;5;47;107m8[0;1;36;96;47m%[0;1;37;97;47m;[0;37;5;47;107m8[0;1;36;96;47m%[0;37;5;47;107m8[0;1;37;97;47m;[0;37;5;47;107m8[0;1;37;97;47m;[0;37;5;47;107m8[0;1;37;97;47m;[0;37;5;47;107m8[0;1;37;97;47m;[0;37;5;47;107m888[0;37;5;46;106m8[0;37;5;47;107m8[0;36;47m8[0;34;40m%[0;1;30;90;40m8[0;32;40m8[0;1;30;90;40m8[0;31;40m%[0;36;5;40;100m [0;37;5;47;107m@[0;1;37;97;47m%t[0;37;5;47;107m8[0;1;37;97;47m;;:[0;37;5;47;107m8[0;1;37;97;47m [0;37;5;40;100m:[0;37;5;41;101m8[0;1;30;90;47m8[0;33;5;41;101mX[0;1;30;90;47m8[0;37;43m8[0;35;47m8[0;1;31;91;43m8[0;1;30;90;47m@[0;1;31;91;43m8[0;1;30;90;47m8[0;33;5;41;101m:[0;1;30;90;47m8[0;33;5;41;101m%[0;1;30;90;47m%[0;37;43m8[0;1;30;90;47m8[0;33;5;41;101mt[0;33;47mX[0;33;5;40;100m@[0;30;5;40;100m8[0;34;5;40;100mX[0;30;5;40;100m8X@X[0;1;30;90;40m8[0;30;5;40;100m@[0;33;5;40;100m.[0;37;5;41;101m8[0;33;47m8[0;1;30;90;47m8[0;33;5;41;101m%[0;1;30;90;47m8[0;33;5;41;101mt[0;1;30;90;47m8[0;33;47m8[0;33;5;41;101mX[0;1;30;90;47m8[0;1;31;91;43m8[0;1;30;90;47m8[0;33;5;41;101mS[0;1;30;90;47m8[0;1;31;91;43m8[0;1;30;90;47m@[0;33;47m8[0;35;5;41;101m8[0;1;30;90;47m:[0;37;5;47;107m8[0;1;37;97;47m%SS%[0;37;5;47;107m8[0;1;37;97;47mSXXXX[0;37;5;47;107m8[0;1;36;96;47m%[0;37;5;47;107m88[0;1;37;97;47mS[0;37;5;47;107m88[0;1;37;97;47mS[0;37;5;47;107m8[0;1;37;97;47mSXX[0;37;5;47;107m8[0;1;37;97;47m;[0;37;5;47;107m8[0;1;37;97;47mtSSSSSXS[0m
[0;33;5;40;100m@[0;33;41m8[0;35;5;40;100m%[0;1;30;90;41m8[0;33;5;40;100m@[0;1;30;90;41m8[0;33;5;40;100m@[0;31;5;40;100m8[0;33;5;40;100mt[0;35;5;40;100mX:[0;37;5;40;100mt[0;1;30;90;47m88S[0;1;37;97;47m..  .::::;;t:;:[0;37;5;47;107m8[0;1;37;97;47m [0;34;5;40;100m8[0;31;40m%[0;32;40m8[0;31;40m8[0;1;30;90;40m@[0;32;40m@[0;30;5;40;100m8[0;1;30;90;47mS[0;1;37;97;47m%::[0;37;5;47;107m8[0;1;37;97;47m.;[0;37;5;47;107m8[0;1;37;97;47m [0;35;5;40;100m.[0;37;43m8[0;33;5;41;101m@[0;1;30;90;47m8[0;1;31;91;43m8[0;1;30;90;47m8[0;33;5;41;101m%[0;1;30;90;47mX[0;37;43m8[0;35;47m8[0;1;31;91;43m8[0;1;30;90;47m@[0;33;47m88[0;33;5;41;101mX[0;1;30;90;47m8[0;37;43m8[0;1;30;90;47m8[0;33;5;41;101m;[0;35;5;40;100m.[0;1;30;90;40m8[0;30;5;40;100mX8@@[0;34;5;40;100mS[0;30;5;40;100m8[0;1;30;90;40m@[0;37;43m8[0;33;47m8[0;33;5;41;101m%[0;1;30;90;47m8[0;37;43m8[0;33;47m8[0;1;30;90;47m8[0;33;5;41;101mS[0;1;30;90;47m8[0;33;47m8[0;1;30;90;43m8[0;35;47m8[0;33;47m8[0;1;30;90;47m8[0;33;5;41;101mX[0;1;30;90;47m8[0;1;31;91;43m8[0;1;30;90;47m8[0;1;30;90;43m8[0;1;30;90;47m8[0;37;5;47;107m@[0;1;37;97;47m;%S%%SSSSS[0;37;5;47;107m88[0;1;37;97;47m;[0;37;5;47;107m8[0;1;37;97;47mS[0;37;5;47;107m8[0;37;46mX[0;1;37;97;47m [0;37;5;47;107m8[0;1;37;97;47mS[0;37;5;47;107m8[0;1;36;96;47m%[0;37;5;47;107m8[0;1;37;97;47m:%[0;37;5;47;107m8[0;1;37;97;47mt[0;37;5;47;107m8[0;1;36;96;47mS[0;1;37;97;47m [0;1;36;96;47mS[0;1;30;90;47m88[0m
[0;33;5;40;100m@%[0;1;31;91;43m8[0;33;5;40;100m:[0;1;30;90;43m8[0;35;5;40;100m%[0;1;31;91;43m8[0;33;5;40;100m:[0;1;30;90;43m88[0;35;5;40;100mt[0;33;5;40;100m;[0;35;5;40;100mt..:.....:::::. .[0;1;30;90;45m8[0;35;5;40;100m [0;31;5;40;100m8[0;32;40m;[0;1;30;90;40m8[0;31;40mS[0;1;30;90;40m@[0;32;40m@[0;31;40mX[0;34;40m%[0;33;5;40;100mt[0;35;5;40;100m [0;37;5;40;100m8[0;35;5;40;100m;.[0;1;30;90;47mX[0;1;30;90;45m8[0;35;5;40;100m.t[0;33;5;41;101m%[0;1;30;90;47m88[0;1;30;90;43m8[0;35;47m8[0;1;31;91;43m8[0;1;30;90;47mX[0;1;31;91;43m8[0;1;30;90;47m8[0;33;5;41;101mt[0;1;30;90;47mt[0;1;31;91;43m8[0;1;30;90;47m8[0;37;5;41;101m8[0;1;30;90;47m8[0;33;5;41;101m%[0;1;30;90;47m8[0;33;47m88[0;31;5;40;100m8[0;30;5;40;100m8[0;36;5;40;100m%[0;30;5;40;100m8[0;1;30;90;40m8[0;30;5;40;100mX[0;32;5;40;100mX[0;1;30;90;40m88[0;1;30;90;45m8[0;33;47m88[0;33;5;41;101mS[0;1;30;90;47m8[0;33;5;41;101mS[0;1;30;90;47m8[0;1;30;90;43m8[0;1;31;91;47m8[0;1;30;90;43m8[0;1;31;91;47m8[0;1;31;91;43m8[0;1;30;90;47m8[0;33;5;41;101mX[0;1;30;90;47m88[0;1;30;90;43m8[0;37;5;41;101m8[0;37;43m8[0;1;30;90;45m8[0;33;5;40;100m;[0;35;5;40;100m%  [0;37;5;40;100m8[0;35;5;40;100m;    .;:.: t[0;34;5;40;100mX8[0;35;5;40;100mt.:;t::::t%%Xt[0;33;5;40;100m@[0m
[0;33;5;40;100m@%t[0;31;5;41;101mS[0;33;5;40;100m.[0;1;31;91;43m8[0;35;5;40;100m [0;33;5;41;101mX[0;35;5;40;100m.[0;33;5;41;101mX[0;33;5;40;100m.[0;33;5;41;101mS[0;33;5;40;100m:[0;1;31;91;43m8[0;37;5;40;100m:[0;33;5;41;101mX[0;1;30;90;47m8[0;1;31;91;43m8[0;35;5;40;100m [0;33;5;41;101mS[0;1;30;90;47m8[0;1;31;91;43m8[0;37;5;40;100m%[0;31;5;40;100mX[0;1;30;90;43m8[0;35;47m8[0;1;30;90;43m8[0;35;47m8[0;1;31;91;43m8[0;1;30;90;47m8[0;1;30;90;43m8[0;31;40mS[0;34;40m:[0;32;40mS[0;1;30;90;40m@[0;32;40m%[0;1;30;90;40m@8[0;32;40m;[0;31;5;40;100m8[0;1;30;90;43m8[0;35;47m8[0;1;31;91;43m8[0;1;30;90;47m8[0;1;31;91;43m8[0;1;30;90;47m8[0;1;31;91;43m8[0;33;5;40;100m.[0;1;30;90;43m8[0;33;5;41;101mS[0;1;30;90;47m8[0;33;5;41;101m:[0;33;47m88[0;37;5;41;101m8[0;1;30;90;47m8[0;1;31;91;43m8[0;1;30;90;47mS[0;37;43m8[0;1;31;91;47m8[0;37;43m88[0;33;47m8[0;1;30;90;47m8[0;33;5;41;101m:[0;1;30;90;47m8[0;37;5;41;101m8[0;33;5;40;100m@[0;30;5;40;100m8[0;36;5;40;100m:%[0;1;30;90;40m@[0;36;5;40;100mX[0;35;5;40;100mt[0;34;5;40;100mX[0;31;40m8[0;37;43m8[0;33;5;41;101m;[0;1;30;90;47m8[0;33;47m88[0;1;30;90;47m8[0;33;5;41;101mt[0;1;30;90;47m8[0;1;31;91;43m8[0;35;47m@[0;37;43m8[0;35;47m8[0;1;31;91;43m8[0;1;30;90;47m8[0;1;31;91;43m8[0;1;30;90;47m8[0;33;5;41;101mS[0;1;30;90;47m8[0;1;31;91;41m8[0;1;30;90;43m@[0;1;31;91;41mS[0;1;30;90;43m8[0;33;5;40;100m.[0;33;5;41;101m%[0;37;5;40;100m%[0;1;30;90;43m8[0;37;45m8[0;1;30;90;43m8[0;37;45m8[0;1;30;90;43m8[0;1;30;90;45m8[0;1;30;90;43m8[0;35;5;40;100m.[0;33;5;40;100m.[0;1;30;90;43m8[0;37;45m8[0;33;41m8[0;31;40m%[0;32;40mX[0;31;5;40;100m@[0;33;5;40;100m%%%%[0;35;5;40;100m%[0;1;30;90;43m8[0;35;5;40;100m%[0;1;30;90;43m8[0;35;5;40;100m%[0;31;43m@[0;33;5;40;100m%[0;31;43m8[0;33;5;40;100mS[0;33;41m8[0m
[0;33;5;40;100m@[0;31;5;41;101m8[0;37;5;40;100mX[0;1;30;90;43m88[0;37;45m8[0;1;30;90;43m88[0;1;30;90;47m8[0;1;30;90;43m8[0;1;31;91;43m8[0;1;30;90;47m8[0;1;30;90;43m8[0;1;30;90;47m8[0;33;5;41;101m@[0;37;5;40;100mS[0;1;30;90;43m8[0;1;30;90;45m8[0;37;43m8[0;33;5;40;100m.[0;1;30;90;43m8[0;35;5;40;100mS[0;31;43m8[0;35;5;40;100m%[0;33;5;41;101mX[0;33;47m8[0;33;5;41;101mX[0;1;30;90;47m8[0;1;30;90;43m8[0;37;5;41;101m8[0;33;5;40;100m;[0;31;40m8[0;1;30;90;40m@[0;31;40m%[0;32;40mS[0;31;40mS[0;32;40mt[0;31;40m%[0;32;40m%[0;31;5;40;100m@[0;1;30;90;43m8[0;33;47m8[0;35;5;41;101mX[0;1;30;90;47m8[0;1;30;90;43m8[0;1;31;91;47m8[0;1;30;90;47m8[0;31;5;41;101mS[0;33;5;40;100m:[0;1;30;90;43m8[0;33;5;41;101mX[0;1;30;90;47m8[0;1;31;91;43m8[0;1;30;90;47m8[0;1;31;91;43m8[0;1;30;90;47m8[0;33;47m8[0;33;5;41;101m%[0;1;30;90;47m8[0;1;31;91;43m8[0;35;47m8[0;33;5;41;101m%[0;1;30;90;47m8[0;33;5;41;101m%[0;1;30;90;47m;[0;1;30;90;43m8[0;33;47m8[0;31;5;40;100mX[0;33;5;40;100m%[0;35;5;40;100m%[0;33;5;40;100m@[0;31;5;40;100mX[0;33;5;40;100mX%SX[0;1;30;90;47m8[0;33;47m8[0;33;5;41;101mS[0;1;30;90;47m8[0;33;5;41;101m%[0;1;30;90;47m8[0;33;47m8[0;37;43m8[0;35;47m8[0;33;5;41;101mS[0;33;47m8[0;1;31;91;43m8[0;1;30;90;47m8[0;1;30;90;43m8[0;37;45m8[0;1;31;91;43m8[0;37;5;40;100m;[0;1;30;90;43m8[0;35;5;40;100mS[0;33;41m@[0;31;5;40;100m@[0;33;41m8[0;1;30;90;47m8[0;1;30;90;43m8[0;37;5;41;101m8[0;33;5;40;100m;[0;33;5;41;101m%[0;1;30;90;47m8[0;1;31;91;43m8[0;33;5;40;100m [0;33;5;41;101mt[0;1;30;90;47m8[0;33;5;41;101m%[0;1;30;90;47m8[0;31;5;41;101mX[0;1;30;90;43m8[0;33;5;40;100mX[0;31;40m@[0;1;30;90;40m8[0;31;40m@[0;33;5;40;100m8[0;33;41m8[0;35;5;41;101mX[0;1;30;90;43m8[0;33;5;41;101mX[0;35;5;40;100m [0;33;5;41;101mS[0;33;5;40;100mX[0;1;30;90;41m8[0;1;30;90;43m8[0;35;5;41;101m@[0;33;5;40;100m:[0;1;31;91;43m8[0;35;5;40;100m:[0m
[0;33;5;40;100m8;t[0;35;5;40;100m:[0;33;5;40;100m:[0;1;30;90;43m8[0;1;30;90;45m8[0;1;30;90;43m8[0;1;30;90;45m8[0;37;5;40;100m;[0;35;5;40;100m [0;1;31;91;43m8[0;35;5;40;100m.[0;33;5;40;100m; :[0;33;47m8[0;1;30;90;43m8[0;1;30;90;45m8[0;1;30;90;43m8[0;35;5;40;100m%[0;1;30;90;43m8[0;1;30;90;41m8[0;31;5;40;100mS[0;33;5;40;100m@[0;31;5;40;100mX[0;33;5;40;100m t[0;1;30;90;47m8[0;33;5;40;100m:[0;1;30;90;43m8[0;31;40m@[0;32;40mX[0;1;30;90;40mX@88[0;32;40mt[0;31;40mt[0;30;5;40;100m8[0;37;5;40;100m;[0;1;30;90;47m8[0;1;30;90;43m8[0;1;30;90;47m8[0;33;5;40;100m [0;1;31;91;47m8[0;1;30;90;43m88[0;35;5;41;101mX[0;37;5;40;100m%[0;1;30;90;43m8[0;1;30;90;47m8[0;33;5;41;101m@[0;37;5;40;100m;[0;33;47m8[0;31;5;41;101mt[0;1;30;90;47m8[0;37;43m8[0;1;31;91;47m8[0;33;47m8[0;1;30;90;43m8[0;1;30;90;47m8[0;33;5;41;101mt[0;1;30;90;47m:[0;1;30;90;43m8[0;37;5;41;101m8[0;33;47m8[0;33;5;41;101m%[0;1;30;90;47m8[0;1;31;91;43m8[0;1;30;90;47m8[0;1;31;91;43m8[0;1;30;90;47m8[0;1;31;91;43m8[0;1;30;90;47m8[0;33;5;41;101mX[0;1;30;90;47m8[0;1;31;91;43m8[0;1;30;90;47m@[0;33;47m8[0;1;30;90;47m8[0;33;5;41;101mt[0;1;30;90;47m8[0;33;5;41;101m%[0;33;47m8[0;1;30;90;43m8[0;35;47m8[0;1;30;90;43m8[0;35;5;41;101m%[0;33;47m8[0;1;31;91;43m8[0;37;5;40;100mt[0;33;5;41;101m@[0;35;5;40;100m;[0;33;41m8[0;1;30;90;41m8[0;1;30;90;43m8[0;35;41m@[0;37;43m8[0;35;47m8[0;1;30;90;43m8[0;1;30;90;47m8[0;33;5;40;100m.[0;1;30;90;43m8[0;1;30;90;47m8[0;37;43m8[0;37;5;40;100mt[0;1;30;90;43m8[0;37;5;40;100mt[0;1;30;90;43m8[0;1;30;90;47m8[0;33;5;40;100mt[0;1;30;90;41m@[0;32;40mX[0;31;5;40;100m@[0;32;40mX[0;31;40m8[0;33;5;40;100mt [0;37;5;40;100m%[0;33;5;40;100m.[0;37;43m8[0;31;5;40;100m8[0;31;40m8[0;31;5;40;100mX@[0;33;5;40;100mS. [0;1;30;90;43m8[0m
[0;33;5;40;100m@[0;31;5;40;100mX[0;33;5;40;100m;[0;35;5;40;100m%t[0;33;5;40;100mt[0;35;5;40;100mt[0;33;5;40;100m:: [0;35;5;40;100m [0;1;30;90;47m8[0;33;5;41;101m@[0;35;5;40;100m:[0;37;5;40;100mS%[0;1;30;90;47m888[0;37;5;40;100mt[0;33;5;40;100m;[0;1;30;90;41m8[0;1;30;90;40m8[0;1;30;90;41m8[0;33;5;40;100m@[0;36;5;40;100m [0;1;30;90;47m%[0;37;5;40;100mX[0;1;30;90;47m8[0;33;5;40;100mX[0;31;40m@[0;1;30;90;40m@8[0;32;40mt[0;31;40mS[0;32;40mX[0;31;40mS[0;32;40mS[0;31;40mt[0;1;30;90;40m8[0;1;30;90;41m8[0;37;5;40;100m8[0;1;30;90;47m88[0;37;5;40;100mt[0;33;47m8[0;35;5;41;101mS[0;37;5;40;100m8[0;1;30;90;43m8[0;33;5;41;101m@[0;37;5;40;100mt[0;33;5;41;101mX[0;1;30;90;47m8[0;33;5;41;101m8[0;37;5;40;100mt[0;33;47m8[0;33;5;41;101m@[0;35;5;40;100m [0;33;5;40;100m.[0;1;30;90;45m8[0;1;31;91;47m8[0;33;5;40;100m:[0;33;47m8[0;33;5;40;100mt[0;33;47m8[0;35;5;40;100m;[0;1;31;91;47m8[0;1;30;90;47m8[0;1;30;90;43m8[0;35;5;40;100m.[0;1;30;90;47m8[0;35;5;40;100m.[0;1;30;90;47m8[0;35;5;40;100m.[0;1;30;90;47m8[0;1;30;90;43m8[0;1;31;91;47m8[0;1;30;90;47m8[0;33;5;40;100m:[0;33;5;41;101mt[0;1;30;90;47m8[0;33;5;40;100m.[0;37;43m8[0;37;5;40;100m%[0;35;5;40;100m.[0;33;47m8[0;31;5;41;101m8[0;1;30;90;47m8[0;1;30;90;43m8[0;1;30;90;45m8[0;37;43m8[0;35;5;40;100mS[0;1;30;90;43m8[0;33;5;41;101mX[0;37;5;40;100mS[0;33;5;40;100mX[0;35;41m8[0;1;30;90;43m8[0;33;5;41;101m8[0;1;30;90;47m8[0;37;5;40;100m;S[0;1;30;90;47m8[0;37;5;40;100m8[0;35;5;40;100m [0;1;30;90;47m8@:[0;35;5;40;100m:[0;1;30;90;43m8[0;31;45m8[0;33;5;40;100m8[0;31;40mt[0;1;30;90;40m@[0;32;40mS[0;30;5;40;100m8[0;1;30;90;40m88[0;33;5;40;100mX@[0;1;30;90;43m8[0;35;41m@[0;1;30;90;40m8[0;32;40m@[0;31;40mX[0;32;40m@[0;30;41m8[0;33;5;40;100mS[0;35;5;40;100m. [0m
[0;31;5;40;100m8[0;33;5;40;100m8[0;1;30;90;41m8[0;1;30;90;43m8[0;1;30;90;41m8[0;33;5;40;100m8[0;33;41m8[0;33;5;40;100mt[0;33;41m8[0;33;5;40;100mt[0;31;5;41;101m8[0;33;5;40;100m%tX[0;1;30;90;43m8[0;35;41m8[0;33;5;40;100m8[0;1;30;90;41m8[0;33;5;40;100m@[0;1;30;90;41m88[0;32;40mS[0;31;40m@[0;32;40mX[0;31;5;40;100m8X[0;33;5;40;100m8X[0;1;30;90;41m8[0;31;40mS[0;32;40m%;[0;31;40m%[0;1;30;90;40mX[0;32;40m@[0;1;30;90;40m@[0;31;40m%[0;1;30;90;40m@[0;32;40mttS[0;33;5;40;100m8%[0;33;41m8[0;35;5;40;100m.[0;1;30;90;43m8[0;1;30;90;47m8[0;33;5;41;101m@[0;37;5;40;100m%[0;33;47m8[0;35;5;41;101mX[0;1;30;90;47m@[0;1;30;90;43m8[0;1;30;90;47m8[0;31;5;41;101m@[0;37;5;40;100mS[0;33;47m8[0;35;5;40;100m [0;33;47m8[0;1;30;90;47m8[0;1;30;90;43m8[0;1;30;90;47m8[0;33;5;40;100m;[0;35;5;40;100m [0;1;31;91;47m8[0;33;5;40;100m [0;1;31;91;43m8[0;33;47m8[0;1;30;90;45m8[0;1;30;90;43m8[0;35;47m8[0;1;31;91;43m8[0;1;30;90;47m8[0;1;30;90;43m8[0;35;47m8[0;33;5;40;100m.[0;37;5;41;101m8[0;33;47m8[0;37;5;40;100mX[0;1;30;90;47m8[0;33;5;40;100m [0;33;47m8[0;35;5;40;100m:[0;1;30;90;47m8[0;1;30;90;41m8[0;1;30;90;47m8[0;37;5;40;100mX[0;1;30;90;43m8[0;1;31;91;47m8[0;1;30;90;43m8[0;1;31;91;41m8[0;1;30;90;43m8[0;1;30;90;45m8[0;33;47m8[0;33;5;41;101mX[0;1;30;90;47m8[0;37;43m@[0;1;30;90;47m8[0;1;31;91;43m8[0;35;5;40;100m;[0;1;31;91;43m8[0;35;5;40;100m%[0;33;41m8[0;35;5;40;100mt[0;33;5;40;100mS[0;1;30;90;41m8[0;31;5;40;100m@@[0;33;5;40;100mt[0;31;5;40;100mS8[0;31;40mS[0;32;40mS[0;31;40mX[0;1;30;90;40m8[0;31;40m%[0;32;40m%[0;31;40mS%8[0;30;5;40;100m8[0;31;40mX[0;32;40m@[0;31;40m@[0;32;40mX[0;31;40mX[0;32;40m@[0;31;40mX[0;1;30;90;40m@[0;31;5;40;100mS[0m
[0;33;5;40;100m8[0;1;30;90;41m8[0;33;5;40;100m@[0;1;30;90;41m8[0;33;5;40;100mX[0;1;30;90;41m8[0;33;5;40;100m;[0;1;31;91;41m8[0;37;5;40;100m%[0;1;30;90;43m8[0;33;5;40;100m;[0;1;30;90;43m8[0;35;5;41;101m8[0;33;5;40;100m;[0;1;30;90;43m8[0;33;5;40;100m [0;1;30;90;43m8[0;1;30;90;41m8[0;31;5;40;100m8S[0;32;40mX[0;31;5;40;100m8[0;32;40m%[0;31;5;40;100m8[0;33;5;40;100m8S[0;31;5;40;100mX[0;33;5;40;100mS[0;31;40m8[0;32;40mS[0;31;40m%[0;34;40mt[0;32;40m@[0;31;40mX[0;1;30;90;40mS@[0;32;40mX[0;1;30;90;40mX[0;31;40mS[0;1;30;90;40m8[0;31;40mt[0;31;5;40;100m8[0;33;5;40;100m.[0;1;31;91;47m8[0;33;5;41;101mS[0;1;30;90;47m8[0;33;5;41;101m8[0;37;5;40;100mt[0;33;41m8[0;35;5;40;100m [0;33;47m8[0;33;5;41;101m@[0;1;30;90;47m8[0;33;5;41;101m@[0;33;5;40;100m.[0;33;5;41;101m@[0;37;5;40;100m:[0;37;5;41;101m8[0;1;31;91;43m8[0;1;30;90;47m8[0;33;5;41;101mS[0;1;30;90;47m8[0;33;5;41;101mt[0;1;30;90;47m8[0;1;30;90;43m8[0;1;30;90;47m8[0;1;31;91;47m8[0;1;31;91;43m8[0;1;30;90;47m8[0;33;5;41;101mt[0;1;30;90;47m@8[0;33;5;41;101mS[0;1;30;90;47m8[0;33;5;41;101mS[0;1;30;90;47m8[0;37;43m@[0;37;5;41;101m8[0;33;5;40;100m [0;33;47m8[0;33;5;41;101mS[0;1;30;90;47m8[0;33;5;41;101mS[0;1;30;90;47m8[0;1;31;91;43m8[0;1;30;90;47m8[0;33;5;41;101m8[0;35;5;40;100m [0;31;5;41;101m8[0;33;5;40;100m;S[0;1;31;91;41m8[0;1;30;90;43m8[0;37;5;40;100m:[0;33;47m8[0;33;5;41;101mS[0;1;30;90;47m8[0;33;5;41;101mX[0;1;30;90;47m8[0;1;30;90;43m8[0;35;5;40;100mX[0;31;43m8[0;35;5;40;100mX[0;33;41m8[0;35;5;40;100mX[0;1;30;90;41m@[0;31;5;40;100mX[0;33;5;40;100m8[0;1;30;90;41m8[0;33;5;40;100m8[0;31;40m8[0;32;40m@[0;31;40mX[0;32;40mX[0;31;40m%[0;32;40mX[0;1;30;90;40m8[0;32;40mX[0;1;30;90;40m88[0;32;40m@[0;31;40m8[0;1;30;90;40m8[0;32;40mS[0;31;40mX[0;32;40mX[0;1;30;90;40mX[0;31;40mS[0;32;40mX[0;1;30;90;41m8[0m
[0;31;5;40;100mX888[0;1;30;90;41m8[0;33;5;40;100m8[0;31;5;40;100m8[0;1;30;90;43m88[0;35;41m8[0;1;30;90;43m8[0;35;5;40;100mt[0;1;30;90;43m8[0;33;5;41;101mX[0;1;30;90;47m8[0;31;5;41;101m8[0;33;5;40;100m 8[0;1;30;90;41m8[0;31;40mX[0;1;30;90;40m8[0;32;40mt[0;1;30;90;40m8[0;31;5;40;100m88[0;1;30;90;41m8[0;31;5;40;100m88[0;32;40m%[0;1;30;90;40mS[0;32;40m%[0;1;30;90;40m8[0;31;40mS[0;32;40mS[0;31;40mt[0;32;40m%[0;31;40mS[0;32;40mS[0;1;30;90;40mX[0;32;40mtt[0;31;5;40;100m8[0;1;30;90;43m8[0;33;5;40;100m [0;33;47m8[0;1;31;91;41m8[0;33;5;40;100m 8[0;35;41m8[0;1;30;90;43m8[0;33;5;40;100m:[0;33;5;41;101mS[0;37;5;40;100mS[0;1;30;90;43m8[0;1;31;91;43m8[0;37;5;40;100mt[0;33;5;41;101m%[0;1;30;90;47m8[0;1;30;90;43m8[0;35;5;41;101m8[0;33;5;40;100m.[0;1;30;90;43m8[0;37;5;40;100m:[0;33;5;41;101m%[0;1;30;90;47m8[0;33;5;41;101mS[0;1;30;90;47m8[0;33;5;40;100m;[0;1;31;91;43m8[0;1;30;90;47m8[0;1;31;91;43m8[0;33;5;40;100m .[0;37;43m8[0;35;5;40;100m:[0;33;5;41;101m%[0;1;30;90;47m8[0;1;30;90;43m8[0;37;5;41;101m8[0;33;5;40;100m:.[0;1;31;91;43m8[0;37;5;40;100mS[0;1;30;90;43m8[0;1;30;90;45m8[0;1;31;91;43m8[0;1;30;90;47m8[0;1;31;91;43m8[0;33;5;40;100m:[0;33;41m8[0;35;5;40;100m;[0;1;30;90;43m8[0;1;31;91;41m8[0;33;47m8[0;1;30;90;45m8[0;37;43m8[0;1;30;90;43m8[0;35;5;40;100m.[0;33;5;41;101m8[0;35;5;40;100m%[0;31;43m8[0;35;5;40;100mX[0;1;30;90;41m@[0;31;5;40;100mX8X[0;30;41m8[0;31;5;40;100mX88[0;32;40m%[0;31;40mS[0;1;30;90;40m@[0;32;40m%[0;1;30;90;40m@[0;31;40mSS[0;1;30;90;40m@[0;31;40m%[0;32;40mS[0;31;40m8[0;30;5;40;100m8[0;32;40m%[0;31;40mS[0;32;40mS[0;31;40mS[0;32;40m%[0;1;30;90;40mX[0;31;40m%[0;32;40mS[0m
[0;33;5;40;100m8[0;31;40m8[0;33;5;40;100m8[0;31;5;40;100m8[0;33;5;40;100m8[0;1;30;90;41mX[0;31;5;40;100m88[0;1;30;90;41m@[0;31;40m8[0;33;5;40;100m8[0;33;41mX[0;33;5;40;100mS[0;31;5;40;100mS[0;33;5;40;100m%.[0;1;30;90;43m8[0;35;5;40;100m:[0;1;30;90;43m8[0;31;5;40;100m8[0;31;40mX[0;1;30;90;40m8[0;31;40m8[0;30;5;40;100mX[0;1;30;90;43m@[0;33;5;40;100mS[0;1;30;90;43m8[0;30;41m8[0;32;40mS[0;31;40mS[0;32;40mt[0;31;40mt[0;32;40mS[0;1;30;90;40m8SSXX[0;32;40m:[0;31;40mt[0;1;30;90;40m8[0;31;40mS[0;33;5;40;100m8[0;1;30;90;47m8[0;31;5;41;101m8[0;33;5;40;100m.[0;31;5;40;100m8[0;1;30;90;41m8[0;33;5;40;100m8[0;35;41m@[0;1;30;90;43m8[0;1;30;90;47m8[0;33;5;41;101m%[0;1;30;90;47m8[0;1;30;90;41m8[0;33;5;40;100m@[0;31;5;40;100m8[0;1;30;90;41mX[0;31;5;40;100m8[0;33;5;40;100m8[0;1;30;90;41m88[0;31;5;40;100m88[0;1;30;90;41m8[0;30;5;40;100m@[0;1;30;90;41m@[0;33;5;40;100m;[0;35;5;40;100mS[0;1;30;90;41mX[0;31;5;40;100mX[0;1;30;90;41m88@[0;31;5;40;100m8[0;33;5;40;100m%[0;31;43m8[0;1;30;90;45m8[0;1;30;90;41m8S[0;31;5;40;100m8@[0;1;30;90;41m88[0;31;5;40;100m88[0;1;30;90;41m@[0;31;5;40;100m8[0;1;30;90;41m@[0;33;5;40;100mX[0;1;30;90;41m8[0;33;5;40;100mX[0;1;30;90;41m8[0;1;31;91;43m8[0;33;47m8[0;35;5;41;101m@[0;33;5;40;100m:[0;1;30;90;43m8[0;35;5;40;100m@[0;1;30;90;41m8[0;33;5;40;100m@[0;1;30;90;41m@[0;31;5;40;100m@[0;31;40m8[0;33;5;40;100m8[0;31;40m%[0;30;5;40;100mX[0;31;40m8[0;33;5;40;100m8[0;31;40m8[0;1;30;90;40m@8[0;31;5;40;100m8[0;31;40m8[0;1;30;90;40m8[0;32;40m@[0;1;30;90;40m8[0;32;40mS[0;31;40m@[0;30;5;40;100m8[0;32;40m@[0;1;30;90;40m8[0;31;40mS[0;32;40mS[0;31;40mS[0;34;40m%[0;31;40mt[0;32;40m%S[0;31;40mX[0m
[0;1;30;90;40m8[0;32;40mS[0;31;40m%[0;31;5;40;100mX[0;31;40m@[0;32;40mS[0;31;40mX[0;33;5;40;100m8[0;32;40mS[0;1;30;90;40m8[0;31;40mX[0;32;40mX[0;31;40m8[0;31;5;40;100m@[0;33;5;40;100m8[0;1;30;90;41m@888[0;32;40m@[0;1;30;90;40m88[0;32;40m8[0;30;41m@[0;31;5;40;100m@[0;1;30;90;41m8[0;33;5;40;100m8[0;1;30;90;40m8[0;31;40mt[0;1;30;90;40mXX[0;32;40m;[0;1;30;90;40mX[0;31;40m;[0;32;40mt[0;31;40m%[0;32;40mX[0;31;40mX[0;1;30;90;40m@[0;32;40mS[0;31;40mt[0;32;40m%[0;31;40m@[0;33;5;40;100m.t[0;1;30;90;43m8[0;1;30;90;41m88[0;31;5;40;100m8[0;33;5;40;100m8[0;35;41m8[0;1;30;90;43m8[0;33;47m8[0;31;5;41;101m@[0;33;5;40;100m:[0;30;41m8[0;34;40mt[0;1;30;90;40m8@[0;34;40mS[0;30;5;40;100m@XX[0;1;30;90;40m8[0;36;5;40;100mX[0;33;5;40;100m :[0;33;5;41;101m;[0;33;5;40;100m t[0;30;5;40;100mX8@X[0;1;30;90;40mS[0;31;5;40;100mS[0;33;47m8[0;31;5;40;100m8[0;32;5;40;100mS[0;30;5;40;100m8[0;1;30;90;40m8[0;30;5;40;100m8@[0;1;30;90;40m@[0;31;40m:[0;32;40m..[0;34;40m [0;31;40m8[0;31;5;40;100m8[0;35;5;40;100mt[0;33;41m@[0;33;5;40;100m%[0;35;5;40;100m%[0;1;31;91;43m8[0;37;5;40;100mS[0;1;31;91;43m8[0;35;5;40;100m8[0;33;41m8[0;31;5;40;100m8[0;1;30;90;41m8[0;30;5;40;100m8[0;31;40m@[0;30;5;40;100mX[0;30;41m8[0;30;5;40;100m8[0;1;30;90;40m8[0;31;5;40;100m8[0;1;30;90;40m8[0;32;40mS[0;31;5;40;100m@X[0;35;5;40;100mt[0;36;5;40;100mt[0;31;5;40;100m8[0;1;30;90;41m8[0;32;40mt[0;31;40mX[0;32;40m@[0;31;40m%[0;1;30;90;40m@[0;32;40mS[0;31;40m%[0;32;40mS[0;1;30;90;40m@[0;32;40m%[0;31;40mtt[0;1;30;90;40m@[0;32;40m%[0m
[0;1;30;90;40m8[0;31;40mS[0;32;40mX%[0;1;30;90;40m8[0;32;40m;t[0;31;40mt[0;32;40m%[0;31;40mS[0;32;40m@[0;1;30;90;40m@[0;32;40mX[0;31;40mS[0;1;30;90;40m8[0;31;5;40;100m@[0;32;40mX[0;31;40m@[0;32;40mS[0;31;40mX[0;1;30;90;40m8[0;31;40m@[0;32;40mX[0;1;30;90;40m8[0;31;5;40;100mS[0;33;5;40;100m8[0;31;5;40;100m@[0;33;5;40;100m8[0;31;40mt[0;32;40m%[0;31;40mS[0;1;30;90;40mX[0;32;40mS[0;1;30;90;40mX[0;31;40m%[0;32;40mS[0;1;30;90;40m8[0;32;40m%[0;1;30;90;40mX@[0;32;40m%[0;1;30;90;40mX@[0;33;5;40;100m8[0;1;30;90;41m888[0;31;5;40;100m8[0;30;41m8[0;33;5;40;100m8[0;1;30;90;43m8[0;35;5;41;101m8[0;1;30;90;43m8[0;33;5;40;100m.[0;1;30;90;43m8[0;1;30;90;41m8[0;34;40mt[0;30;5;40;100mS@S[0;34;5;40;100mS[0;36;5;40;100mS%[0;30;5;40;100mX[0;35;5;40;100mS[0;30;5;40;100m@[0;33;5;40;100mt[0;1;30;90;47mX[0;33;5;40;100m;[0;35;5;40;100mX[0;30;5;40;100mX@[0;34;5;40;100m@[0;30;5;40;100m@[0;1;30;90;40mX[0;33;5;40;100mX[0;35;5;41;101m@[0;33;5;40;100m [0;36;5;40;100m%[0;30;5;40;100m@[0;34;5;40;100mX[0;36;5;40;100mS[0;30;5;40;100mXX[0;32;40m;[0;34;40m;[0;1;30;90;40mX[0;32;40m;[0;31;5;40;100m8S[0;33;5;40;100m8[0;1;30;90;41m8[0;33;41m8[0;33;5;40;100m%[0;1;30;90;43m8[0;35;41m8[0;33;5;40;100mS[0;1;30;90;41m@[0;31;5;40;100mX[0;1;30;90;40m8[0;1;30;90;41m8[0;30;5;40;100m@[0;31;40m8[0;1;30;90;40m88[0;31;40m8[0;1;30;90;40m8[0;31;40m8[0;1;30;90;40m8[0;31;40m8[0;31;5;40;100m@[0;35;5;40;100mt[0;34;5;40;100mS[0;35;5;40;100m8[0;34;5;40;100mX[0;31;5;40;100m8[0;32;40mt[0;1;30;90;40mS[0;31;40mt[0;32;40mX[0;1;30;90;40m8[0;31;40m@[0;32;40m@[0;31;40m%[0;32;40m;[0;31;40mt[0;32;40mt;[0;31;40m;[0;32;40m;[0m
[0;31;5;40;100m@[0;32;40m%[0;31;40m%%[0;32;40m%[0;31;40m%[0;32;40mt[0;31;40mS[0;32;40mS[0;31;40m%[0;1;30;90;40m@[0;31;40mS[0;1;30;90;40m8[0;32;40mX[0;31;40mX[0;32;40mX[0;1;30;90;41m8[0;30;5;40;100m8[0;31;40mS[0;32;40mX[0;30;5;40;100m8[0;31;40mX[0;31;5;40;100m@[0;31;40mX[0;32;40m@[0;1;30;90;41mX[0;31;5;40;100mX[0;33;5;40;100m8[0;31;40m@[0;1;30;90;40mX[0;32;40m@[0;31;40m%[0;1;30;90;40mX[0;32;40m;[0;34;40m;[0;31;40mt[0;32;40mt[0;31;40m%[0;32;40m%[0;31;40mt;[0;32;40m;[0;31;5;40;100m888[0;31;40m8[0;30;5;40;100m@[0;31;5;40;100m@[0;31;40m8[0;31;5;40;100m88[0;1;30;90;43m8[0;1;31;91;45m8[0;1;30;90;43m8[0;1;31;91;45m8[0;32;5;40;100mS[0;31;40m;[0;30;5;40;100m@8XX@[0;34;5;40;100m@[0;30;5;40;100m8@X[0;31;5;40;100m@[0;1;37;97;47m [0;1;30;90;47mS[0;30;5;40;100m8[0;36;5;40;100mX[0;30;5;40;100mX[0;36;5;40;100mX[0;35;5;40;100mt[0;30;5;40;100m8[0;33;5;40;100m;[0;1;30;90;47m8:[0;33;5;40;100m.[0;30;5;40;100m@S[0;34;5;40;100mS[0;32;5;40;100mS[0;1;30;90;40m8[0;31;40mt[0;34;40m;[0;31;40m;[0;34;40mt[0;31;5;40;100mX[0;1;30;90;41m8[0;31;5;40;100m8[0;33;5;40;100m@[0;1;30;90;41m8[0;1;31;91;41m8[0;33;5;40;100m [0;1;30;90;43m8[0;1;30;90;41m8[0;31;5;40;100m8[0;1;30;90;41m8[0;31;5;40;100m@[0;32;40mS[0;1;30;90;41m8[0;32;40m@[0;31;40m8[0;1;30;90;40m88[0;31;40m8[0;32;40m8[0;31;40m8[0;32;40m8[0;31;40m%[0;1;30;90;41m8[0;31;5;40;100m8@8[0;31;40mS[0;32;40m;[0;31;40m;[0;32;40m%[0;31;40mX[0;32;40mX[0;1;30;90;40m@[0;31;40m%[0;32;40m%[0;31;40m;[0;34;40m;[0;32;40m;[0;31;40m;[0;32;40m;[0;31;40m;[0m
[0;31;40mX[0;32;40m%t[0;31;40mt[0;32;40m%[0;31;40mt[0;32;40m%[0;1;30;90;40mX[0;31;40mt[0;32;40m%[0;31;40m%[0;32;40mX[0;31;40mS[0;32;40mS[0;31;40m@[0;1;30;90;40m8[0;31;5;40;100mS[0;1;30;90;43mt[0;1;30;90;40m8[0;30;41m8[0;30;5;40;100mX[0;32;40mtS[0;31;5;40;100m8[0;33;5;40;100m8[0;1;30;90;41m8[0;31;40mS[0;32;40mS[0;1;30;90;40m8[0;32;40mt[0;31;40m%[0;32;40mt[0;31;40m:;[0;32;40mS[0;1;30;90;40m@[0;31;40mt[0;34;40mt[0;32;40mt[0;1;30;90;40mX[0;32;40mt:[0;31;40mS[0;33;5;40;100m8[0;30;41m8[0;30;5;40;100mX[0;31;40m@[0;1;30;90;40m8[0;33;5;40;100m8[0;1;30;90;41m8[0;31;5;40;100m8[0;1;30;90;43m88[0;35;5;40;100m:[0;1;30;90;43m8[0;1;30;90;41mS[0;34;40m;[0;32;40m;[0;34;40mS[0;1;30;90;40m8[0;32;40mt[0;31;40m;[0;32;40m;[0;1;30;90;40mX[0;32;40m;[0;1;30;90;40m8[0;1;30;90;41m8[0;1;30;90;47m;t[0;31;40mX[0;32;40m;[0;31;40mt[0;32;40m:;[0;31;40m%[0;1;30;90;40mS[0;31;40mX[0;1;30;90;47m@[0;33;5;40;100m;[0;34;40m:[0;30;5;40;100m8[0;1;30;90;40m8[0;31;40m;[0;34;40m%[0;32;40mt[0;31;40m;[0;32;40m;t[0;31;5;40;100m8[0;33;5;40;100m8[0;1;30;90;41m8[0;31;5;40;100m@[0;33;5;40;100mXS[0;1;31;91;41m8[0;33;5;40;100mt[0;1;30;90;41m8[0;31;5;40;100mX[0;31;40m8[0;31;5;40;100mS[0;31;40m@[0;1;30;90;40m8[0;31;40m8[0;1;30;90;40m8[0;31;40m@[0;1;30;90;40m88[0;1;30;90;41m8[0;32;40mS[0;30;5;40;100m8[0;32;40m;.[0;30;5;40;100m8[0;32;5;40;100mS[0;31;40m.:[0;32;40m%[0;1;30;90;40mX[0;31;40mt[0;1;30;90;40mX[0;31;40m;[0;32;40mS[0;31;40mt[0;34;40mt[0;32;40mt[0;31;40m;:[0;32;40m;[0;34;40m;[0;32;40m%[0m
[0;31;40m@[0;1;30;90;40m8[0;31;40mt[0;32;40m%[0;31;40m%[0;34;40mt[0;31;40mt[0;32;40mt[0;31;40mt[0;32;40mt[0;1;30;90;40mX@[0;32;40mS[0;1;30;90;40m8[0;32;40mX[0;31;40m8[0;32;40mS[0;31;40mS[0;30;5;40;100m8[0;31;40mX[0;32;40mX[0;31;40m8[0;1;30;90;40m8[0;31;40m8[0;31;5;40;100m@[0;30;5;40;100m@[0;33;5;40;100m8[0;1;30;90;41m8[0;32;40m%[0;31;40mS[0;1;30;90;40m@[0;32;40m%[0;1;30;90;40m@@[0;31;40mt[0;32;40mt[0;1;30;90;40mX@[0;31;40m%[0;32;40m%[0;31;40m%[0;1;30;90;40mX8[0;31;40m8[0;30;5;40;100mX[0;31;40m@@[0;1;30;90;41m8[0;31;40mS[0;1;30;90;41m8[0;31;5;40;100m@[0;1;30;90;41m8[0;1;31;91;43m8[0;35;5;40;100mt[0;33;5;40;100mS[0;1;30;90;41m@[0;34;40m%[0;1;30;90;40mX8[0;30;5;40;100m8[0;1;30;90;40m@@@X[0;34;40m;[0;30;5;40;100m8[0;1;30;90;40m8[0;1;30;90;43m8[0;33;5;40;100m%[0;31;40mS[0;34;40mt[0;32;40m%[0;34;40m%[0;31;40mt[0;34;40m;[0;1;30;90;40m8[0;31;5;40;100m@[0;33;5;40;100m%S[0;31;40m%[0;30;5;40;100m88[0;1;30;90;40mX8@S@[0;34;40mt[0;1;30;90;41m8[0;31;5;40;100mX[0;33;5;40;100mX[0;31;5;40;100m88[0;33;5;40;100mX[0;31;5;40;100mX[0;1;30;90;41m@8[0;31;5;40;100mX[0;31;40m8[0;30;5;40;100m@[0;31;40m8[0;30;5;40;100mX[0;32;40mS[0;31;40m%[0;32;40mX[0;30;41m8[0;1;30;90;40m8[0;31;40mX@S[0;32;40m%[0;31;40mt[0;1;30;90;40m@[0;35;5;40;100m:[0;31;40m;[0;32;40m%[0;31;40mX[0;1;30;90;40mX[0;32;40m%[0;1;30;90;40mX88[0;32;40mt[0;31;40mt[0;32;40m;[0;31;40m:[0;32;40m;[0;31;40m;:;[0m
[0;31;40mX[0;30;5;40;100m@[0;31;40mS[0;32;40mt[0;34;40mt[0;32;40m%[0;31;40m:[0;32;40m;[0;1;30;90;40mS[0;31;40m;[0;32;40mt[0;31;40m%%%[0;1;30;90;40m8[0;32;40m@[0;31;40m@[0;32;40m%[0;31;40mS[0;1;30;90;40m8[0;31;40mS[0;31;5;40;100m@@[0;33;5;40;100m8[0;1;30;90;41m8[0;1;30;90;43mS[0;1;30;90;41m8[0;33;5;40;100m8[0;31;40mS[0;32;40m8[0;1;30;90;40mX[0;31;40m%[0;32;40m:t[0;1;30;90;40mS[0;31;40m:[0;32;40m;t[0;1;30;90;40mS[0;32;40mt[0;1;30;90;40mX[0;32;40mSS[0;30;5;40;100m@[0;31;40mX[0;32;40mS[0;31;40mS[0;32;40mX[0;31;40m%[0;1;30;90;40m8[0;31;5;40;100m@8[0;33;5;40;100mX[0;1;31;91;41m8[0;33;5;40;100mt[0;31;40m@[0;1;30;90;40m8[0;32;40mt[0;34;40mt[0;30;5;40;100m8[0;1;30;90;40mX[0;34;40m%[0;1;30;90;40mXX[0;31;40m.[0;1;30;90;40m8[0;1;30;90;41m@[0;33;5;40;100m%[0;33;41m8[0;1;30;90;40m8@@@X[0;32;40m.[0;30;41m8[0;33;5;40;100m8[0;31;5;40;100m@[0;33;5;40;100mX[0;31;40mX[0;1;30;90;40mX[0;34;40mt[0;32;40mt[0;30;5;40;100m8[0;34;40mt[0;1;30;90;40mX[0;31;40mt[0;32;40mS[0;1;30;90;40m8[0;31;5;40;100m8[0;1;30;90;41m8[0;33;5;40;100m8[0;1;30;90;41m8[0;31;5;40;100m@[0;1;30;90;43m8[0;1;30;90;41m8[0;31;40m@[0;32;40m8[0;1;30;90;41m8[0;32;40mX[0;31;5;40;100m@[0;33;41m@[0;31;5;40;100m8[0;32;40m%[0;30;5;40;100m8[0;1;30;90;40m8[0;31;40mS[0;1;30;90;40m8[0;32;40m%[0;1;30;90;40mS[0;31;40m%[0;32;40mt[0;1;30;90;40m%[0;36;5;40;100m:[0;31;40m%[0;32;40mt[0;1;30;90;40mX[0;31;40mt[0;32;40mt[0;31;40m%[0;32;40m%[0;31;40mX[0;1;30;90;40m8[0;32;40mS[0;31;40m;[0;34;40m;[0;31;40m:[0;32;40mt[0;34;40m:[0;32;40m:[0m
[0;31;40m8[0;32;40mX[0;31;40m@[0;1;30;90;40m@[0;31;40m%%[0;1;30;90;40mS[0;31;40m:[0;32;40m:[0;34;40m:[0;31;40m;[0;32;40mt%[0;31;40mS[0;32;40mX[0;31;40m8[0;1;30;90;40m88[0;31;40mX[0;32;40mX[0;31;40mX[0;32;40mS[0;31;40m%@[0;33;5;40;100m8[0;1;30;90;41m8[0;33;5;40;100m8[0;1;30;90;41m8[0;1;30;90;40m8[0;31;40m;[0;32;40m;[0;1;30;90;40mS[0;31;40mt[0;32;40mt[0;31;40m;[0;32;40mt[0;31;40m%[0;1;30;90;40mX[0;31;40m;[0;1;30;90;40m@[0;31;40mS[0;1;30;90;40m@[0;31;40m@[0;33;5;40;100m8[0;1;30;90;41m88[0;31;5;40;100mX[0;1;30;90;41m8[0;31;5;40;100mS[0;30;5;40;100mX[0;1;30;90;41m8[0;31;5;40;100m8[0;1;30;90;43m8[0;35;5;40;100m%[0;31;5;40;100m8[0;30;5;40;100mX[0;32;40mt[0;1;30;90;40m@[0;34;40m;[0;30;5;40;100m8[0;32;40mt[0;1;30;90;40m8[0;31;40mt[0;1;30;90;40m8[0;32;40m.[0;1;30;90;40m@[0;31;40mX[0;31;5;40;100m8[0;1;30;90;40mXX[0;31;40m%[0;34;40m%[0;1;30;90;40mX[0;31;40m:[0;32;40m:[0;1;30;90;40m8[0;1;30;90;41m8[0;33;5;40;100mS[0;1;30;90;41m8[0;1;30;90;40mX[0;31;40m%[0;1;30;90;40m8[0;34;40m;[0;1;30;90;40m8XS[0;34;40m%[0;1;30;90;40m8[0;31;5;40;100m8SS[0;1;30;90;41m@[0;33;5;40;100m8[0;1;30;90;41m8[0;33;5;40;100mX[0;1;30;90;41m8[0;31;5;40;100mS[0;1;30;90;41m8[0;1;30;90;40m8[0;31;5;40;100m@[0;30;41m8[0;33;5;40;100m8[0;1;30;90;40m8[0;31;5;40;100m8[0;1;30;90;40m8[0;1;30;90;41m8[0;1;30;90;40m8[0;31;5;40;100m8[0;31;40mS[0;30;5;40;100m8[0;1;30;90;40m8[0;31;40mX[0;32;40mS[0;36;5;40;100m [0;1;30;90;40m8[0;31;40m:[0;32;40m%[0;1;30;90;40mS[0;31;40m;[0;32;40mt[0;1;30;90;40mX[0;32;40mS[0;1;30;90;40m8[0;31;40mS[0;32;40m%[0;31;40m;[0;32;40m;[0;31;40mt[0;32;40m;[0;31;40m;[0m
[0;1;30;90;41m8[0;31;5;40;100m@@[0;30;41m8[0;32;5;40;100mS[0;31;40m@[0;1;30;90;40m8[0;31;40m8[0;1;30;90;40m8[0;31;40mX[0;1;30;90;40m888[0;31;5;40;100m8[0;31;40m@[0;32;5;40;100mX[0;31;40m8[0;1;30;90;40m8[0;31;40mX[0;1;30;90;40m8[0;32;40m%[0;31;40mX[0;30;5;40;100m@[0;31;5;40;100mX[0;31;40m8[0;33;5;40;100m8[0;1;30;90;41m8[0;33;5;40;100m88[0;31;5;40;100m8[0;31;40mS[0;32;40mS[0;31;40m%[0;32;40mt[0;34;40mt[0;31;40mt[0;1;30;90;40mS[0;32;40m%[0;31;40m%[0;32;40mtt[0;31;5;40;100mS[0;33;5;40;100m8[0;31;5;40;100m8[0;33;5;40;100m8[0;1;30;90;40m8[0;33;5;40;100m8[0;31;5;40;100m@X[0;32;5;40;100mX[0;1;30;90;41m8[0;33;5;40;100m8[0;1;30;90;41m@[0;1;30;90;43m8[0;33;5;40;100m;;[0;31;5;40;100mXSS[0;33;5;40;100m8[0;31;5;40;100m8[0;33;5;40;100m8[0;31;5;40;100m@S[0;33;5;40;100m8[0;31;5;40;100m8[0;33;5;40;100m8[0;1;30;90;40m@[0;31;5;40;100m8[0;33;5;40;100m8:%[0;31;5;40;100mS[0;33;5;40;100m;[0;31;5;40;100mS[0;33;5;40;100m;[0;31;5;40;100mS[0;33;5;40;100m.;[0;31;5;40;100m@[0;30;5;40;100mX[0;33;5;40;100m8S%X[0;31;5;40;100mX[0;33;5;40;100m8[0;30;5;40;100m8[0;33;5;40;100m8[0;31;5;40;100mS[0;33;5;40;100mX@[0;1;30;90;41m8[0;31;5;40;100m8[0;33;5;40;100m8[0;1;30;90;41m8[0;33;5;40;100m8[0;31;5;40;100m8[0;32;5;40;100mS[0;31;5;40;100mSS[0;31;40m8[0;33;5;40;100m8[0;31;40m@[0;31;5;40;100mS[0;30;5;40;100mX[0;1;30;90;41m8[0;32;5;40;100m@[0;1;30;90;41m8[0;1;30;90;40m8[0;33;5;40;100m8[0;31;40m@[0;32;40mt[0;36;5;40;100m:[0;1;30;90;40m8[0;31;40m:t[0;32;40mt[0;31;40m%[0;1;30;90;40mX[0;31;40m%[0;32;40mt[0;31;40mX[0;32;40mS[0;31;40m;[0;32;40m;[0;31;40m;[0;32;40m;[0;31;40m;[0;1;30;90;40mX[0m
[0;1;30;90;40m8[0;31;40mX[0;1;30;90;40m88[0;31;40m@[0;30;5;40;100m@[0;1;30;90;40m88[0;31;40mX[0;32;40m@[0;31;40mXS[0;32;40m%t[0;31;40mS[0;1;30;90;40m8[0;32;40m8[0;31;5;40;100mX[0;32;40m8[0;31;40m8[0;32;40m@[0;30;5;40;100mX[0;32;40m8[0;30;42m8[0;31;5;40;100mS[0;32;40mX[0;31;5;40;100mS[0;31;40m8[0;30;42m8[0;31;5;40;100mX[0;30;42m8[0;31;5;40;100mS[0;30;42m8[0;31;5;40;100mX[0;32;40mS[0;31;40m;[0;1;30;90;40m@[0;31;40m%[0;30;5;40;100m88[0;31;40mX[0;33;5;40;100m8[0;31;5;40;100m8SS[0;1;30;90;41m8[0;33;5;40;100m88[0;1;30;90;41m8[0;30;41m8[0;33;5;40;100m8[0;30;41m8[0;31;5;40;100m8[0;1;30;90;41m8[0;31;5;40;100m@[0;1;30;90;41m8[0;31;5;40;100mX[0;33;5;40;100m8[0;30;41m8[0;33;5;40;100m8[0;31;5;40;100m8[0;33;5;40;100m88[0;1;30;90;41m8[0;31;5;40;100mX[0;1;30;90;40m8[0;33;5;40;100m8[0;1;30;90;43m:[0;30;5;40;100m@[0;1;30;90;43m:[0;33;5;40;100mS[0;35;5;40;100m [0;37;5;40;100mt:[0;33;5;40;100m [0;1;30;90;47m8[0;1;30;90;43m8[0;35;47m8[0;33;47m8[0;33;5;40;100m;[0;1;30;90;43m8[0;33;5;40;100m%8[0;1;30;90;41m8[0;32;5;40;100m@[0;1;30;90;40m8[0;33;5;40;100m8[0;31;40m8[0;30;5;40;100m8[0;1;30;90;41m8[0;33;5;40;100m8[0;31;5;40;100m8[0;33;5;40;100m8[0;30;41m8[0;31;5;40;100mSS[0;33;5;40;100m8[0;31;40m8[0;33;5;40;100m8[0;31;5;40;100mS[0;33;5;40;100m8[0;31;40m8[0;33;5;40;100m@X8[0;31;5;40;100mS[0;32;40m8[0;1;30;90;41m8[0;33;5;40;100m8[0;31;5;40;100m@[0;33;5;40;100m88[0;31;5;40;100m8[0;33;5;40;100m:[0;30;5;40;100m@[0;32;40mt[0;1;30;90;40mX[0;31;40m%[0;32;40mS[0;31;40mt[0;32;40m%[0;31;40mt[0;32;40mS[0;1;30;90;40mXX[0;31;40m:[0;32;40m;[0;1;30;90;40m8[0;33;5;40;100m8[0;30;5;40;100mX[0m
[0;31;40m%[0;1;30;90;40m@[0;32;40m@[0;31;40m@[0;32;40mX[0;31;40mX[0;32;40mX[0;31;40mX[0;32;40mX[0;1;30;90;40m@[0;31;40m%[0;32;40mS[0;30;5;40;100m8[0;31;40m@[0;32;40mS[0;31;5;40;100m8[0;33;5;40;100m8[0;32;40m8[0;33;5;40;100m88[0;31;5;40;100m@[0;33;5;40;100m8[0;31;5;40;100m@[0;33;5;40;100m88[0;31;5;40;100mX[0;33;5;40;100m;.[0;1;30;90;43m8[0;33;5;40;100m@@8X@[0;30;5;40;100m8[0;31;40m%[0;33;5;40;100m8[0;30;5;40;100mX[0;31;5;40;100mX[0;33;5;40;100m8[0;1;30;90;40m8[0;31;40m@[0;1;30;90;42m8[0;31;40m8[0;32;40m8[0;31;5;40;100mS[0;31;40m8[0;33;5;40;100m8[0;32;40m8[0;33;5;40;100m8[0;31;40m8[0;33;5;40;100m8[0;1;30;90;40m8[0;33;5;40;100m8[0;31;40m@[0;1;30;90;42m8[0;30;41m8[0;33;5;40;100m8[0;30;5;40;100mX[0;31;5;40;100mX[0;33;5;40;100m8[0;30;41m8[0;33;5;40;100m88[0;1;30;90;40m8[0;31;5;40;100mX[0;1;30;90;42m8[0;1;30;90;41m8[0;1;30;90;43mt[0;30;5;40;100m@[0;1;30;90;43mS[0;33;5;40;100m%[0;33;47m8[0;35;47m8[0;1;31;91;43m8[0;1;30;90;47m8[0;1;31;91;47m8[0;33;47m8[0;1;31;91;45m8[0;1;30;90;47mX88[0;33;5;40;100mt;[0;1;30;90;43m8[0;33;5;40;100m888[0;32;5;40;100mX[0;1;30;90;40m8[0;1;30;90;43m;[0;1;30;90;40m8[0;30;5;40;100m@[0;1;30;90;40m8[0;31;40m8[0;33;5;40;100m8[0;31;40mX[0;33;5;40;100m8[0;31;40m@[0;1;30;90;42m8[0;1;30;90;41m8[0;32;5;40;100mX[0;31;5;40;100m8[0;1;30;90;40m8[0;31;40m8[0;33;5;40;100m8[0;31;5;40;100m8[0;32;40mS[0;31;40mS[0;32;40m8[0;30;41m8[0;1;30;90;40m8[0;32;40m8[0;33;5;40;100m%[0;35;5;40;100m;[0;31;40m%[0;32;40m%[0;1;30;90;40m8[0;31;40mX[0;32;40m@[0;31;40mS[0;32;40m%[0;31;40m%[0;1;30;90;40m@[0;31;40mS[0;32;40m%[0;31;40mX[0;1;30;90;40m8[0;31;40m@[0;32;5;40;100m@[0m
[0;1;30;90;40m8[0;31;5;40;100m8[0;30;5;40;100m@[0;31;5;40;100mSS[0;33;5;40;100m@[0;31;5;40;100mX[0;33;5;40;100m%[0;31;5;40;100mS[0;33;5;40;100mS%[0;31;5;40;100mS[0;33;5;40;100m8%X8[0;31;5;40;100mX[0;33;5;40;100m8[0;31;5;40;100mX[0;33;5;40;100m88[0;31;5;40;100m@[0;33;5;40;100m8[0;1;30;90;41m8[0;32;5;40;100mS[0;33;41m8[0;33;5;40;100mX8[0;31;5;40;100m@[0;32;40m8[0;1;30;90;41m8[0;30;5;40;100m@[0;1;30;90;41m8[0;1;30;90;40m8[0;31;5;40;100mS[0;1;30;90;40m8[0;31;40m8[0;33;5;40;100m8[0;32;40mX[0;1;30;90;41m8[0;33;42m@[0;31;5;40;100m8[0;32;40m8[0;1;30;90;43mS[0;1;30;90;41m8[0;33;42m8[0;33;5;40;100m8[0;31;40m8[0;1;30;90;43mS[0;32;5;40;100mS[0;1;30;90;43m;[0;1;30;90;40m8[0;1;30;90;43m.[0;32;40m8[0;1;30;90;43mX[0;31;5;40;100mS[0;32;43m8[0;31;5;40;100m@[0;33;42m8[0;30;41m8[0;1;30;90;42m8[0;33;5;40;100m8[0;32;40m8[0;1;30;90;43mt[0;31;5;40;100mS[0;32;40m@[0;1;30;90;43mt[0;32;40m8[0;33;5;40;100m8[0;31;40m8[0;1;30;90;43mS[0;31;5;40;100mS[0;31;43m8[0;33;5;40;100m8[0;37;5;40;100m%[0;1;30;90;47m8[0;33;5;40;100m.[0;33;47m@[0;1;30;90;47m8[0;33;5;41;101mS[0;1;30;90;47m8[0;33;5;41;101mX[0;1;30;90;47m888[0;33;5;40;100m [0;1;30;90;47m8[0;33;5;40;100m%S%@88[0;1;30;90;43m;[0;32;5;40;100mX[0;33;5;40;100m8[0;32;5;40;100mX[0;33;5;40;100m88[0;31;5;40;100mX[0;1;30;90;42m8[0;1;30;90;41m8[0;32;5;40;100mS[0;1;30;90;43mt[0;33;5;40;100m8[0;32;5;40;100mS[0;1;30;90;43m;[0;33;5;40;100m88888[0;31;5;40;100m8[0;32;5;40;100mS[0;33;5;40;100m;8[0;31;5;40;100mX[0;33;5;40;100m8[0;30;5;40;100mX[0;31;5;40;100mS[0;32;5;40;100mS[0;31;5;40;100m8[0;32;5;40;100m8[0;31;5;40;100m@[0;32;5;40;100mS[0;31;5;40;100mX[0;32;5;40;100mX[0;31;40m8[0;33;5;40;100m8[0;31;40m8[0m
[0;33;5;40;100m8888[0;30;5;40;100mX[0;33;5;40;100m8[0;31;5;40;100mS[0;33;5;40;100m8[0;31;5;40;100mS[0;33;5;40;100m8[0;30;5;40;100m@[0;1;30;90;43m;[0;1;30;90;40m8[0;33;5;40;100m8[0;31;40m8[0;33;5;40;100m8[0;32;5;40;100m@[0;1;30;90;41m8[0;1;30;90;42m8[0;31;5;40;100m@[0;1;30;90;42m8[0;31;5;40;100mS[0;33;42m8[0;33;5;40;100m88XSSS%XXXXX;;S%%t;.;::;.::  [0;1;30;90;47m8[0;37;5;40;100m8[0;33;5;40;100m.[0;1;30;90;47m@[0;33;5;40;100m:[0;37;5;40;100m88[0;1;30;90;47m%[0;33;5;40;100m;[0;1;30;90;47mX[0;37;5;40;100m@[0;33;5;40;100m  8[0;35;5;40;100m [0;1;30;90;47m8[0;37;5;40;100m8[0;1;30;90;47mS[0;33;5;40;100m:[0;37;5;40;100m88[0;1;30;90;47m8[0;33;47m8[0;1;30;90;47m8[0;33;47m@[0;35;47m@[0;33;47m@[0;1;30;90;47mS@S8[0;33;47m8[0;1;30;90;47m8[0;33;47m@[0;1;30;90;47m88888[0;37;5;40;100mX@@@[0;33;5;40;100m [0;1;30;90;47m8[0;33;5;40;100m:[0;37;5;40;100m8[0;33;5;40;100m:[0;37;5;40;100m8[0;33;5;40;100m:[0;37;5;40;100m8[0;33;5;40;100m [0;37;5;40;100m8[0;33;5;40;100m.[0;37;5;40;100mS[0;33;5;40;100m [0;37;5;40;100m@[0;33;5;40;100m   .   .:::....[0;1;30;90;43m8[0;37;5;40;100m8[0;33;5;40;100m.[0;1;30;90;47m%[0;33;5;40;100m%[0;1;30;90;47m@[0m
[0;37;5;40;100m8[0;33;5;40;100m: [0;37;5;40;100m8[0;33;5;40;100m:[0;37;5;40;100m8[0;33;5;40;100m:[0;37;5;40;100m8[0;33;5;40;100m:[0;1;30;90;47mX[0;33;5;40;100m;[0;1;30;90;47m8[0;37;5;40;100m88[0;1;30;90;47mS[0;33;5;40;100m:[0;1;30;90;47m@[0;37;5;40;100m8[0;1;30;90;47m@[0;33;5;40;100m:[0;1;30;90;47mX[0;33;5;40;100m [0;1;30;90;47m88[0;37;5;40;100m8[0;1;30;90;47m8XXSXSXS%[0;33;47m8[0;1;30;90;47m;[0;33;47m8[0;1;30;90;47m%%XS[0;33;47m8[0;1;30;90;47mS@St[0;33;47mX[0;1;30;90;47m [0;33;47mX[0;1;30;90;47m;[0;33;47mX[0;1;30;90;47m:[0;33;47m8[0;1;30;90;47mX[0;33;47m@[0;1;30;90;47mS[0;33;47m@[0;1;30;90;47mX[0;33;47m8[0;1;30;90;47mX[0;33;47m8[0;1;30;90;47m@[0;33;47m8[0;1;30;90;47mt[0;33;5;40;100m ;[0;37;5;40;100mS[0;1;30;90;47m@[0;33;47m8[0;1;30;90;47m@%[0;33;5;40;100m:[0;1;30;90;47m%[0;33;47m8[0;1;30;90;47m88[0;33;47m@[0;1;30;90;47m8888[0;33;47m8[0;1;30;90;47m88[0;33;47m8[0;1;30;90;47m8[0;33;47m8[0;1;30;90;47m8[0;33;47m8[0;1;30;90;47m8[0;33;5;40;100m.[0;1;30;90;47m88[0;33;5;40;100m [0;33;47m8[0;1;30;90;47m8[0;33;5;40;100m [0;1;30;90;47m%[0;33;5;40;100m:[0;1;30;90;47mX[0;1;30;90;43m8[0;1;30;90;47m8[0;33;5;40;100m;[0;1;30;90;47m8[0;1;30;90;43m8[0;37;5;40;100mX[0;33;5;40;100m.[0;1;30;90;47m8[0;33;5;40;100mS[0;37;5;40;100m8[0;1;30;90;43m8[0;1;30;90;47m8[0;1;30;90;43m8[0;37;5;40;100m@[0;33;5;40;100m  [0;1;30;90;47mX[0;1;30;90;43m8[0;33;5;40;100m [0;1;30;90;43m8[0;1;30;90;47m8[0;1;30;90;43m8[0;1;30;90;47m8[0;33;5;40;100m [0;1;30;90;47m8[0;1;30;90;43m8[0;37;5;40;100m8[0;33;5;40;100mX;t[0m
[0;37;5;40;100m8[0;1;30;90;47mS[0;33;47m8[0;1;30;90;47m@[0;33;47m8[0;1;30;90;47m@[0;37;43m8[0;1;30;90;47m@[0;1;30;90;43m8[0;1;30;90;47mX8[0;1;30;90;43m8[0;1;30;90;47m8[0;1;30;90;43m8[0;1;30;90;47mX8[0;1;30;90;43m8[0;1;30;90;47m@[0;1;30;90;43m8[0;1;30;90;47mX[0;1;30;90;43m8[0;1;30;90;47mX[0;33;5;40;100m:[0;1;30;90;47m8[0;1;30;90;43m8[0;37;5;40;100m8[0;33;5;40;100mt:[0;1;30;90;43m8[0;37;5;40;100m8[0;1;30;90;43m8[0;33;5;40;100m:[0;1;30;90;43m8[0;33;5;40;100m .: [0;1;30;90;43m8[0;33;5;40;100m.[0;1;30;90;43m8[0;33;5;40;100m.:%SStt%::;t;t;%;%%S;%:t..;t;S%:%;;;:[0;1;30;90;43m8[0;35;5;40;100m:[0;1;30;90;43m8[0;33;5;40;100mt%%[0;31;5;40;100mS[0;33;5;40;100m;[0;35;5;40;100m%[0;1;30;90;43m8[0;35;5;40;100mS[0;33;5;40;100mS%t[0;1;30;90;43m8[0;33;5;40;100m;:;t[0;1;30;90;43m8[0;33;5;40;100m.[0;1;30;90;43m8[0;33;5;40;100m  ;.:[0;37;5;40;100m@[0;33;5;40;100m;:[0;1;30;90;43m8[0;37;5;40;100m%[0;33;5;40;100m: . ; ;X:::t:SS%:%;;;[0m
[0;33;5;40;100m;X%X%S%S:8S:t:@S;t:; %;; :[0;37;5;40;100m8[0;33;5;40;100m:[0;1;30;90;47m8[0;33;5;40;100m%[0;1;30;90;47m8[0;33;5;40;100m.[0;1;30;90;47m8[0;33;5;40;100m [0;33;47m8[0;1;30;90;47m88[0;37;5;40;100m8[0;1;30;90;47m8[0;37;5;40;100m@[0;1;30;90;47m88[0;33;5;40;100m.[0;37;5;40;100mX[0;33;5;40;100m; [0;1;30;90;47m888[0;33;47m8[0;1;30;90;47m8888888888888[0;33;47m@[0;1;30;90;47m8[0;33;47mX[0;1;30;90;47m8888[0;33;47m8[0;1;30;90;47m88[0;33;47m8[0;1;30;90;47m8[0;33;47m@[0;1;30;90;47m88888888[0;33;47m8[0;1;30;90;47m88[0;33;47m8[0;1;30;90;47m8[0;33;47m8[0;1;30;90;47m88[0;33;47m8[0;1;30;90;47m8[0;33;47m8[0;1;30;90;47m88[0;33;47m8[0;1;30;90;47m8[0;33;47m8[0;1;30;90;47m8[0;33;47m88[0;33;5;40;100m:[0;33;47m8[0;1;30;90;47m8[0;37;43m8[0;1;30;90;47m8[0;33;5;40;100m:[0;33;47m8[0;37;5;40;100m%[0;33;47m8[0;33;5;40;100m [0;33;47m8[0;33;5;40;100m [0;37;5;40;100mS[0;33;5;40;100m:[0;33;47m8[0;33;5;40;100m.[0;1;30;90;43m8[0;1;30;90;47m8[0;33;5;40;100m; [0;33;47m8[0;33;5;40;100m.:.[0;33;47m8[0;33;5;40;100m: [0m
[0;37;5;40;100m88@[0;1;30;90;47m8[0;37;5;40;100mX[0;1;30;90;47m8[0;37;5;40;100mSX[0;1;30;90;47m8[0;33;5;40;100m [0;1;30;90;47m8[0;37;5;40;100mS[0;1;30;90;47m8[0;37;5;40;100m@[0;1;30;90;47m8[0;37;5;40;100mX[0;1;30;90;47m8888[0;33;47m8[0;1;30;90;47m88[0;33;47m8[0;1;30;90;47m8[0;33;47m8[0;1;30;90;47m8[0;33;47m8[0;37;5;40;100mX[0;1;30;90;47m8[0;37;43m8[0;1;30;90;47m8[0;33;47m8[0;1;30;90;47m8[0;33;5;40;100m [0;33;47m8[0;33;5;40;100m.[0;33;47m8[0;1;30;90;47m8[0;1;30;90;43m8[0;1;30;90;47m8[0;33;47m8[0;1;30;90;47m8[0;1;30;90;43m8[0;1;30;90;47m8[0;33;47m8[0;33;5;40;100m.[0;33;47m8[0;1;30;90;43m8[0;1;30;90;47m8[0;1;30;90;43m8[0;1;30;90;47m8[0;37;43m8[0;33;47m8[0;1;30;90;43m8[0;33;47m8[0;37;43m8[0;1;30;90;43m8[0;35;47m8[0;1;31;91;43m8[0;1;30;90;47m8[0;1;31;91;43m8[0;1;30;90;47m8[0;1;31;91;43m8[0;1;30;90;47m8[0;1;31;91;43m8[0;1;30;90;47m8[0;33;5;41;101mS[0;1;30;90;47m8[0;1;31;91;43m8[0;1;30;90;47m8[0;31;43m@[0;1;30;90;43m8[0;37;5;41;101m8[0;1;30;90;47m888[0;33;47mX[0;1;30;90;47m@[0;33;47mS[0;1;30;90;47m8[0;33;47mX[0;1;30;90;47m@[0;33;47mX[0;1;30;90;47m8[0;37;43m8[0;31;5;41;101m8[0;33;5;40;100m:[0;33;5;41;101m8[0;35;5;40;100mS[0;33;41m8[0;35;5;40;100mt[0;33;5;41;101m8[0;33;5;40;100m:[0;33;5;41;101m8[0;33;5;40;100m.[0;33;5;41;101m@[0;35;5;40;100m [0;1;31;91;43m8[0;35;5;40;100m.[0;33;5;41;101mX[0;35;5;40;100m [0;1;31;91;43m8[0;37;5;40;100mt[0;33;5;41;101m@[0;33;5;40;100m.[0;33;5;41;101m8[0;35;5;40;100m.[0;33;5;41;101mX[0;37;5;40;100m;[0;33;5;41;101m@[0;33;5;40;100m [0;1;31;91;43m8[0;35;5;40;100m [0;33;5;40;100m.:[0;1;31;91;43m8[0;35;5;40;100m.[0;1;31;91;43m8[0;1;30;90;47m8[0;31;5;41;101m8[0;1;30;90;47m8[0;1;31;91;43m8[0;35;5;40;100m.[0;33;5;41;101mS[0;1;30;90;47m8[0;1;31;91;43m8[0;35;5;40;100m.[0;1;31;91;43m8[0;37;5;40;100mt[0m
[0;33;5;40;100m [0;1;30;90;47m8[0;1;30;90;43m8[0;1;30;90;47m8[0;1;30;90;43m8[0;37;5;40;100m;[0;1;30;90;43m8[0;1;30;90;47m8[0;1;30;90;43m8[0;1;30;90;47m8[0;1;30;90;43m8[0;1;30;90;47m8[0;1;30;90;43m8[0;1;30;90;47m8[0;1;30;90;43m8[0;33;5;40;100m:[0;1;30;90;43m888[0;1;30;90;47m8[0;1;30;90;43m88[0;1;30;90;47m8[0;1;31;91;43m8[0;37;5;40;100m%[0;1;30;90;43m8[0;33;5;40;100m [0;1;31;91;43m8[0;1;30;90;47m8[0;1;30;90;43m8[0;35;5;40;100m.[0;1;31;91;43m8[0;1;30;90;47m8[0;1;30;90;43m8[0;33;47m8[0;33;5;41;101m@[0;1;30;90;47m8[0;1;30;90;43m8[0;1;31;91;47m8[0;33;5;40;100m.[0;1;31;91;43m8[0;1;30;90;47m8[0;33;5;41;101mX[0;1;30;90;47m8[0;1;31;91;43m8[0;1;30;90;47m8[0;37;5;41;101m8[0;1;30;90;47m8[0;33;5;41;101m%[0;1;30;90;47m8[0;1;31;91;47m8[0;37;43m8[0;35;5;41;101mS[0;1;30;90;47m8[0;35;5;41;101m%[0;1;30;90;47m8[0;35;5;41;101mS[0;1;30;90;47m8[0;37;43m8[0;1;30;90;47m8[0;1;31;91;43m8[0;1;30;90;47mX88[0;1;31;91;47m8[0;1;30;90;47m8[0;33;47m8[0;1;30;90;47m8[0;33;47m8[0;1;30;90;47m8[0;33;5;41;101mX[0;1;30;90;47mX8[0;1;30;90;43m8[0;1;31;91;47m8[0;1;30;90;43m8[0;33;47m@[0;1;31;91;47m8[0;33;47m8[0;1;30;90;47m8[0;33;5;41;101m%[0;1;30;90;47m@[0;37;43m8[0;35;47m8[0;1;31;91;43m8[0;1;30;90;47m888[0;33;5;40;100m:[0;33;47m8[0;35;5;40;100m [0;33;47m8[0;35;5;40;100m.[0;1;30;90;47m888888[0;33;47m8[0;1;30;90;47m888[0;33;5;40;100m.[0;1;30;90;47m8[0;33;5;40;100m.[0;1;30;90;47m888[0;37;43m8[0;1;30;90;47m888[0;1;31;91;43m8[0;1;30;90;47m888[0;33;47m8[0;35;5;40;100m.[0;1;30;90;47m8[0;33;5;40;100m;[0;37;43m8[0;37;5;40;100m%[0;1;30;90;47m8[0;33;5;40;100m [0;33;47m8[0;37;5;40;100mt[0;1;30;90;47m8[0;37;5;40;100mt[0;1;30;90;43m8[0m
[0;33;5;40;100mtt:[0;1;30;90;43m8[0;35;5;40;100m;[0;1;30;90;43m8[0;1;30;90;45m8[0;1;30;90;43m8[0;35;5;40;100m.[0;1;30;90;43m8[0;1;30;90;45m8[0;1;30;90;43m8[0;35;5;40;100mt[0;1;30;90;43m8[0;1;30;90;45m8[0;1;30;90;43m8[0;1;30;90;45m8[0;37;5;40;100mt[0;1;30;90;43m8[0;1;30;90;45m8[0;1;30;90;47m8[0;1;30;90;43m8[0;1;30;90;45m8[0;33;5;40;100m.:.[0;37;5;40;100m;[0;33;5;40;100m.%[0;35;5;40;100m:[0;33;47m8[0;35;5;40;100m [0;33;5;40;100m.[0;35;5;40;100m [0;37;5;40;100m:[0;1;30;90;47m8[0;33;5;40;100mt.:[0;1;30;90;47m8[0;33;5;40;100m;.[0;1;30;90;47m8[0;33;5;40;100m.[0;1;30;90;47m8[0;33;5;40;100m%;:[0;37;5;40;100mX[0;33;5;40;100mt:[0;35;5;40;100m [0;1;30;90;47m8[0;33;5;40;100m%[0;37;5;40;100m@[0;33;5;40;100mt t%[0;35;5;40;100m;[0;33;5;40;100m %[0;1;30;90;43m8[0;35;5;40;100m;[0;33;5;40;100m@[0;31;5;40;100mS[0;33;5;40;100mS[0;31;5;40;100m@[0;33;5;40;100mX[0;35;5;40;100mt[0;33;5;40;100m:S[0;35;5;40;100mX[0;33;5;40;100m;;[0;35;5;40;100mt[0;33;5;40;100mS[0;35;5;40;100mS[0;33;5;40;100m8%.%[0;31;5;40;100m@[0;33;5;40;100mS[0;35;5;40;100m.[0;31;5;40;100m8[0;33;5;40;100m8[0;31;5;40;100m8[0;33;5;40;100mX[0;31;5;40;100mS[0;33;5;40;100m%[0;31;5;40;100m@[0;33;5;40;100mS[0;1;30;90;41m8[0;33;5;40;100m@[0;1;30;90;41m8[0;33;5;40;100m8[0;1;30;90;41m8[0;33;5;40;100mS[0;31;5;40;100m88[0;33;5;40;100m8[0;31;5;40;100m8[0;33;5;40;100m@[0;1;30;90;41m8[0;33;5;40;100m%[0;1;30;90;43m8[0;1;30;90;41m8[0;33;5;40;100m@[0;31;5;40;100m88[0;33;5;40;100m8[0;31;5;40;100m@[0;33;5;40;100m;[0;31;5;40;100m8[0;33;5;40;100m8[0;1;30;90;41m@[0;31;5;40;100mX[0;33;5;40;100mX[0;31;5;40;100m8[0;33;5;40;100m%[0;31;5;40;100mX[0;33;5;40;100m@@S[0;31;5;40;100m@[0;33;5;40;100m8[0;1;30;90;41m8[0;33;5;40;100m%;[0m
[0;33;5;40;100mXX[0;35;5;40;100mS[0;33;5;40;100mX[0;35;5;40;100m%[0;33;5;40;100mSX%[0;35;5;40;100mS[0;1;30;90;43m8[0;33;5;40;100mS[0;31;5;40;100mX[0;33;5;40;100mX%XS[0;1;30;90;43m8[0;31;5;40;100mX[0;33;5;40;100m%[0;31;43m8[0;31;5;40;100m@[0;33;5;40;100m%88[0;31;5;40;100mS[0;1;30;90;43m8[0;31;5;40;100mX8[0;33;5;40;100m8[0;1;30;90;41m8[0;31;5;40;100m88[0;33;5;40;100m8[0;1;30;90;41m8[0;33;5;40;100m@[0;1;30;90;41m8[0;33;5;40;100mXX[0;31;5;40;100m8[0;1;30;90;43m8[0;33;5;40;100m%XX%X%SS@SSX8X@%%S@@%[0;35;5;40;100mt[0;33;5;40;100mX@[0;31;5;40;100mX[0;33;5;40;100mX[0;31;5;40;100mX[0;33;5;40;100mSX[0;31;5;40;100m8[0;33;5;40;100mS[0;31;5;40;100m@[0;33;5;40;100m8X[0;31;5;40;100mS[0;33;5;40;100m@[0;31;5;40;100mX[0;33;5;40;100m8[0;31;5;40;100m@[0;33;5;40;100m%%%%%%tt:;;;;::: ....... [0;1;30;90;47m8[0;33;5;40;100mS .          [0;37;5;40;100m@[0;33;5;40;100m. [0;37;5;40;100m@[0;33;5;40;100m:[0;37;5;40;100m;[0;33;5;40;100m [0;37;5;40;100mS[0;33;5;40;100m [0;1;30;90;47m8[0;33;5;40;100m;[0;37;5;40;100mS[0m
[0;33;5;40;100m .:.[0;37;43m8[0;35;5;40;100m [0;33;5;40;100m.[0;1;30;90;43m8[0;37;5;40;100mt[0;33;5;40;100m   . [0;37;5;40;100mt[0;33;5;40;100m. [0;1;30;90;47m8[0;33;5;40;100m;[0;37;5;40;100mS[0;33;5;40;100m ..:::;. [0;37;5;40;100m@[0;33;5;40;100m: [0;37;5;40;100m@[0;33;5;40;100m.[0;1;30;90;47m8[0;33;5;40;100m;[0;37;5;40;100m%[0;33;5;40;100m.[0;1;30;90;47m8[0;33;5;40;100m;[0;37;5;40;100mt[0;33;5;40;100m [0;1;30;90;47m8[0;33;5;40;100m:[0;37;5;40;100m;;t[0;1;30;90;47m8[0;33;5;40;100m;[0;37;5;40;100m;[0;1;30;90;47m8[0;33;5;40;100m:[0;37;5;40;100m:;%S[0;33;5;40;100m.[0;1;30;90;47m8[0;33;5;40;100m:[0;37;5;40;100m;[0;1;30;90;47m8[0;1;30;90;43m8[0;1;30;90;47m8[0;33;5;40;100m [0;1;30;90;47m8[0;33;5;40;100m.[0;1;30;90;47m8[0;33;5;40;100m:. [0;37;5;40;100m8[0;33;5;40;100m.[0;37;5;40;100m%[0;33;5;40;100m [0;1;30;90;47m8[0;33;5;40;100m:[0;37;5;40;100mS[0;33;5;40;100m [0;37;5;40;100m@[0;33;5;40;100m [0;37;5;40;100m%[0;33;5;40;100m [0;37;5;40;100m%[0;33;5;40;100m [0;37;5;40;100mS[0;33;5;40;100m [0;37;5;40;100mS[0;33;5;40;100m.[0;1;30;90;47m8[0;1;30;90;43m8[0;1;30;90;47m8[0;33;5;40;100m:[0;1;30;90;47m8[0;1;30;90;43m8[0;1;30;90;47m8[0;1;30;90;43m8[0;1;30;90;47m8[0;1;30;90;43m8[0;1;30;90;47m8[0;1;30;90;43m8[0;1;30;90;47m8[0;1;30;90;43m8[0;1;30;90;47m8[0;1;30;90;43m8[0;33;5;40;100m. [0;33;47m8[0;33;5;40;100m.[0;1;30;90;47m8[0;1;30;90;43m8[0;1;30;90;47m8[0;1;30;90;43m8[0;37;5;40;100mS[0;1;30;90;43m8[0;1;30;90;47m8[0;1;30;90;43m8[0;37;5;40;100mS[0;1;30;90;43m8[0;33;5;40;100m [0;37;5;40;100m@[0;1;30;90;43m8[0;33;5;40;100m .[0;1;30;90;43m8[0;1;30;90;47m8[0;33;5;40;100m%:[0;1;30;90;43m8[0;37;5;40;100mt[0;33;5;40;100m;[0m
[0;33;5;40;100m [0;1;30;90;47m8[0;1;30;90;43m8[0;1;30;90;47m8[0;33;5;40;100m.[0;1;30;90;47m8[0;33;5;40;100m;[0;1;30;90;47m8[0;33;5;40;100m;[0;33;47m8[0;33;5;40;100m.[0;33;47m8[0;33;5;40;100m.[0;33;47m8[0;33;5;40;100m;.[0;1;30;90;43m8[0;33;5;40;100m.:::..[0;1;30;90;47m8[0;1;30;90;43m8[0;37;5;40;100m;[0;33;5;40;100m.[0;37;5;40;100mS[0;1;30;90;43m8[0;37;5;40;100m%[0;33;5;40;100m.[0;1;30;90;43m8[0;1;30;90;47m8[0;1;30;90;43m8[0;33;5;40;100m..[0;33;47m8[0;33;5;40;100m;[0;1;30;90;43m8[0;37;5;40;100mt[0;1;30;90;43m8[0;1;30;90;47m8[0;1;30;90;43m8[0;35;5;40;100m [0;33;47m8[0;33;5;40;100m:[0;1;30;90;43m8[0;35;5;40;100m [0;33;47m8[0;33;5;40;100m;; [0;33;47m8[0;33;5;40;100m:[0;1;30;90;43m8[0;1;30;90;47m8[0;1;30;90;43m8[0;33;5;40;100m [0;1;30;90;47m8[0;1;30;90;43m8[0;35;5;40;100m.[0;37;5;40;100m:[0;33;5;40;100m:[0;1;30;90;43m8[0;37;5;40;100m;[0;1;30;90;43m8[0;35;5;40;100m.[0;33;5;40;100m;[0;37;5;40;100mS[0;1;30;90;43m8[0;37;5;40;100m%[0;33;5;40;100m:[0;1;30;90;43m8[0;1;30;90;47m8[0;33;5;40;100mS.[0;1;30;90;43m8[0;37;5;40;100m%[0;33;5;40;100m;.[0;1;30;90;43m8[0;1;30;90;47m8[0;1;30;90;43m8[0;37;5;40;100m:[0;1;30;90;43m8[0;1;30;90;47m8[0;1;30;90;43m8[0;33;5;40;100m :[0;37;5;40;100m;[0;1;30;90;43m8[0;35;5;40;100m [0;33;5;40;100m: .[0;37;5;40;100mt[0;33;5;40;100m; . : :[0;37;5;40;100mt[0;1;30;90;43m8[0;37;5;40;100mt[0;33;5;40;100m.;; :   ;[0;37;5;40;100mt[0;33;5;40;100m.[0;37;5;40;100mS[0;1;30;90;43m8[0;37;5;40;100m;t[0;33;5;40;100m.[0;1;30;90;47m8[0;33;5;40;100m:: [0;1;30;90;47m8[0;33;5;40;100m. [0;37;5;40;100mX[0m
