[0;1;37;97;47m@88888888888[0;37;5;47;107m8[0;1;37;97;47m8[0;37;5;47;107m8[0;1;37;97;47m8[0;37;5;47;107m88888[0;1;37;97;47m8[0;37;5;47;107m8[0;1;37;97;47m8[0;37;5;47;107m8[0;1;37;97;47m8[0;37;5;47;107m88888888888@@X@X@888888888@@XXXXXS%%tt%%%%%%%%%%%SSSSSSXX@8888888[0;1;37;97;47m8[0;37;5;47;107m8[0;1;37;97;47m888@@@@@XSSS%%t%tttt;tt;ttttttt%t%%%%[0m
[0;1;37;97;47mX@8@@@@@@@@8@88[0;37;5;47;107m8[0;1;37;97;47m8[0;37;5;47;107m8[0;1;37;97;47m888[0;37;5;47;107m8[0;1;37;97;47m88[0;37;5;47;107m8[0;1;37;97;47m88[0;37;5;47;107m8[0;1;37;97;47m8[0;37;5;47;107m8888888@@@@XX@@@8888@@@XXXXXS%%tttt%%%%S%%%t%S%SSXSXX@88888888888888[0;1;37;97;47m8[0;37;5;47;107m8888[0;1;37;97;47m@XS%%%t%t;;;;;;;;;;;tt%%%SSS[0m
[0;1;37;97;47mSSXXSXXSSXXX@888[0;37;5;47;107m8[0;1;37;97;47m888888888[0;37;5;47;107m8[0;1;37;97;47m8[0;37;5;47;107m888888888@@XXXXXXXX@8@@XXXSXS%tttttttt%%%%%%%%%SSXSXXX8888@888@8888888[0;1;37;97;47m8[0;37;5;47;107m8888[0;1;37;97;47m8XS%%%tt;;:;:;::;;;tt%SSX@@[0m
[0;1;37;97;47m%%%%S%S%%SSSXX@8@8888888888[0;37;5;47;107m888888888@@XXXSXXS%SS@@XXSSS%%tt;ttttttt%%%%S%%%%SSSSX@X@XXXX@XX@888888888888[0;1;37;97;47mXS%t%ttt;;;;;:;;;;t%%SXSSS[0m
[0;1;37;97;47mttt%t%t%%%SSSXX@@88888@888[0;37;5;47;107m8[0;1;37;97;47m8[0;37;5;47;107m88[0;1;37;97;47m8[0;37;5;47;107m888@@XSSXSSS%tt;%%XSt%%ttttt;;tttt%t%t%%%%%%%%%SSSSXXSXSXXXXX@888888888[0;1;37;97;47m@@XXSSSS%%ttt;;;;;tt%%S%S%%%[0m
[0;1;37;97;47m;tt;tt%tt%%%SSXX@X@8@8@8888[0;37;5;47;107m8[0;1;37;97;47m8[0;37;5;47;107m8888@@XS%%%%%ttt;;tt%t;;ttt;;t;;ttt%t%tttt%t%%%SS%SSSSSXSXXXXXX8888[0;1;37;97;47m8[0;37;5;47;107m8[0;1;37;97;47m@[0;37;5;47;107m88[0;1;37;97;47m@[0;37;5;47;107m8[0;1;37;97;47mX@@@@@@SSS%tt;;;tt%%%%%%%%t[0m
[0;1;37;97;47m:;;;t;tt;t%%%SSXXX@@8888888[0;37;5;47;107m88@@@XSS%ttt%%%%t;;;;;;;;;;;;tttttttttt;t%%t%%S%S%%%S%SSSXSXSSSXX888[0;1;37;97;47m@[0;37;5;47;107m888[0;1;37;97;47m@[0;37;5;47;107m88[0;1;37;97;47m@[0;37;5;47;107m8888[0;1;37;97;47m8@@XXXS%t;t%%SSSSSSS%%%[0m
[0;1;37;97;47m:;;;;;:;;;tt%%XX@888[0;37;5;47;107m8[0;1;37;97;47m88888[0;37;5;47;107m88@XXSS%%t%ttt%tt;t;;;;tt;;ttt%t%%%t%%t%%%%%%%SS%%%%S%SSSSSXSXXXX@88[0;1;37;97;47m@[0;37;5;47;107m8[0;1;37;97;47mX@[0;37;5;47;107m8[0;1;37;97;47m8[0;37;5;47;107m8[0;1;37;97;47m@[0;37;5;47;107m8[0;1;37;97;47m8@@@@@@8@@XXSSXX@@@@XXSS%S%[0m
[0;1;37;97;47m:::;;;;;tttt%SS@@88[0;37;5;47;107m88@8[0;1;37;97;47m8[0;37;5;47;107m8[0;1;37;97;47m8[0;37;5;47;107m8@@XXXS%%%%%tttttttt%%%%t%S%S%%S%%S%S%S%S%S%SSSSSSSSXXXXXXSSSSX@@88[0;1;37;97;47m@[0;37;5;47;107m8[0;1;37;97;47mX@@@@@[0;37;5;47;107m8[0;1;37;97;47m@[0;37;5;47;107m8888[0;1;37;97;47m8[0;37;5;47;107m888888[0;1;37;97;47m888@@@@@X@XS%%tt[0m
[0;1;37;97;47m.:;:;;;;ttt%%SXX@88[0;37;5;47;107m8@@@@888@@XXSXS%S%%%t%%%%%%%S%SSXSSSSSSS%S%SXSXSSSSSSSSSSSSSX@888@XSX@8888[0;1;37;97;47m@@[0;37;5;47;107m8[0;1;37;97;47mX[0;37;5;47;107m8[0;1;37;97;47m@[0;37;5;47;107m88[0;1;37;97;47m@[0;37;5;47;107m8888888@@888[0;1;37;97;47m8[0;37;5;47;107m8[0;1;37;97;47m88@XSSSSS%%t;;[0m
[0;1;37;97;47m.::::;;;tt%tSSX@88[0;37;5;47;107m88@XX@@XX@XXXXSSSSSSSSSXSSSSXXXXXXXXXXXSS%%SSXXXXXXSXXSXSS%SXX@88888@8888[0;1;37;97;47m@[0;37;5;47;107m888[0;1;37;97;47mX[0;37;5;47;107m8[0;1;37;97;47m@[0;37;5;47;107m888@888@8@@@@8[0;1;37;97;47m888@@XXXSSSSS%%t;:[0m
[0;1;37;97;47m ...::;;;tt%SXX@88[0;37;5;47;107m88@XXX@@@@@@@X@X@@@@@XXXXXXXXXX@@@@XXXSSSSSSXX@@@XXXXXXXSSX8888[0;1;37;97;47m@[0;37;5;47;107m8[0;1;37;97;47m@[0;37;5;47;107m888[0;1;37;97;47m@[0;37;5;47;107m8[0;1;37;97;47m@[0;37;5;47;107m8[0;1;37;97;47m@[0;37;5;47;107m8[0;1;37;97;47m@[0;37;5;47;107m8888XXX@@8@@@8888[0;1;37;97;47m8[0;37;5;47;107m8[0;1;37;97;47m@8@XXSS%%S%t;;;:.[0m
[0;1;30;90;47m. [0;1;37;97;47m..::;;;tt%SXX888[0;37;5;47;107m8@@@XXX@@8@@88@8@888@@@XX@@@@@X@8@@XXSSSSSXXX@@88XX@88XX@@8[0;1;37;97;47m@[0;37;5;47;107m8[0;1;37;97;47mX[0;37;5;47;107m8[0;1;37;97;47mX[0;37;5;47;107m88[0;1;37;97;47m@@@X@[0;37;5;47;107m8[0;1;37;97;47m@[0;37;5;47;107m8[0;1;37;97;47m@[0;37;5;47;107m8888888@888@8888[0;1;37;97;47m8[0;37;5;47;107m8[0;1;37;97;47m8@@@XXS%%%%%tt;:::.[0m
[0;1;30;90;47m8:[0;1;37;97;47m...:;;t%%XX888[0;37;5;47;107m88[0;1;37;97;47m88[0;37;5;47;107m8888@888888888888888@@XSX@XXXXX@@@XXXSXX@@@X@@@@@8888888[0;1;37;97;47mXX@@[0;37;5;47;107m8[0;1;37;97;47m@[0;37;5;47;107m8[0;1;37;97;47m@[0;37;5;47;107m8[0;1;37;97;47mX@@X@@8[0;37;5;47;107m8[0;1;37;97;47m8[0;37;5;47;107m8[0;1;37;97;47m@[0;37;5;47;107m8888888888888[0;1;37;97;47m888@@XS%%%%%ttt;t;;:;[0m
[0;33;5;40;100m8[0;1;30;90;41m8[0;33;5;40;100m%[0;37;5;40;100mS[0;1;30;90;47mS[0;1;37;97;47m:;;;t%%X888888[0;37;5;47;107m8[0;1;37;97;47m8[0;37;5;47;107m8888@888888888888@@@@XXXXXXX@XX@8@8@@@@@XXXX@@@8[0;1;37;97;47mX@@@[0;37;5;47;107m8[0;1;37;97;47mX@@[0;37;5;47;107m8[0;1;37;97;47mX@XXX@X@@@[0;37;5;47;107m8[0;1;37;97;47m@[0;37;5;47;107m8[0;1;37;97;47m@[0;37;5;47;107m8[0;1;37;97;47m@@[0;37;5;47;107m8[0;1;37;97;47m@[0;37;5;47;107m8[0;1;37;97;47m@888[0;37;5;47;107m88[0;1;37;97;47m8[0;37;5;47;107m8[0;1;37;97;47m8888@XXSS%%%ttt%t%S%ttt;[0m
[0;33;5;40;100m8[0;31;43m8[0;33;5;40;100m%[0;33;41m8[0;31;5;40;100mX[0;33;5;40;100m8[0;37;5;40;100m%[0;1;37;97;47m tttSSX888888[0;37;5;47;107m8[0;1;37;97;47m8[0;37;5;47;107m8888888888888888@@@@XXXX@@8@@@8888888@XXXSXX@8[0;1;37;97;47m@XX@XX@@XSXXXX@@@@[0;37;5;47;107m8[0;1;37;97;47mX@8@[0;37;5;47;107m8[0;1;37;97;47m@[0;37;5;47;107m8[0;1;37;97;47mX@@X88@@X88@@@XXXSSS%%%%%%S%%%%ttt::[0m
[0;33;5;40;100m8[0;1;30;90;41m8[0;33;5;40;100mX[0;1;30;90;41m8[0;1;30;90;43m8[0;35;41m8[0;1;30;90;43m8[0;31;5;40;100m@[0;33;5;40;100m:[0;1;30;90;47m8:[0;1;37;97;47mtS%%S@@@@@8888[0;37;5;47;107m8[0;1;37;97;47m88[0;37;5;47;107m8[0;1;37;97;47m8[0;37;5;47;107m888[0;1;37;97;47m8[0;37;5;47;107m8[0;1;37;97;47m8[0;37;5;47;107m88888888888888888[0;1;37;97;47m88[0;37;5;47;107m888XXXXXXX@88[0;1;37;97;47m@XXXX@XX@@XXX@@[0;37;5;47;107m8[0;1;37;97;47mX@X[0;37;5;47;107m8[0;1;37;97;47mXX@@@@888@8@@@@XXXXXXSSS%%%%%%%ttt;;;:;::.[0m
[0;33;5;40;100m8[0;1;30;90;41m8[0;1;30;90;43m8[0;35;5;41;101m8[0;1;30;90;43m88[0;35;41m8[0;1;30;90;43m88[0;33;41m8[0;33;5;40;100mS[0;31;5;40;100m@[0;33;5;40;100m.[0;1;30;90;47mX[0;1;37;97;47m %SXX@@8:  [0;1;30;90;47m  .. .[0;1;37;97;47m:@88[0;37;5;47;107m8[0;1;37;97;47mXXX@@8[0;37;5;47;107m8[0;1;37;97;47m8[0;37;5;47;107m8[0;1;37;97;47m@@@@8[0;37;5;47;107m8[0;1;37;97;47m@[0;37;5;47;107m8[0;1;37;97;47m@[0;37;5;47;107m88@@@XXX@@888[0;1;37;97;47mXXXSXXX@@@XXX@XXSXXXX@@@@@@@[0;37;5;47;107m88[0;1;37;97;47m@[0;37;5;47;107m8[0;1;37;97;47mX@XXXXXSSS%%%tttt;;:;:[0;1;30;90;47m [0;1;37;97;47m:[0;1;30;90;47m      [0;1;37;97;47m.[0m
[0;33;5;40;100m8S[0;1;30;90;43m8[0;33;5;40;100m:[0;33;5;41;101m8[0;35;5;40;100m [0;1;30;90;43m8[0;35;5;41;101m@[0;33;5;40;100mtS[0;1;31;91;41m8[0;33;5;40;100mt[0;1;30;90;43m8[0;33;41m8[0;31;5;40;100m@[0;1;30;90;47m%[0;1;37;97;47m@%XX@S[0;33;5;40;100m%[0;1;30;90;41m@[0;1;30;90;43m8[0;1;30;90;41m8[0;33;41m8[0;31;5;40;100m@[0;33;41m8[0;31;5;40;100m@[0;33;41m8[0;31;5;40;100mX[0;33;5;40;100m [0;1;37;97;47m@[0;37;5;47;107m8[0;1;37;97;47mSXX@@88@@X@@@@X@@@[0;37;5;47;107m888@@@@X@@8[0;1;37;97;47m@XXXXSXXSXSSS%S%S%SSXXXX@XX@@[0;37;5;47;107m8[0;1;37;97;47m@@[0;37;5;47;107m8[0;1;37;97;47m@8[0;37;5;47;107m8[0;1;37;97;47m@@@XXSS%%tt;;;;:::.[0;1;30;90;47m    [0;1;37;97;47m.[0;1;30;90;47m [0;1;37;97;47m:[0;1;30;90;47m [0;1;37;97;47m:::[0m
[0;33;5;40;100m8[0;1;31;91;41m8[0;33;5;40;100m.[0;1;31;91;43m8[0;35;5;40;100m [0;1;31;91;43m8[0;37;5;40;100m:[0;1;30;90;43m8[0;33;5;41;101m8[0;35;5;40;100m [0;1;30;90;43m8[0;33;5;40;100m%[0;31;5;41;101m8[0;33;5;40;100m [0;1;30;90;43m8[0;1;30;90;47mt[0;1;37;97;47mS;;tS [0;31;5;40;100m@[0;1;30;90;43m8[0;35;41m@[0;1;30;90;43m8[0;33;5;40;100m%[0;31;43m8[0;35;5;40;100m:[0;1;30;90;43m8[0;35;5;40;100mS[0;1;31;91;43m8[0;33;5;40;100m%[0;31;5;40;100m@[0;1;30;90;47m8[0;1;37;97;47m 8S@@XXX@X@X@@@@[0;37;5;47;107m8[0;1;37;97;47m@[0;37;5;47;107m8[0;1;37;97;47m8[0;37;5;47;107m8888888[0;1;37;97;47m@@XXS%SSS%S%%%t%tt;ttt%%S%SS@8@X@@@8XXXSS%%ttt;;;;:...[0;1;30;90;47m        [0;1;37;97;47m;;;;;;[0m
[0;33;5;40;100m8%%[0;1;30;90;45m8[0;1;30;90;43m8[0;35;5;40;100m;[0;33;5;41;101m@[0;35;5;40;100m [0;33;5;40;100m.[0;1;31;91;43m8[0;35;5;40;100mt[0;1;30;90;43m8[0;33;5;40;100m.[0;1;31;91;43m8[0;35;5;40;100mt[0;1;30;90;47mXt;;tt8[0;33;41m8[0;33;5;40;100mS[0;31;43m8[0;1;30;90;45m8[0;33;5;41;101m@[0;33;5;40;100m.[0;33;5;41;101mS[0;33;5;40;100mt[0;33;5;41;101m8[0;35;5;40;100m.[0;1;31;91;43m8[0;33;5;40;100mt[0;33;41m8[0;33;5;40;100m%[0;31;5;40;100mS[0;33;5;40;100m.[0;1;30;90;47m8%::;;:;;;;:;t;%tt%S%SXXSXSXXXX@X@8t[0;1;37;97;47m8%%%%%%%SXXS@@@[0;37;5;47;107m8[0;1;37;97;47mX@XXSSS%S%tttt;t;;:.  [0;1;30;90;47m .     .  [0;1;37;97;47m:;;;;tt;[0m
[0;33;5;40;100m8[0;1;30;90;41m8[0;33;41m8[0;1;30;90;43m8[0;31;5;41;101m8[0;33;5;40;100mt%[0;31;43m8[0;35;5;40;100m%[0;31;43m8[0;1;30;90;45m8[0;33;5;41;101m8[0;33;5;40;100mt[0;31;5;40;100mX[0;31;43m88[0;31;5;40;100mS[0;31;43m8[0;31;5;40;100mX[0;31;43m8[0;33;5;40;100mX[0;1;30;90;41m8[0;1;30;90;43m8[0;31;5;41;101m8[0;33;5;40;100m:[0;1;30;90;43m8[0;33;5;40;100mS[0;31;43m8[0;35;5;40;100m.[0;33;5;41;101m8[0;33;5;40;100m.[0;1;30;90;43m8[0;1;30;90;45m8[0;33;5;41;101m8[0;33;5;40;100m;[0;31;5;41;101m@[0;1;30;90;43m8[0;33;5;41;101m8[0;33;5;40;100mt[0;33;41m8[0;31;5;40;100mS[0;33;41m8[0;33;5;40;100mS[0;33;41m@[0;33;5;40;100m%[0;1;31;91;41m8[0;33;5;40;100m%[0;33;41m8[0;33;5;40;100m%[0;1;31;91;41m8[0;33;5;40;100m%[0;31;43m8[0;35;5;40;100m;[0;33;5;41;101m8[0;33;5;40;100m;[0;1;31;91;43m8[0;35;5;40;100m;[0;1;31;91;43m8[0;33;5;40;100m;[0;33;5;41;101m8[0;33;5;40;100m:[0;1;31;91;43m8[0;35;5;40;100m:[0;1;31;91;43m8[0;33;5;40;100m:[0;33;5;41;101m8[0;33;5;40;100m:[0;33;5;41;101m8[0;33;5;40;100m:[0;1;31;91;43m8[0;33;5;40;100m.[0;33;5;41;101mX[0;33;5;40;100m;[0;1;30;90;47m8[0;1;37;97;47mS8@@@@8@[0;37;5;47;107m8[0;1;37;97;47mX@XXXS%%%tttt;;.[0;1;30;90;47m:[0;1;37;97;47m:::;;:  [0;1;30;90;47m::::.. [0;1;37;97;47m [0;1;30;90;47m ..     [0;1;37;97;47m.;;;;;[0m
[0;31;5;40;100m8[0;1;30;90;43m8[0;35;41m8[0;1;30;90;43m8[0;33;5;40;100m%[0;33;41m@[0;35;5;40;100mS[0;33;41m8[0;1;30;90;43m8[0;35;41m8[0;1;30;90;43m@[0;31;5;40;100m@[0;31;43m8[0;33;5;40;100mt[0;35;5;41;101m8[0;33;5;40;100m%[0;1;30;90;43m8[0;1;30;90;45m8[0;31;43mX[0;35;5;40;100mt[0;31;43m8[0;35;5;40;100m%[0;1;30;90;43m8[0;33;5;40;100m:[0;33;5;41;101mX[0;35;5;40;100m%;[0;1;30;90;43m8[0;35;5;41;101m8[0;33;5;40;100m;[0;1;31;91;43m8[0;33;5;40;100m;[0;1;31;91;43m8[0;33;5;40;100m.[0;1;31;91;43m8[0;37;5;40;100mt[0;1;30;90;43m8[0;1;30;90;45m8[0;1;31;91;43m8[0;35;5;40;100m [0;33;5;41;101mS[0;37;5;40;100mt[0;33;5;41;101m@[0;35;5;40;100m [0;1;31;91;43m8[0;37;5;40;100m%[0;1;31;91;43m8[0;35;5;40;100m.[0;1;31;91;43m8[0;1;30;90;47m8[0;1;31;91;43m8[0;35;5;40;100m:[0;33;5;41;101mX[0;33;5;40;100m [0;1;31;91;43m8[0;35;5;40;100m [0;33;5;41;101mX[0;37;5;40;100mt[0;1;31;91;43m8[0;35;5;40;100m [0;33;5;41;101mX[0;37;5;40;100mt[0;1;31;91;43m8[0;35;5;40;100m [0;33;5;41;101mX[0;37;5;40;100mt[0;1;30;90;43m8[0;1;30;90;45m8[0;1;31;91;43m8[0;1;30;90;47m8[0;33;5;41;101m8[0;37;5;40;100mS[0;33;5;41;101m@[0;1;30;90;47m8[0;1;37;97;47mS8@@XXS%%%%%%t;;::::..: [0;1;30;90;47mtS[0;1;37;97;47m   ;.  [0;1;30;90;47m..t;:..  ...:.. [0;1;37;97;47m:;:;;;:[0m
[0;33;5;40;100m8[0;1;30;90;41m8[0;1;30;90;43m8[0;35;41m8[0;1;30;90;43m8[0;31;43m8[0;1;30;90;43m8[0;1;31;91;45m8[0;1;30;90;43m88[0;1;31;91;41m8[0;33;5;40;100m;[0;1;30;90;43m8[0;33;5;41;101m8[0;33;5;40;100m:[0;1;31;91;43m8[0;33;5;40;100mt[0;33;5;41;101mX[0;33;5;40;100mt[0;33;5;41;101m@[0;33;5;40;100m:[0;1;31;91;43m8[0;1;30;90;45m8[0;1;31;91;43m8[0;33;5;40;100m:[0;1;30;90;43m8[0;35;5;40;100mS[0;1;31;91;43m8[0;33;5;40;100m:[0;1;30;90;43m8[0;1;30;90;45m8[0;1;31;91;43m8[0;37;5;40;100mt[0;33;5;41;101mX[0;37;5;40;100mS[0;33;5;41;101m@[0;33;5;40;100m [0;1;31;91;43m8[0;1;30;90;47m8[0;33;5;41;101m@[0;37;5;40;100mX[0;1;30;90;43m8[0;35;5;40;100m.[0;33;5;41;101mt[0;1;30;90;47m8[0;1;30;90;43m8[0;1;31;91;45m8[0;33;47m8[0;1;30;90;43m8[0;35;5;41;101m8[0;33;5;40;100m:[0;1;31;91;43m8[0;1;30;90;47m8[0;1;31;91;43m8[0;1;30;90;47m8[0;1;31;91;43m8[0;1;30;90;47m8[0;1;30;90;43m8[0;1;31;91;45m8[0;33;47m8[0;33;5;40;100m:[0;33;5;41;101mX[0;1;30;90;47m8[0;1;30;90;43m8[0;1;30;90;47m8[0;31;5;41;101mS[0;33;47m8[0;1;31;91;43m8[0;37;5;40;100m:[0;33;5;41;101m@[0;37;5;40;100m%[0;1;30;90;43m88[0;35;5;41;101m8[0;1;30;90;47mS8:..  .:;[0;1;37;97;47m::..     [0;1;30;90;47m:[0;1;37;97;47m  [0;1;30;90;47m:tt8%;tt:[0;1;37;97;47m [0;1;30;90;47m.::;t;;t;::::..   %.  .@[0m
[0;33;5;40;100m8[0;31;5;40;100m@[0;33;5;40;100m@:[0;35;5;40;100m%S[0;33;5;40;100m%t[0;35;5;40;100mX[0;33;5;40;100mtt[0;1;30;90;43m8[0;1;30;90;45m8[0;33;5;40;100m  [0;35;5;40;100m [0;33;5;40;100m [0;37;5;40;100m@[0;33;5;40;100m  ;[0;1;30;90;43m8[0;31;43m8[0;35;5;40;100m.[0;33;5;41;101m@[0;33;5;40;100mt[0;1;31;91;43m8[0;35;5;40;100m [0;33;5;41;101mX[0;1;30;90;43m8[0;33;47m8[0;35;5;40;100mX[0;33;5;40;100m [0;37;5;40;100m@[0;33;5;40;100m;[0;35;5;40;100m [0;37;5;40;100m%[0;35;5;40;100m  [0;37;5;40;100m%[0;1;31;91;43m8[0;35;5;40;100m [0;1;30;90;47m8[0;37;5;40;100mS[0;35;5;40;100m [0;1;30;90;47m8[0;33;5;40;100m:[0;35;5;40;100m;[0;37;5;40;100mS8[0;1;30;90;43m8[0;1;30;90;47m8[0;33;5;40;100mt[0;37;5;40;100m8[0;35;5;40;100m  .[0;37;5;40;100m@@%[0;33;5;40;100m [0;33;47m8[0;35;5;41;101m8[0;37;5;40;100mS%8@[0;1;30;90;47m8[0;37;5;40;100m@@[0;35;5;40;100m .[0;1;31;91;47m8[0;1;30;90;43m88[0;1;31;91;41m8[0;33;5;40;100m;[0;31;43m8[0;35;5;40;100mt[0;31;43m8[0;35;5;40;100m;[0;1;31;91;43m8[0;35;5;40;100m [0;1;30;90;41m@[0;1;30;90;47m8[0;1;37;97;47m [0;1;30;90;47mt;;;:;:[0;1;37;97;47m [0;1;30;90;47m;;[0;1;37;97;47m.[0;1;30;90;47m;S88S88t::;ttXSSSS;t;;;;t[0;37;5;40;100m88[0;36;5;40;100m [0;1;30;90;47mSS[0;37;5;40;100m8[0;36;5;40;100m.[0;33;5;40;100m [0m
[0;33;5;40;100m@[0;31;5;40;100m@[0;35;5;40;100mS[0;33;5;40;100m  t[0;35;5;40;100mS[0;33;5;40;100mS[0;35;5;40;100m%[0;33;5;40;100mtS[0;1;30;90;41m8[0;33;5;40;100mt    [0;37;5;40;100m8[0;33;5;40;100m:.%[0;31;45m8[0;1;30;90;43m8[0;33;5;40;100m:[0;1;30;90;43m8[0;1;31;91;45m8[0;33;5;40;100mt[0;1;30;90;43m8[0;35;5;40;100m.[0;1;30;90;45m8[0;1;31;91;43m8[0;33;5;40;100m:[0;37;5;40;100m@[0;33;5;40;100m [0;35;5;40;100m;[0;33;5;40;100m:[0;35;5;40;100m:  [0;33;5;40;100m  [0;1;30;90;43m8[0;35;5;40;100m;[0;33;5;40;100m [0;37;5;40;100mS%[0;33;5;40;100m.. [0;37;5;40;100m%[0;33;5;40;100mt[0;31;5;41;101m8[0;37;5;40;100mS%X%[0;35;5;40;100m [0;37;5;40;100m%[0;33;5;40;100m [0;1;30;90;47m8[0;33;5;40;100m;t;.  [0;37;5;40;100m%[0;33;5;40;100m  [0;37;5;40;100m%t[0;33;5;40;100m:;[0;35;5;40;100mt[0;31;5;40;100mX[0;33;5;40;100m%[0;1;30;90;43m8[0;35;5;41;101mX[0;1;30;90;43m8[0;1;30;90;45m8[0;1;31;91;43m8[0;1;30;90;47m8[0;1;31;91;43m8[0;31;5;40;100m8[0;35;5;40;100m [0;1;37;97;47m;  [0;1;30;90;47m;[0;1;37;97;47m  [0;1;30;90;47m;;;[0;1;37;97;47m [0;1;30;90;47m%;tX88S[0;37;5;40;100m8X[0;1;30;90;47m%;;tSS88888S@StS[0;37;5;40;100m8[0;1;30;90;47mS@[0;36;5;40;100m [0;37;5;40;100m@[0;36;5;40;100m [0;37;5;40;100mX[0;33;5;40;100m ;;[0m
[0;31;5;40;100mX8[0;33;5;40;100m8[0;1;30;90;41m8[0;33;5;40;100m8[0;1;30;90;41m8[0;31;5;40;100m8@X[0;1;30;90;41m8[0;33;5;40;100m8[0;31;5;40;100m@[0;1;30;90;43m8[0;33;5;40;100mX[0;31;5;40;100m@[0;1;30;90;43m8[0;31;5;40;100m@[0;1;30;90;43m8[0;1;30;90;41m8[0;33;5;40;100m8[0;1;30;90;41m8[0;1;30;90;43m8[0;35;41m8[0;1;31;91;43m8[0;35;5;40;100m;[0;33;5;40;100mSS[0;31;5;41;101m8[0;33;5;40;100mt[0;1;30;90;43m8[0;35;5;40;100mS[0;31;43m8[0;33;5;40;100m%[0;31;5;40;100m@[0;33;5;40;100m@[0;31;5;40;100m@[0;1;30;90;43m8[0;1;30;90;41m8[0;1;30;90;43m8[0;1;31;91;41m8[0;33;5;40;100m.[0;1;30;90;45m8[0;1;30;90;43m88[0;1;30;90;41m8[0;1;30;90;43m8[0;33;5;40;100mS[0;1;31;91;41m8[0;33;5;40;100m.[0;1;30;90;43m8[0;1;30;90;45m8[0;1;30;90;43m88[0;31;5;41;101m8[0;33;5;40;100m.[0;1;30;90;43m8[0;35;5;41;101m@[0;1;30;90;43m8[0;33;5;40;100m;[0;33;5;41;101m8[0;33;5;40;100m:[0;33;5;41;101mX[0;33;5;40;100m:[0;1;31;91;43m8[0;33;5;40;100m:[0;1;31;91;43m8[0;33;5;40;100m:[0;1;30;90;43m8[0;35;5;40;100m;[0;33;5;41;101m@[0;33;5;40;100m:[0;33;5;41;101mX[0;33;5;40;100m.[0;33;5;41;101mt[0;33;5;40;100m [0;35;5;40;100m%[0;33;5;40;100mS[0;1;30;90;43m8[0;35;5;41;101mS[0;1;30;90;43m8[0;35;5;40;100m [0;33;5;41;101m@[0;1;30;90;47m8[0;30;41m@[0;37;5;40;100mS[0;1;37;97;47m.[0;1;30;90;47mtt;tt;;;tSX%X[0;37;5;40;100m@S[0;1;30;90;47mS[0;37;5;40;100m@8[0;1;30;90;47mStX@88[0;37;5;40;100m@@88[0;1;30;90;47m8888[0;37;5;40;100m8[0;36;5;40;100m [0;37;5;40;100m8[0;36;5;40;100m [0;37;5;40;100mX[0;33;5;40;100m . ;:t[0;35;5;40;100m%[0m
[0;31;5;40;100m@[0;1;30;90;41m8[0;31;5;40;100mX[0;1;30;90;41m8[0;31;5;40;100m8X[0;33;41m8[0;31;5;40;100mS[0;33;41m8[0;31;5;40;100m8[0;1;30;90;41m8[0;1;30;90;43m8[0;35;41m8[0;1;30;90;43m8[0;1;30;90;41m8[0;33;5;40;100mS[0;33;41m8[0;35;5;40;100mS[0;31;43m8[0;31;5;40;100m@8[0;1;30;90;41m8[0;1;30;90;43m8[0;31;5;40;100mS8[0;33;5;40;100mS[0;1;30;90;41m8[0;33;5;40;100m%[0;33;41m8[0;35;5;40;100m%[0;31;43m8[0;35;5;40;100m%[0;31;43m8[0;35;5;40;100m;[0;31;43m8[0;35;5;40;100mt[0;31;43m8[0;35;5;40;100m;[0;33;5;40;100mt[0;1;30;90;43m8[0;33;5;41;101m@[0;1;30;90;43m8[0;35;5;41;101m8[0;33;5;40;100m;[0;1;31;91;43m8[0;1;30;90;45m8[0;1;30;90;43m8[0;33;5;40;100m:[0;33;5;41;101m@[0;33;5;40;100m.[0;1;31;91;43m8[0;31;5;40;100mS8[0;33;5;40;100m88t[0;1;30;90;43m8[0;1;31;91;45m8[0;1;30;90;43m8[0;35;5;40;100m:[0;1;31;91;43m8[0;37;5;40;100mt[0;1;31;91;43m8[0;35;5;40;100m;[0;1;31;91;43m8[0;35;5;40;100m [0;35;5;41;101mS[0;1;30;90;43m8[0;35;5;41;101m@[0;37;5;40;100m8[0;1;30;90;43m8[0;35;5;40;100m.[0;33;5;41;101mS[0;37;5;40;100m8[0;31;43m8[0;33;41m8[0;1;31;91;45m8[0;1;30;90;43m8[0;37;5;40;100mt[0;33;5;40;100m::.[0;1;31;91;43m8[0;35;5;40;100mXt[0;1;30;90;47m@8@S@;[0;1;37;97;47m [0;1;30;90;47m;[0;1;37;97;47m [0;1;30;90;47mtSX%@8[0;37;5;40;100mX[0;1;30;90;47m8[0;35;5;40;100m [0;37;5;40;100m8[0;1;30;90;47mSS8@8[0;36;5;40;100m [0;37;5;40;100m8XS[0;36;5;40;100m [0;37;5;40;100mX[0;36;5;40;100m [0;37;5;40;100m8@[0;36;5;40;100m [0;37;5;40;100mS[0;33;5;40;100m  ;.t%[0;35;5;40;100m;[0;33;5;40;100m;[0;35;5;40;100m;[0;33;5;40;100mX[0m
[0;31;5;40;100m@S[0;33;41m8[0;33;5;40;100m8[0;1;30;90;41m8[0;33;5;40;100m8[0;1;30;90;41m8[0;31;5;40;100mS[0;33;5;40;100m8[0;1;30;90;41mS[0;33;5;40;100m8[0;1;30;90;41m8[0;33;5;40;100m@[0;1;30;90;41m8[0;1;30;90;43m8[0;35;41m8[0;1;30;90;43m8[0;31;5;40;100mS@[0;1;30;90;43m8[0;1;30;90;41m8[0;33;5;40;100m8[0;1;30;90;41m8[0;1;30;90;43m8[0;1;30;90;41m8[0;31;5;40;100m8888[0;31;43m@[0;35;5;40;100m;[0;33;5;41;101m@[0;35;5;40;100m [0;1;30;90;43m8[0;1;31;91;45m8[0;1;30;90;43m8[0;1;30;90;45m8[0;1;31;91;43m8[0;35;5;40;100m%[0;33;5;41;101m8[0;35;5;40;100m:[0;1;30;90;43m8[0;33;5;40;100m;[0;35;5;41;101m8[0;33;5;40;100m:[0;1;31;91;43m8[0;35;5;40;100m;[0;33;5;41;101m@[0;35;5;40;100m [0;31;5;40;100m88[0;32;40m%[0;31;40mS[0;1;30;90;40m8[0;31;40m@[0;1;30;90;41m8[0;33;5;40;100mt[0;1;30;90;43m8[0;35;5;41;101mX[0;37;5;40;100mS[0;1;30;90;43m8[0;1;31;91;45m8[0;33;5;40;100m;[0;1;31;91;43m8[0;35;5;40;100m.[0;1;30;90;43m8[0;1;30;90;47m8[0;1;30;90;43m88[0;33;5;41;101m8[0;35;5;40;100m;[0;1;30;90;43m8[0;33;5;40;100m:[0;33;5;41;101m@[0;35;5;40;100m.[0;1;30;90;43m8[0;33;5;40;100m;[0;33;5;41;101mS[0;33;5;40;100m:[0;31;5;41;101mX[0;1;30;90;43m8[0;1;30;90;45m8[0;1;30;90;43m8[0;1;30;90;41m8[0;33;5;40;100m@[0;35;5;40;100m.[0;33;5;40;100m.[0;35;5;40;100m.  [0;1;30;90;47m8[0;37;5;40;100m@8[0;1;30;90;47m@[0;35;5;40;100m [0;37;5;40;100m8[0;35;5;40;100m [0;1;30;90;47m8[0;37;5;40;100mS[0;35;5;40;100m [0;37;5;40;100m8[0;33;5;40;100m:[0;31;5;40;100mX[0;30;5;40;100mX[0;33;5;40;100m [0;1;30;90;47m;[0;37;5;40;100mX@[0;35;5;40;100m [0;33;5;40;100mt%[0;31;5;40;100mS[0;33;5;40;100m%%[0;35;5;40;100mt[0;32;5;40;100mS[0;31;5;40;100m8[0;32;5;40;100mX[0;31;5;40;100m@[0;30;5;40;100mX[0;31;5;40;100mX[0;33;5;40;100m8[0;31;5;40;100m8S[0;30;5;40;100m@[0;31;5;40;100m8[0;30;5;40;100m@[0;33;5;40;100m8[0;30;5;40;100m8[0;31;5;40;100m8[0m
[0;1;30;90;41m8[0;1;30;90;40m8[0;1;30;90;41m8888[0;1;30;90;43m;[0;1;30;90;41mS8[0;33;5;40;100m8[0;1;30;90;41m@[0;33;5;40;100m8[0;1;30;90;41m8[0;31;5;40;100m@[0;1;30;90;43m8[0;1;30;90;41m8[0;33;5;40;100m%[0;33;41m8[0;31;5;40;100m%[0;1;30;90;41m8[0;31;5;40;100m8[0;1;30;90;41m8[0;33;5;40;100m8[0;1;30;90;41m8[0;33;5;40;100m8[0;1;30;90;41m8[0;31;5;40;100m@[0;1;30;90;41m8[0;33;5;40;100m8[0;33;41m8[0;33;5;40;100m;t[0;31;5;41;101m@[0;33;5;40;100m [0;1;30;90;43m8[0;33;5;41;101m8[0;33;5;40;100mt[0;31;43m8[0;35;5;40;100mt[0;1;30;90;43m8[0;31;5;41;101m@[0;35;5;40;100m.[0;1;31;91;43m8[0;33;5;40;100m:[0;1;30;90;43m8[0;1;30;90;45m8[0;1;31;91;43m8[0;35;5;40;100m [0;1;30;90;41mX[0;32;40mS[0;31;40m%[0;32;40m@[0;31;40mS[0;32;40mX[0;31;40mS[0;31;5;40;100m@[0;30;41m8[0;33;5;40;100m@8[0;33;41m8[0;35;5;40;100m;[0;1;31;91;43m8[0;33;5;40;100m.[0;1;30;90;43m8[0;35;5;41;101mS[0;33;5;40;100m.[0;1;31;91;41m8[0;35;5;40;100mt[0;31;5;40;100mX[0;33;5;40;100m;[0;33;41m@[0;1;30;90;41m8[0;1;30;90;43m8[0;35;5;40;100m.[0;31;5;41;101mX[0;33;5;40;100mt[0;31;5;41;101m8[0;33;5;40;100m [0;33;41m8[0;31;5;40;100m@[0;1;30;90;43m8[0;33;5;41;101m@[0;35;5;40;100mt[0;1;30;90;43m8[0;1;30;90;41m8[0;33;5;40;100m@[0;1;30;90;41m8[0;1;30;90;43m8[0;31;5;40;100mX[0;33;5;40;100mX[0;1;30;90;41m8[0;33;5;40;100m@[0;1;30;90;41m8[0;33;5;40;100mS%S%[0;31;5;40;100mX[0;33;5;40;100mX[0;31;5;40;100m8S[0;30;5;40;100m@[0;32;40m8[0;1;30;90;41m8[0;32;5;40;100mX[0;33;5;40;100m%:%[0;31;5;40;100m@8[0;30;5;40;100mS[0;33;5;40;100m8[0;1;30;90;40m8[0;31;5;40;100m8[0;30;5;40;100m@[0;31;5;40;100m8[0;30;5;40;100m8[0;31;5;40;100m8[0;30;5;40;100m@[0;31;5;40;100mX[0;32;40m@[0;31;5;40;100m8[0;1;30;90;40m8[0;30;5;40;100mS@[0;1;30;90;40m8[0;31;5;40;100m@[0;1;30;90;40m8[0;31;5;40;100m8[0;1;30;90;40m8[0m
[0;31;40mX[0;33;5;40;100m8[0;31;40m8[0;33;5;40;100m8[0;31;5;40;100mS[0;1;30;90;41m8[0;31;5;40;100m8S[0;33;41m8[0;31;5;40;100m@@8[0;33;5;40;100m8[0;1;30;90;41m88[0;1;30;90;43m8[0;31;45m8[0;1;30;90;43m8[0;31;5;40;100m@[0;1;30;90;43m8[0;1;30;90;41m8[0;31;5;40;100mX[0;33;41m8[0;31;5;40;100m@[0;1;30;90;41m8[0;30;5;40;100m8[0;1;30;90;41m8[0;1;30;90;40m8[0;1;30;90;41m8[0;33;5;40;100mX[0;1;31;91;41m8[0;33;5;40;100m:[0;1;30;90;43m88[0;31;45m@[0;1;30;90;43m8[0;1;30;90;45m8[0;1;31;91;43m8[0;33;5;40;100mS[0;31;5;41;101m8[0;37;5;40;100m@[0;31;43m8[0;35;5;40;100m:[0;33;5;41;101m@[0;35;5;40;100m.[0;1;31;91;43m8[0;35;5;40;100m:[0;1;30;90;41m8[0;32;40mS[0;31;40m@[0;30;5;40;100m8@[0;1;30;90;40m88[0;32;40mS%%[0;31;40mS[0;31;5;40;100m@[0;33;5;40;100m8[0;31;43m8[0;35;5;40;100m:[0;33;5;41;101m%[0;37;5;40;100mt[0;1;30;90;43m8[0;31;5;40;100mX[0;33;5;40;100m8[0;1;30;90;41m@[0;33;5;40;100m8[0;1;30;90;41m8[0;31;5;40;100m@@[0;33;5;40;100mt[0;33;5;41;101mS[0;33;5;40;100m.[0;33;41m8[0;33;5;40;100mt[0;1;30;90;41m8@X[0;33;5;40;100m%%[0;31;5;41;101m8[0;33;5;40;100m;[0;1;30;90;41m8[0;33;5;40;100mS[0;1;30;90;41m8[0;31;5;40;100mX[0;1;30;90;41m8[0;1;30;90;43m8[0;1;31;91;45m8[0;1;30;90;43m8[0;1;31;91;43m8[0;1;30;90;45m8[0;1;31;91;43m8[0;1;30;90;41m8[0;1;30;90;43m8[0;35;41m8[0;33;5;40;100m8[0;31;5;40;100m8[0;30;5;40;100mX[0;30;41m8[0;32;5;40;100mS[0;31;40mSS[0;1;30;90;40m8[0;31;5;40;100m8[0;1;30;90;40m8[0;30;5;40;100mS[0;33;5;40;100m8[0;1;30;90;40m8[0;31;5;40;100m8[0;30;5;40;100m@[0;1;30;90;40m8[0;31;5;40;100mS[0;32;40m8[0;31;5;40;100m@[0;32;40m@[0;31;5;40;100m8[0;32;40m8[0;31;5;40;100m8[0;1;30;90;40m8[0;31;5;40;100mS[0;31;40m8[0;33;5;40;100m8[0;1;30;90;40m8[0;31;40m8[0;32;5;40;100mX[0;31;40m@[0;32;5;40;100mX[0m
[0;31;40mt[0;32;40m@[0;31;5;40;100m@[0;30;41m8[0;1;30;90;43mS[0;31;5;40;100mXSSS[0;1;30;90;41m8[0;33;5;40;100m8[0;1;30;90;41m8@[0;1;30;90;43m8[0;31;5;40;100m@[0;33;5;40;100m88[0;1;30;90;41m8[0;31;5;40;100m8[0;1;30;90;41m8[0;33;5;40;100m8[0;1;30;90;41m8[0;31;5;40;100m8X[0;1;30;90;40m8[0;31;40m8[0;30;5;40;100m@[0;30;41m8[0;33;5;40;100m8[0;1;30;90;41m8[0;33;5;40;100mX[0;31;43m8[0;1;30;90;45m8[0;33;5;41;101m@[0;33;5;40;100m;[0;1;31;91;43m8[0;33;5;40;100mt[0;1;30;90;45m8[0;1;31;91;43m8[0;33;5;40;100m [0;1;30;90;43m8[0;31;45m8[0;1;30;90;43m8[0;35;5;40;100mS[0;31;43m8[0;35;5;40;100m;[0;1;30;90;41mX[0;32;40m@[0;31;5;40;100m8[0;32;40m@[0;31;5;40;100m@[0;1;30;90;40m88[0;31;40m8[0;1;30;90;40m8[0;31;40m%[0;32;40mS%[0;30;41m8[0;33;5;40;100mS[0;31;5;41;101m8[0;33;5;40;100m:[0;1;30;90;43m8[0;35;5;41;101mX[0;33;5;40;100m%[0;33;41m@[0;31;5;40;100m8[0;31;40m8[0;31;5;40;100mX[0;30;5;40;100m@[0;31;5;40;100m@[0;1;30;90;41m8[0;33;5;40;100mS;[0;31;43m8[0;31;45m8[0;33;41m8[0;1;30;90;41m88[0;30;41mX[0;1;30;90;43m8[0;33;5;41;101m8[0;35;5;40;100m [0;33;5;40;100mtS[0;1;30;90;41m8[0;33;5;40;100m%[0;31;5;40;100m8X[0;33;5;40;100mSX[0;35;5;40;100m%[0;1;30;90;43m8[0;33;41m8[0;31;5;40;100mX[0;33;5;40;100mX%[0;1;30;90;43m8[0;1;30;90;41m8[0;31;5;40;100mX[0;33;5;40;100m8[0;32;40mX[0;1;30;90;41m8[0;32;5;40;100mX[0;33;5;40;100m8[0;30;5;40;100mX[0;33;5;40;100m88[0;31;5;40;100m@[0;33;5;40;100m8[0;31;5;40;100mS[0;32;40m8[0;31;5;40;100m@[0;30;5;40;100mXX[0;31;5;40;100mX[0;1;30;90;40m88[0;31;5;40;100m@[0;1;30;90;40m8[0;30;5;40;100mX[0;31;40m8[0;30;42m8[0;1;30;90;40m8[0;31;40mX[0;32;5;40;100mX[0;1;30;90;40m8[0;31;40m8[0;33;5;40;100m8[0;31;40m8[0m
[0;31;40mS[0;32;40m@[0;1;30;90;41m8[0;33;5;40;100m8[0;30;41m8[0;33;5;40;100m8[0;31;40m8[0;33;5;40;100m8[0;32;40mX[0;1;30;90;41m8[0;32;40m@[0;31;5;40;100mSX[0;1;30;90;41m8[0;33;5;40;100m8[0;1;30;90;41mX[0;31;5;40;100m8[0;33;5;40;100m8[0;1;30;90;41m8[0;33;5;40;100m8[0;30;41m@[0;33;5;40;100m8[0;1;30;90;41mX[0;33;5;40;100m8[0;31;5;40;100m8[0;1;30;90;40m8[0;31;40m8[0;1;30;90;40m8[0;1;30;90;41m8[0;33;5;40;100m8[0;1;30;90;41m8[0;1;30;90;43m88[0;35;5;40;100mt[0;1;31;91;43m8[0;35;5;40;100m;[0;1;31;91;43m8[0;33;5;40;100mS%[0;33;41m@[0;31;5;40;100m8X[0;1;30;90;41m88[0;31;5;40;100mX[0;1;30;90;43m@[0;31;5;40;100m8[0;31;40m8[0;1;30;90;40m88[0;30;5;40;100m8@[0;32;40mX[0;30;5;40;100mX[0;1;30;90;40m8[0;32;40mS[0;31;40mX[0;1;30;90;40m8[0;31;5;40;100mX[0;33;5;40;100m8t[0;1;31;91;43m8[0;35;5;40;100m:[0;1;30;90;43m8[0;35;5;40;100mt[0;1;30;90;41m8[0;33;5;40;100m8[0;1;30;90;40m8[0;31;40m8[0;30;42m8[0;31;5;40;100mX[0;33;5;40;100m8[0;1;30;90;41m8[0;31;5;40;100m8@[0;31;40m@[0;31;5;40;100mS[0;30;41m8[0;31;5;40;100mX[0;30;41m8[0;33;5;40;100m%[0;35;5;40;100m:[0;33;5;40;100m [0;37;5;40;100mt[0;35;5;40;100m :[0;33;5;40;100mt[0;31;5;40;100m@XS[0;33;5;40;100m%[0;35;5;40;100mS%[0;31;5;40;100mS[0;1;30;90;40m8[0;1;30;90;41m8[0;31;5;40;100m88[0;32;40m@[0;1;30;90;40m8[0;31;40m8[0;30;5;40;100m8[0;32;5;40;100m@[0;30;41m8[0;30;5;40;100mS[0;31;40m8[0;32;5;40;100m@[0;31;40m@[0;32;5;40;100m@[0;1;30;90;40m8[0;31;5;40;100m@[0;30;5;40;100m@[0;1;30;90;40m8[0;1;30;90;41m8[0;32;40m8[0;33;5;40;100m88@@88%%SX[0;31;5;40;100m8[0;33;5;40;100m8[0;32;5;40;100mX[0;30;5;40;100m8X[0m
[0;31;40m%[0;32;40mX[0;31;40m8[0;33;5;40;100m8[0;31;5;40;100m88[0;33;5;40;100m8[0;30;41m8[0;1;30;90;40m8[0;32;40m@[0;1;30;90;41m8[0;32;40m@[0;33;41m8[0;33;5;40;100m8[0;1;30;90;41m@[0;31;5;40;100m@[0;1;30;90;41m8[0;31;5;40;100m8[0;33;5;40;100m8[0;1;30;90;41m8[0;31;5;40;100m@[0;1;30;90;41m8[0;31;5;40;100mS[0;30;41m8[0;31;40m8[0;32;5;40;100mX[0;31;40mSX8[0;33;5;40;100m8t[0;35;5;41;101m8[0;1;30;90;43m8[0;35;5;40;100mt[0;1;30;90;43m8[0;1;30;90;45m8[0;1;30;90;43m8[0;31;5;41;101m8[0;33;5;40;100m %[0;1;30;90;41mX[0;32;40m8[0;31;40mX[0;30;42m8[0;1;30;90;41m8[0;31;5;40;100m8S[0;33;5;40;100m8[0;1;30;90;40m8[0;30;5;40;100m8[0;31;40m8[0;30;5;40;100mX[0;31;40m8[0;1;30;90;40m8[0;31;40m@[0;32;40mX[0;31;40m%[0;1;30;90;40m8[0;1;30;90;41m8[0;31;5;40;100m8[0;33;5;40;100mX[0;35;5;40;100mS[0;1;31;91;43m8[0;35;5;40;100m:[0;1;31;91;43m8[0;31;5;40;100m@[0;30;41m8[0;33;5;40;100m8[0;31;5;40;100m@[0;1;30;90;41m8[0;31;5;40;100mX[0;30;41m8[0;33;5;40;100m@[0;31;5;40;100m8[0;1;30;90;40m8[0;32;40m@[0;1;30;90;41m8[0;1;30;90;40m8[0;30;41m8[0;30;5;40;100m@[0;33;41m8[0;1;30;90;43m8[0;35;5;40;100m%[0;33;5;40;100m;.[0;31;5;40;100m@S[0;32;5;40;100mS[0;34;40mt[0;31;5;40;100m@S[0;30;5;40;100mX[0;1;30;90;40m8[0;32;5;40;100m@[0;1;30;90;40mX8X8[0;31;5;40;100m8[0;32;40m8[0;33;5;40;100m8[0;31;40mS[0;1;30;90;40m8[0;32;40m8[0;31;5;40;100mX[0;30;42m8[0;1;30;90;41m8[0;33;5;40;100m8[0;31;40m8[0;33;5;40;100m8[0;30;5;40;100mX[0;31;43m8[0;30;42m8[0;33;5;40;100m8[0;30;41m8[0;32;5;40;100mX[0;30;41m8[0;33;5;40;100m8[0;31;40m@[0;32;5;40;100mS[0;30;41m8[0;33;5;40;100m8[0;31;5;40;100m8[0;30;5;40;100m@X[0;32;40m8[0;31;5;40;100m@X[0;33;5;40;100m8[0;31;5;40;100m@[0m
[0;31;40mS[0;1;30;90;40m8[0;1;30;90;41m8[0;31;40m8[0;31;5;40;100mS[0;31;40m8[0;31;5;40;100mX[0;1;30;90;41m8[0;31;43m8[0;31;5;40;100m8X[0;33;41m8[0;31;5;40;100m@[0;1;30;90;41m@[0;33;5;40;100m8[0;1;30;90;41m8[0;33;5;40;100m8[0;1;30;90;41mS[0;33;5;40;100m8[0;1;30;90;41m8[0;31;5;40;100mX[0;33;41m8[0;33;5;40;100m8[0;1;30;90;41m8[0;31;40m8X[0;32;40m8[0;31;5;40;100mXX[0;31;43m8[0;33;5;40;100mtS[0;31;5;41;101m8[0;33;5;40;100m;[0;1;31;91;43m8[0;33;5;40;100mStt[0;33;5;41;101m8[0;33;5;40;100m;[0;1;30;90;43m8[0;31;5;40;100m@[0;33;5;40;100m8[0;1;30;90;41m8[0;33;5;40;100m8[0;1;30;90;41m8[0;31;5;40;100mX8@S[0;33;5;40;100m8[0;1;30;90;41m8[0;1;30;90;40m8[0;1;30;90;41m8[0;33;5;40;100m8[0;1;30;90;41m@[0;31;5;40;100mS@[0;1;30;90;43m%[0;1;30;90;41m8@[0;31;5;40;100m8[0;33;5;40;100m8[0;1;30;90;41m8[0;31;5;40;100mX[0;33;5;40;100m8[0;31;5;40;100m8[0;30;5;40;100m@[0;31;40m8[0;32;5;40;100mS[0;1;30;90;41m8[0;33;5;40;100m8[0;30;41m8[0;33;5;40;100m8[0;31;40m8[0;30;5;40;100m@[0;32;40mS[0;31;40mX[0;32;40m8[0;31;40mS[0;1;30;90;40m@[0;30;41m@[0;31;40m8[0;1;30;90;40m8[0;30;41m8[0;32;40m8[0;1;30;90;40mX888[0;30;5;40;100m@[0;31;40m8[0;1;30;90;40m8[0;31;40m8[0;30;5;40;100m@[0;32;40m@[0;31;5;40;100m8[0;32;40mX[0;31;40m@[0;1;30;90;40m888[0;31;40m8[0;1;30;90;40m8[0;31;40mX@[0;33;5;40;100m8[0;32;5;40;100m8[0;33;5;40;100m8[0;31;40m8[0;32;43m8[0;30;5;40;100m8[0;31;5;40;100m@[0;32;40m8[0;1;30;90;43mt[0;31;40m@[0;32;5;40;100mX[0;1;30;90;40m8[0;1;30;90;43m.[0;32;40mS[0;33;5;40;100m8[0;31;40mX[0;1;30;90;42m8[0;33;41m8[0;1;30;90;43m:[0;30;41m8[0;32;5;40;100mX[0;31;40m8[0;1;30;90;42m8[0;31;40m8[0m
[0;1;30;90;41m8[0;31;40m8[0;33;5;40;100m8[0;31;40m8[0;33;5;40;100m8[0;1;30;90;41m8[0;30;41m8[0;33;5;40;100m8[0;30;41m8[0;33;5;40;100m8[0;31;5;40;100m8@[0;1;30;90;41m8[0;33;41m8[0;1;30;90;41m888[0;33;5;40;100m8[0;1;30;90;41mX[0;33;5;40;100m8[0;30;41m8[0;33;5;40;100m8[0;1;30;90;41m8[0;33;5;40;100m@@[0;31;5;40;100m8[0;1;30;90;41m8[0;1;30;90;43mX[0;31;5;40;100m8[0;33;5;40;100mX[0;1;30;90;41m8[0;33;5;40;100mXS[0;31;5;40;100m@X[0;33;41m8[0;1;30;90;41m8[0;33;5;40;100mS[0;31;5;40;100m@[0;1;30;90;41m8[0;31;5;40;100m88[0;1;30;90;41m8[0;31;5;40;100m8[0;31;40m8[0;33;5;40;100m8[0;31;40m@[0;30;5;40;100mX[0;31;40m@[0;32;40mX[0;31;40m@[0;32;40mS[0;31;40m%[0;32;40mt[0;31;40mt[0;32;40mt[0;31;40m%[0;32;40mt[0;31;40mS[0;1;30;90;40m@[0;31;40mS%@[0;30;5;40;100m8[0;31;40mS[0;32;40mt[0;1;30;90;40m88[0;32;40mt[0;31;40m;[0;32;40m%%[0;31;40m%[0;32;40mS[0;31;40m%[0;32;40mS[0;31;40mX[0;32;40m%[0;31;40m%[0;32;40mt[0;31;40m%[0;1;30;90;40mX[0;32;40m%[0;31;40mS[0;1;30;90;40m@[0;31;40m%[0;1;30;90;40m8[0;31;40m8[0;30;5;40;100m8[0;1;30;90;40m8[0;30;5;40;100mX[0;32;40m8[0;31;5;40;100m8[0;32;40mX[0;31;40m8[0;30;5;40;100mX[0;31;40m@[0;32;5;40;100mX[0;31;40mX[0;33;5;40;100m88[0;1;30;90;40m8[0;33;5;40;100m8[0;32;40m8[0;33;5;40;100m8[0;32;40m@[0;31;40m8[0;30;42m8[0;31;5;40;100m@[0;30;42m8[0;31;5;40;100m8[0;30;42m8[0;31;5;40;100mX[0;1;30;90;41m8[0;30;42m8[0;33;5;40;100m8[0;30;41m8[0;33;42m8[0;30;5;40;100m8[0;1;30;90;41m8[0;1;30;90;42m8[0;1;30;90;41m8[0;1;30;90;42m8[0;31;40m8[0;32;5;40;100m@[0;33;5;40;100m8[0;32;40m8[0;1;30;90;43mt[0;1;30;90;41m8[0;1;30;90;42m8[0m
[0;1;30;90;41m8[0;1;30;90;40m8[0;1;30;90;41m8[0;30;5;40;100mX[0;30;41m8[0;33;5;40;100m8[0;1;30;90;41m88[0;33;5;40;100m8[0;31;5;40;100m8@[0;33;41m8[0;31;5;40;100mSX[0;33;5;40;100m8[0;1;30;90;41m8[0;33;5;40;100m8[0;1;30;90;41mX[0;33;5;40;100m8[0;1;30;90;41mX[0;31;5;40;100mX[0;1;30;90;41m8[0;31;5;40;100mS[0;30;5;40;100m88[0;1;30;90;41m8[0;31;5;40;100m@[0;30;5;40;100m8[0;31;5;40;100m8[0;1;30;90;41m8[0;31;40m8XX@[0;1;30;90;40m@[0;31;40m@[0;1;30;90;40m@[0;30;41m8[0;30;5;40;100m8[0;31;40m8[0;31;5;40;100mS[0;32;40mX[0;31;40m%[0;32;40mX[0;1;30;90;40m8[0;31;40mS[0;1;30;90;40m88[0;32;5;40;100mX[0;31;40m@[0;32;5;40;100mX[0;31;40m8[0;32;5;40;100m8[0;31;40m8[0;33;5;40;100m8[0;1;30;90;40m8[0;33;5;40;100m8[0;30;41m8[0;33;5;40;100m8[0;1;30;90;40m8[0;1;30;90;43mt[0;32;5;40;100m8[0;31;5;40;100mX[0;32;5;40;100mS[0;1;30;90;43m:[0;1;30;90;40m8[0;1;30;90;43mS[0;31;5;40;100mS[0;1;30;90;43m.[0;1;30;90;40m8[0;33;5;40;100m8[0;31;5;40;100mS[0;33;5;40;100m8[0;30;5;40;100mS[0;33;5;40;100m88[0;30;5;40;100mS[0;33;5;40;100m8[0;30;5;40;100mS[0;33;5;40;100m8[0;32;5;40;100m@[0;1;30;90;41m8[0;1;30;90;42m8[0;33;5;40;100m8[0;32;5;40;100mS[0;1;30;90;43m.[0;30;5;40;100m@[0;1;30;90;43m;[0;33;5;40;100m8[0;1;30;90;42m8[0;31;43m8[0;33;5;40;100m8888[0;1;30;90;43mX[0;33;5;40;100m88888[0;1;30;90;40m8[0;33;5;40;100m888XS[0;1;30;90;43m8[0;33;5;40;100m@@8888[0;31;5;40;100mS[0;33;5;40;100m88[0;31;5;40;100mS[0;1;30;90;43m%[0;33;5;40;100m8[0;31;5;40;100mX[0;32;43m8[0;31;5;40;100mX[0;33;5;40;100m8[0;1;30;90;40m8[0;1;30;90;43m:[0;31;5;40;100m8[0;32;40m8[0;33;5;40;100m8[0;31;40m8[0m
[0;31;5;40;100mS[0;30;42m8[0;31;43m8[0;30;42m8[0;33;5;40;100m8[0;31;40mX[0;1;30;90;42m8[0;31;40m8[0;32;5;40;100mX[0;33;5;40;100m8[0;32;40m8[0;31;5;40;100mS[0;30;42m8[0;33;41m8[0;1;30;90;40m8[0;1;30;90;43m:[0;31;40mX[0;33;5;40;100m8[0;31;40m@[0;32;5;40;100mS[0;30;41m8[0;1;30;90;43m;[0;32;40m8[0;33;5;40;100m8[0;1;30;90;40m8[0;32;40m8[0;33;5;40;100m8[0;1;30;90;41m8[0;1;30;90;43m;[0;33;5;40;100m88[0;32;5;40;100mS[0;33;5;40;100m888888[0;1;30;90;43m;[0;33;5;40;100m888888@@[0;30;5;40;100m@[0;33;5;40;100m8[0;30;5;40;100mX[0;31;5;40;100mS[0;32;5;40;100mX[0;30;5;40;100m8[0;32;5;40;100mS[0;30;5;40;100m8[0;31;5;40;100mX[0;30;5;40;100m@[0;33;5;40;100m8[0;30;5;40;100m@[0;1;30;90;43m:[0;1;30;90;40m8[0;1;30;90;43m;[0;31;5;40;100mX[0;31;43m8[0;32;5;40;100mS[0;1;30;90;43m%[0;31;5;40;100mX[0;33;5;40;100m8[0;1;30;90;40m8[0;1;30;90;43m:[0;31;5;40;100mX[0;30;42m8[0;31;43m8[0;32;5;40;100mS[0;30;41m8[0;1;30;90;43m;[0;32;40m8[0;1;30;90;43m%[0;33;5;40;100m8[0;30;41m8[0;32;43m8[0;33;5;40;100m8[0;30;41m8[0;32;43m8[0;30;41m8[0;33;5;40;100m8[0;32;40m@[0;31;5;40;100m@[0;1;30;90;41mS[0;31;5;40;100m8[0;33;5;40;100mX[0;31;5;40;100m8X[0;33;5;40;100m8[0;1;30;90;41m8[0;33;5;40;100mX[0;31;5;40;100m@[0;33;5;40;100m8[0;31;5;40;100m8XS[0;32;40m8[0;1;30;90;41m8[0;32;5;40;100mS[0;30;41m@[0;1;30;90;43m%[0;31;5;40;100mS[0;33;5;40;100m8[0;30;41m8[0;33;5;40;100m8[0;30;41m8[0;33;5;40;100m8[0;32;40m@[0;1;30;90;41m8[0;1;30;90;42m8[0;31;40m8[0;33;42m8[0;31;40m8[0;32;5;40;100mX[0;31;40m8[0;32;43m8[0;31;5;40;100m8[0;1;30;90;42m8[0;31;43m8[0;33;5;40;100m8[0;1;30;90;40m8[0;1;30;90;43mX[0;33;5;40;100m888[0m
[0;33;5;40;100m8[0;31;40m@[0;32;5;40;100mX[0;30;41m8[0;1;30;90;42m8[0;33;41m8[0;30;42m8[0;1;30;90;43mt[0;1;30;90;40m8[0;33;5;40;100m8[0;31;5;40;100mX[0;30;42m8[0;31;43m8[0;1;30;90;42m8[0;31;40m8[0;1;30;90;42m8[0;31;5;40;100mS[0;32;40m8[0;33;5;40;100m8[0;32;40m8[0;33;5;40;100m8[0;32;40m@[0;33;5;40;100m8[0;31;40m8[0;1;30;90;43mt[0;31;5;40;100mS[0;30;42m8[0;1;30;90;43m.[0;32;40mS[0;31;5;40;100mX[0;32;40m8[0;33;41m8[0;32;40m8[0;33;41m8[0;32;40m8[0;1;30;90;41m8[0;30;42m8[0;1;30;90;41m8[0;32;40m8[0;31;5;40;100mS[0;30;42m8[0;33;41m8[0;30;5;40;100m@@[0;34;5;40;100m8[0;1;30;90;40m88[0;34;5;40;100mX[0;32;5;40;100m@[0;33;5;40;100m;[0;36;5;40;100mS[0;33;5;40;100m@[0;34;40mX[0;30;5;40;100m@[0;32;5;40;100mSS@[0;1;30;90;40m8[0;30;5;40;100m8@[0;33;5;40;100m8[0;31;5;40;100m8[0;33;42m@[0;31;5;40;100mS[0;1;30;90;43mt[0;31;5;40;100m@[0;33;5;40;100m8[0;1;30;90;43m.[0;31;5;40;100mX[0;1;30;90;43m:[0;33;5;40;100m8[0;1;30;90;43m;[0;30;5;40;100m8[0;31;43m@[0;32;5;40;100mX[0;33;5;40;100m8[0;33;41m8[0;31;5;40;100mS[0;33;42m8[0;33;5;40;100m8[0;31;40m8[0;1;30;90;43m;[0;32;5;40;100mX[0;1;30;90;41m8[0;33;42m8[0;30;5;40;100m8[0;33;5;40;100mS[0;35;41m8[0;33;5;40;100mS[0;36;5;40;100mt[0;33;5;40;100m%[0;32;5;40;100mS[0;34;5;40;100mX[0;32;5;40;100mX[0;31;5;40;100m@[0;1;30;90;45m8[0;33;5;40;100m%[0;36;5;40;100m:;;[0;33;5;40;100m t[0;1;30;90;43mX[0;33;41m8[0;1;30;90;42m8[0;31;40m8[0;33;42m8[0;31;5;40;100mS[0;33;42m@[0;30;5;40;100mX[0;33;42m8[0;31;40m8[0;1;30;90;43mt[0;30;42m8[0;33;5;40;100m88[0;32;40m@[0;1;30;90;43mt[0;32;40m8[0;1;30;90;43m%[0;1;30;90;40m8[0;33;42m8[0;31;40m8[0;1;30;90;42m8[0;31;40m8[0;33;42m8[0;31;40m@[0;30;42m8[0;1;30;90;40m8[0;33;42m8[0m
[0;32;5;40;100mX[0;30;42m8[0;31;43m8[0;1;30;90;42m8[0;31;40m8[0;1;30;90;42m8[0;1;30;90;41m8[0;30;42m8[0;33;5;40;100m8[0;1;30;90;40m8[0;32;43m8[0;30;41m8[0;1;30;90;42m8[0;1;30;90;41m8[0;33;42m@[0;31;40m8[0;32;43m8[0;1;30;90;41m8[0;30;42m8[0;31;43m8[0;30;42m8[0;1;30;90;41m8[0;33;42m8[0;31;5;40;100mS[0;30;42m8[0;31;43m8[0;32;40m8[0;31;5;40;100mX[0;33;42m8[0;1;30;90;41m8[0;32;43m8[0;30;5;40;100mS[0;1;30;90;43m [0;32;40m8[0;33;5;40;100m8[0;30;42m8[0;31;43m8[0;1;30;90;42m8[0;31;43m8[0;30;42m8[0;33;5;40;100m8[0;31;5;40;100mX[0;36;5;40;100m@[0;30;5;40;100m88[0;34;5;40;100m@[0;30;5;40;100m@X[0;34;5;40;100m8[0;30;5;40;100m8[0;32;5;40;100m@[0;34;5;40;100m8[0;1;30;90;40m8[0;30;5;40;100m@XX[0;32;5;40;100mS[0;34;5;40;100mS[0;32;5;40;100mX[0;30;5;40;100mX88@@@[0;33;5;40;100m8[0;1;30;90;40m8[0;32;40m8[0;33;5;40;100m8[0;32;40mS[0;30;41m8[0;32;5;40;100mS[0;31;43m8[0;30;42m8[0;31;43m8[0;32;40m8[0;33;5;40;100m8[0;32;40m8[0;33;41m8[0;1;30;90;42m8[0;33;5;40;100m8[0;32;40mX[0;1;30;90;43m [0;1;30;90;40m8[0;30;41m@[0;31;5;40;100m8[0;35;41m8[0;33;5;40;100m@[0;31;5;40;100m8[0;30;5;40;100m@[0;31;5;40;100mX[0;30;5;40;100mS[0;31;5;40;100mX[0;32;5;40;100mS[0;31;5;40;100m@[0;33;41mX[0;35;5;40;100m.[0;33;5;40;100mtt[0;36;5;40;100m%[0;33;5;40;100m;[0;36;5;40;100m :[0;31;5;40;100mSS[0;33;5;40;100m8[0;31;40m@[0;33;42m8[0;31;40m8[0;33;42m8[0;31;40m8[0;1;30;90;42m8[0;1;30;90;40m8[0;33;41m8[0;32;40m@[0;1;30;90;41m8[0;30;42m8[0;31;5;40;100mX[0;30;42m8[0;1;30;90;41m8[0;30;42m8[0;1;30;90;41m8[0;33;42m@[0;31;40m8[0;1;30;90;42m8[0;31;5;40;100mS[0;33;42m8[0;1;30;90;41m8[0;30;42m8[0;1;30;90;41m8[0m
[0;33;5;40;100m8[0;31;5;40;100mS[0;1;30;90;42m8[0;1;30;90;41m8[0;33;42m8[0;31;5;40;100m@[0;30;42m8[0;31;5;40;100mX[0;33;5;40;100m8[0;31;5;40;100m8[0;32;40m8[0;1;30;90;43mX[0;1;30;90;40m8[0;32;43m8[0;31;5;40;100m@[0;1;30;90;43m;[0;1;30;90;40m8[0;1;30;90;43m:[0;30;5;40;100mS[0;1;30;90;43m:[0;31;5;40;100mX[0;33;42m8[0;1;30;90;41m8[0;33;42m8[0;31;5;40;100m@[0;32;5;40;100mS[0;31;43m8[0;1;30;90;42m8[0;1;30;90;41m8[0;33;42m8[0;1;30;90;41m8[0;1;30;90;42m8[0;1;30;90;41m8[0;33;5;40;100m8[0;30;41m8[0;1;30;90;43mX[0;32;5;40;100mS[0;30;41m8[0;33;5;40;100m8[0;31;5;40;100mX[0;31;40m8[0;1;30;90;40m8[0;34;40m@[0;30;5;40;100m88[0;34;40m@[0;1;30;90;40m888[0;30;5;40;100m8[0;34;40m8[0;30;5;40;100m88[0;1;30;90;40m8[0;34;5;40;100m8[0;1;30;90;40m8[0;30;5;40;100m8[0;1;30;90;40m8[0;30;44m8[0;1;30;90;40mX[0;34;40m@[0;36;5;40;100m@[0;30;5;40;100m8@@[0;34;5;40;100m8[0;36;5;40;100m%[0;35;5;40;100m8[0;32;5;40;100mS[0;33;5;40;100m;[0;32;5;40;100mX[0;30;41m8[0;32;5;40;100mX[0;33;5;40;100m8[0;30;5;40;100mS[0;1;30;90;43m:[0;1;30;90;40m8[0;1;30;90;43mt[0;1;30;90;40m8[0;31;43m8[0;30;5;40;100m@[0;1;30;90;43m:[0;1;30;90;40m@[0;33;5;40;100m8[0;1;30;90;41m%%[0;1;31;91;41m8[0;31;45m8[0;1;31;91;41m@[0;35;5;40;100m@[0;1;31;91;41m8[0;31;5;40;100mX[0;1;31;91;41m@[0;31;45m8[0;1;31;91;41m@[0;1;30;90;45m8[0;33;41mS[0;1;30;90;41m@[0;35;41m@[0;33;41m@[0;31;45m8[0;1;30;90;41m888@8[0;35;5;40;100mS[0;31;5;41;101m8[0;35;5;40;100m [0;35;5;41;101m8[0;33;5;40;100mS[0;31;43m8[0;33;5;40;100m@[0;31;5;40;100m@[0;1;30;90;43m:[0;32;40m@[0;31;43m8[0;32;5;40;100mS[0;33;41m8[0;1;30;90;42m8[0;33;41m8[0;30;42m8[0;33;5;40;100m8[0;1;30;90;42m8[0;30;41m@[0;33;42m8[0;31;40m8[0;33;5;40;100m8[0;32;40m8[0;1;30;90;43m;[0m
[0;33;5;40;100mtS%t:%;%@S .: . ..;.:   ;; . [0;37;5;40;100m8[0;33;5;40;100m:.;; .;.;8[0;34;40mX[0;30;5;40;100m8[0;1;30;90;40m@[0;34;40mt;[0;1;30;90;40m@[0;34;40m%%t%[0;1;30;90;40mX[0;34;40m%St[0;32;40mt[0;34;40mS%t[0;32;40m%[0;34;40m%[0;31;40m;[0;34;40m;[0;1;30;90;40m@[0;34;40mX[0;32;40m;[0;34;40m;[0;1;30;90;40m8[0;30;5;40;100m8[0;34;5;40;100m8[0;35;5;40;100m.[0;30;5;40;100mX[0;33;5;40;100mt.;:     . .[0;31;5;40;100mX[0;1;30;90;41m@88[0;1;31;91;41m8[0;31;5;40;100m@[0;1;30;90;41mt@[0;1;31;91;41mX[0;1;30;90;41m@[0;35;41mt[0;33;41m%[0;1;31;91;41mt[0;35;41mt[0;1;31;91;41mt[0;35;41mt[0;1;31;91;41mt[0;1;30;90;41m%[0;1;31;91;41mS[0;35;41m%[0;1;31;91;41m;[0;35;41mt[0;1;31;91;41m%%[0;1;30;90;41m8[0;1;31;91;41m@[0;31;5;40;100mS[0;35;41m8[0;31;45m8[0;31;5;41;101m8[0;35;5;40;100mX[0;35;41m8[0;1;30;90;47m@[0;33;5;40;100mtt:; .t;...;  [0m
[0;33;5;40;100m.  .;%S8[0;31;5;40;100m@[0;33;5;40;100m88@X[0;1;30;90;43m8[0;33;5;40;100m@[0;1;30;90;43m8[0;33;5;40;100mX[0;1;30;90;43m8[0;33;5;40;100m;[0;1;30;90;43m8[0;37;5;40;100m8[0;1;30;90;43m8[0;1;30;90;47m8[0;37;43m8[0;1;30;90;47m8[0;37;43m8[0;1;30;90;47m8[0;37;43m@[0;1;30;90;43m8[0;33;5;40;100m:[0;1;30;90;43m8[0;33;47m8[0;33;5;40;100mt[0;1;30;90;43m8[0;1;30;90;47mS[0;1;30;90;43m8[0;1;30;90;47mX[0;1;30;90;43m8[0;37;5;40;100m8[0;31;40mX[0;34;40mS[0;32;40mt[0;34;40mt[0;1;30;90;40m8@[0;32;40m;[0;34;40m;[0;32;40m%[0;34;40m%[0;32;40m%[0;34;40m%[0;32;40m%[0;34;40mS[0;1;30;90;40mX[0;34;40m%[0;32;40m%[0;34;40mS[0;1;30;90;40mX[0;34;40mS[0;1;30;90;40mX[0;34;40m%%[0;32;40mt[0;31;40m%[0;1;30;90;40m8@[0;34;40m:%[0;30;5;40;100m8[0;34;40mX[0;32;40mt[0;33;5;40;100mt[0;37;5;40;100m8[0;1;30;90;43m8[0;1;30;90;47mX[0;33;47m888[0;1;30;90;47m8[0;37;43m8[0;1;30;90;47m8[0;1;30;90;43m8[0;1;30;90;47mX[0;33;5;40;100m8[0;30;41m8%[0;1;30;90;41m@[0;31;40mX[0;1;30;90;40m8[0;30;5;40;100m@[0;1;30;90;40mS[0;31;40mX[0;35;41mt[0;1;30;90;41m;[0;35;41mt[0;1;30;90;41mt;ttt[0;35;41m;[0;1;30;90;41mtt[0;30;41mt[0;1;30;90;41m%%%%[0;30;41m8[0;31;40mX[0;30;5;40;100m@[0;1;30;90;40m8[0;31;40mX[0;33;41mSS[0;1;30;90;41m8[0;33;5;40;100m% [0;37;43m8[0;33;5;40;100m [0;33;47m8[0;33;5;40;100m:[0;37;43m8[0;33;5;40;100m [0;33;47m8[0;33;5;40;100m:[0;1;30;90;43m8[0;37;5;40;100m8[0;1;30;90;43m8[0;33;5;40;100m%[0m
[0;30;5;40;100m8[0;31;5;40;100m8[0;33;5;40;100m8[0;31;5;40;100m8X@[0;1;30;90;41m8[0;1;30;90;40m8[0;30;5;40;100m8[0;1;30;90;40m@[0;31;5;40;100m888[0;30;5;40;100m8[0;31;5;40;100m88@XX@XSSX[0;1;30;90;41m8[0;33;5;40;100m8[0;1;30;90;41m8[0;31;5;40;100mX[0;33;5;40;100m@[0;31;5;40;100m@SX[0;33;5;40;100m8[0;31;5;40;100m@S[0;33;5;40;100m8[0;31;5;40;100m8SS[0;30;5;40;100m8[0;1;30;90;40m8@[0;30;5;40;100m8S@[0;1;30;90;40m8[0;31;40m:[0;34;40m;[0;32;40mt[0;34;40mS[0;1;30;90;40mX[0;34;40mt[0;1;30;90;40mX[0;32;40m;[0;34;40mS[0;1;30;90;40mXS[0;34;40m;[0;1;30;90;40mX[0;32;40mt[0;1;30;90;40mX[0;31;40m;[0;34;40mt[0;1;30;90;40m8[0;30;5;40;100m8[0;1;30;90;40m88[0;32;40m;[0;34;40m;[0;1;30;90;40m88@[0;31;5;40;100m@@8[0;31;40m8[0;31;5;40;100mX88[0;1;30;90;40m8[0;31;5;40;100mS@[0;31;40m8[0;1;30;90;40m8X[0;32;40m;[0;31;40m;[0;34;40m%[0;33;5;40;100m [0;37;5;40;100m8[0;33;5;40;100m [0;1;30;90;40mX[0;31;40m8[0;30;41m@888888888@8888[0;34;40mt[0;1;30;90;40mX[0;33;5;40;100m. [0;32;5;40;100mS[0;31;40m;[0;1;30;90;41m@[0;30;41mX[0;1;30;90;41m@[0;31;5;40;100mSXSXS@[0;33;5;40;100m8[0;31;5;40;100m8[0;33;5;40;100m8[0;31;5;40;100m88[0;30;5;40;100m8[0;31;5;40;100m8[0m
[0;1;30;90;41m8[0;31;40mX8[0;1;30;90;40m8[0;30;41m8[0;32;40m@[0;31;5;40;100m8[0;33;5;40;100m@[0;31;5;40;100mS[0;33;5;40;100m;[0;36;5;40;100mt[0;30;5;40;100mX[0;31;40m@[0;1;30;90;40m8[0;31;40m@[0;1;30;90;40m8[0;31;40mS[0;1;30;90;40m8[0;31;40mX[0;1;30;90;40m88[0;31;40m8[0;30;5;40;100mS[0;33;5;40;100m8[0;30;5;40;100mS[0;33;5;40;100m%:.::::.:;:t%S@[0;30;5;40;100m@[0;31;40mS[0;32;40mt[0;1;30;90;40m@[0;31;40mS[0;32;40m;.[0;31;40m::;[0;32;40m:[0;31;40m:[0;32;40m.[0;31;40m;[0;32;40m:[0;31;40m:[0;32;40m.[0;31;40m:[0;32;40m.[0;31;40m:[0;34;40m.[0;32;40m:.[0;31;40m:[0;1;30;90;40mX[0;31;40mt[0;32;40m;[0;31;40m:;[0;32;40mt[0;30;5;40;100m8[0;31;5;40;100mS[0;33;5;40;100mXt; .;;;%t;X[0;1;30;90;40m8X[0;31;40m;[0;32;40mt[0;1;30;90;40m8[0;33;5;40;100mt[0;1;30;90;40m8[0;34;40m..[0;32;40m:[0;34;40m;::::::::::::.[0;32;40m..[0;1;30;90;40m@[0;30;5;40;100m8[0;31;40m;[0;34;40m;[0;1;30;90;40mX[0;30;5;40;100m@[0;33;5;40;100m%%tt%t:[0;31;5;40;100m@8XX8[0;1;30;90;41m8[0;31;5;40;100m8[0m
[0;31;5;40;100mS[0;33;5;40;100mt;;  [0;36;5;40;100m    [0;35;5;40;100m [0;37;5;40;100mS[0;36;5;40;100m [0;33;5;40;100m   [0;36;5;40;100m [0;33;5;40;100m.[0;36;5;40;100m:[0;33;5;40;100m;:[0;36;5;40;100m [0;33;5;40;100m:t%[0;30;5;40;100mX[0;33;5;40;100m@[0;31;5;40;100mX[0;33;5;40;100mt:   ....::%%%SS%[0;31;5;40;100mS[0;33;5;40;100m%%t%SS%%%%%%tt%%%%%t%tt;t;.   [0;37;5;40;100m8[0;33;5;40;100m; [0;37;5;40;100m8[0;33;5;40;100m; .:;t%[0;31;5;40;100mSS[0;30;5;40;100mX[0;33;5;40;100mS[0;31;5;40;100mS[0;33;5;40;100mX[0;31;5;40;100mS[0;33;5;40;100mSX[0;31;5;40;100mS[0;33;5;40;100mX[0;31;5;40;100mS[0;33;5;40;100m@[0;31;5;40;100mS[0;33;5;40;100m@[0;31;5;40;100mS[0;33;5;40;100mX[0;31;5;40;100mX[0;32;5;40;100mS[0;31;5;40;100mX[0;33;5;40;100m@[0;31;5;40;100m@[0;30;5;40;100mS[0;33;5;40;100m8[0;31;5;40;100m@[0;33;5;40;100mSX[0;31;5;40;100mX[0;33;5;40;100mS[0;31;5;40;100mS[0;36;5;40;100m:[0;33;5;40;100mt:;t[0;35;5;40;100mt[0;32;5;40;100m8[0;34;40m%[0;31;40mS[0;1;30;90;40mX[0;1;30;90;41m@[0;31;5;40;100m@S[0m
[0;36;5;40;100m.;[0;33;5;40;100m.[0;36;5;40;100m.[0;33;5;40;100m. [0;36;5;40;100m :...:[0;33;5;40;100m:[0;36;5;40;100m;[0;33;5;40;100mt[0;36;5;40;100mS[0;33;5;40;100mt[0;36;5;40;100mt[0;33;5;40;100m.[0;36;5;40;100m:   [0;37;5;40;100m8[0;36;5;40;100m [0;37;5;40;100m8[0;36;5;40;100m: [0;33;5;40;100mt@[0;31;5;40;100mX[0;33;5;40;100m@S;::;:;:;[0;35;5;40;100m;[0;33;5;40;100m%[0;35;5;40;100m%[0;33;5;40;100m%;t[0;35;5;40;100mt[0;33;5;40;100m%[0;35;5;40;100m%[0;33;5;40;100m%[0;35;5;40;100m%[0;33;5;40;100mS[0;35;5;40;100m%[0;33;5;40;100m%[0;35;5;40;100mt[0;33;5;40;100m%[0;35;5;40;100mt[0;33;5;40;100m%;[0;35;5;40;100mt[0;33;5;40;100m%[0;35;5;40;100mt[0;33;5;40;100m%[0;35;5;40;100m;[0;33;5;40;100mt::::::::.[0;1;30;90;43m8[0;33;5;40;100m :[0;1;30;90;43m8[0;33;5;40;100m.::::;;;ttttt;;[0;35;5;40;100m%[0;33;5;40;100mXttt[0;35;5;40;100mt[0;33;5;40;100mX[0;35;5;40;100mt[0;33;5;40;100mXtt%[0;35;5;40;100mt[0;33;5;40;100mSt%[0;35;5;40;100m%[0;33;5;40;100mX[0;35;5;40;100mt[0;33;5;40;100mS;;;S[0;31;5;40;100mS[0;34;5;40;100m%[0;33;5;40;100mS[0;36;5;40;100mX[0;31;5;40;100m%[0;36;5;40;100m%[0;33;5;40;100m.[0;36;5;40;100m:t[0;30;5;40;100m8[0;32;40mS[0;31;40mt[0m
[0;36;5;40;100m.[0;33;5;40;100m;[0;34;5;40;100mS[0;33;5;40;100mX[0;34;5;40;100mX[0;33;5;40;100mX[0;34;5;40;100mX[0;33;5;40;100mX[0;34;5;40;100m@[0;32;5;40;100mS[0;30;5;40;100m@88S[0;36;5;40;100mS[0;33;5;40;100m%[0;36;5;40;100mS[0;33;5;40;100mt[0;36;5;40;100mt[0;33;5;40;100m.[0;36;5;40;100m:: [0;1;30;90;47m8[0;37;5;40;100m@@@X8[0;36;5;40;100m.[0;33;5;40;100m%[0;31;5;40;100mS[0;33;5;40;100mS[0;30;5;40;100m8[0;31;5;40;100m8[0;33;5;40;100mX:.;;ttt%;;t%%%t%t%t%%t;;ttt;t;;:;:::::.[0;37;5;40;100m@[0;1;30;90;43m8[0;33;5;40;100m  :[0;1;30;90;43m8[0;33;5;40;100m ;;t;;t;t[0;35;5;40;100mt[0;33;5;40;100mS[0;35;5;40;100m%[0;33;5;40;100m8S[0;35;5;40;100mS[0;33;5;40;100m@[0;35;5;40;100mX[0;33;5;40;100m8S[0;31;5;40;100m%[0;33;5;40;100mS[0;35;5;40;100m%[0;33;5;40;100m@[0;35;5;40;100mS[0;33;5;40;100m@X[0;35;5;40;100mX[0;33;5;40;100m@[0;31;5;40;100mS[0;33;5;40;100mS%S[0;31;5;40;100mS[0;33;5;40;100mt[0;31;5;40;100mS[0;30;5;40;100m8X[0;36;5;40;100m%[0;30;5;40;100mS[0;36;5;40;100m%[0;33;5;40;100m;[0;36;5;40;100mX[0;33;5;40;100m;[0;36;5;40;100m;.;t;t[0m
[0;36;5;40;100m;[0;30;5;40;100m@S@X@888X[0;36;5;40;100m%[0;33;5;40;100mt[0;36;5;40;100mS:[0;33;5;40;100m.[0;36;5;40;100m.:t[0;33;5;40;100m;[0;36;5;40;100m;. [0;37;5;40;100m@[0;36;5;40;100m [0;1;30;90;47m8[0;36;5;40;100m [0;37;5;40;100m@[0;36;5;40;100m [0;37;5;40;100m8@[0;36;5;40;100m  [0;33;5;40;100m:@[0;30;5;40;100m8[0;31;5;40;100mSS[0;33;5;40;100m8[0;31;5;40;100mX[0;33;5;40;100m;::;;;;;[0;35;5;40;100m:[0;33;5;40;100mt;;[0;35;5;40;100m;[0;33;5;40;100mt;;[0;35;5;40;100mt[0;33;5;40;100m%:;:::;:;::::;:;[0;1;30;90;43m8[0;37;5;40;100mt[0;1;30;90;43m8[0;33;5;40;100m. :[0;1;30;90;43m8[0;37;5;40;100mt[0;33;5;40;100m ;;;;;;;t%%%S[0;35;5;40;100m%[0;33;5;40;100m@S[0;31;5;40;100m%[0;33;5;40;100mS[0;35;5;40;100m%[0;33;5;40;100mXt%S[0;31;5;40;100m%[0;33;5;40;100mS[0;35;5;40;100m%[0;33;5;40;100m@S[0;35;5;40;100m%[0;33;5;40;100mXt[0;35;5;40;100mS[0;33;5;40;100mX[0;31;5;40;100mS[0;30;5;40;100m8[0;1;30;90;40m@[0;30;5;40;100m8[0;33;5;40;100mt[0;36;5;40;100mS[0;33;5;40;100mS[0;34;5;40;100mS[0;32;5;40;100mS[0;36;5;40;100m;:.;t[0;32;5;40;100mS[0;36;5;40;100m%[0;30;5;40;100mS[0m
[0;36;5;40;100m   ;[0;30;5;40;100m8X[0;36;5;40;100mX[0;32;5;40;100mS[0;35;5;40;100mt[0;32;5;40;100mX[0;34;5;40;100mX[0;32;5;40;100mX[0;35;5;40;100m%[0;32;5;40;100mX[0;36;5;40;100mt[0;33;5;40;100m;[0;36;5;40;100mS[0;33;5;40;100mt[0;36;5;40;100m%    [0;37;5;40;100mX[0;36;5;40;100m;[0;37;5;40;100mS[0;36;5;40;100m [0;1;30;90;47m8[0;36;5;40;100mt [0;1;30;90;47m8[0;36;5;40;100m  ;;[0;30;5;40;100m@X[0;31;5;40;100mX[0;30;5;40;100mS[0;31;5;40;100m8[0;31;40m@[0;33;5;40;100mX[0;31;5;40;100mX[0;33;5;40;100m;t[0;35;5;40;100mt[0;33;5;40;100m%t;;t%t[0;35;5;40;100m;[0;33;5;40;100mX%[0;35;5;40;100m;[0;33;5;40;100mSt;tt;;;;ttt;;:[0;35;5;40;100m.[0;33;5;40;100mt[0;35;5;40;100m:[0;33;5;40;100mt;:[0;35;5;40;100m [0;33;5;40;100mt;;;ttt[0;35;5;40;100m%[0;33;5;40;100mX[0;35;5;40;100mS[0;33;5;40;100mX[0;35;5;40;100mX[0;33;5;40;100m@[0;31;5;40;100mS[0;33;5;40;100mS[0;35;5;40;100mS[0;33;5;40;100m@[0;35;5;40;100mt[0;33;5;40;100m@S[0;35;5;40;100mS[0;33;5;40;100m@[0;35;5;40;100m@[0;33;5;40;100m@[0;31;5;40;100m%[0;33;5;40;100mS[0;31;5;40;100mS[0;33;5;40;100mt[0;31;5;40;100mS[0;33;5;40;100mS[0;35;5;40;100m%[0;33;5;40;100m@[0;31;5;40;100mS[0;1;30;90;41m@[0;31;5;40;100m8[0;1;30;90;40m@8[0;33;5;40;100mS[0;34;5;40;100mX[0;30;5;40;100m@[0;36;5;40;100m@[0;30;5;40;100mX[0;36;5;40;100mS[0;30;5;40;100mS[0;36;5;40;100mt%[0;32;5;40;100mX[0;30;5;40;100mXS[0;32;5;40;100mS[0;34;5;40;100m@[0m
[0;30;5;40;100m8[0;33;5;40;100m%[0;36;5;40;100m;[0;35;5;40;100m [0;36;5;40;100m  [0;35;5;40;100m;[0;30;5;40;100m@@XXX[0;32;5;40;100mX[0;34;5;40;100m@[0;30;5;40;100mX[0;32;5;40;100mX[0;30;5;40;100m@[0;36;5;40;100mX[0;30;5;40;100mS[0;36;5;40;100m%%t%%:%tt.:;  .:[0;33;5;40;100m:[0;36;5;40;100mt[0;32;5;40;100mX[0;1;30;90;40m8[0;30;5;40;100m@[0;1;30;90;40m8[0;31;40m%tt[0;30;5;40;100m8[0;31;5;40;100m88@@S[0;33;5;40;100mS[0;35;5;40;100m%[0;33;5;40;100mX%[0;35;5;40;100m%[0;33;5;40;100m@%[0;35;5;40;100m%[0;33;5;40;100mX[0;35;5;40;100m%[0;33;5;40;100mX[0;35;5;40;100m%[0;33;5;40;100mX[0;35;5;40;100m%[0;33;5;40;100mX[0;35;5;40;100mt[0;33;5;40;100mX[0;35;5;40;100mt[0;33;5;40;100mXttttt%ttttttttt[0;35;5;40;100m%[0;1;30;90;43m8[0;33;5;40;100m%%X[0;31;5;40;100mS[0;33;5;40;100mX[0;35;5;40;100mS[0;33;5;40;100mXS[0;31;5;40;100mS[0;33;5;40;100mX[0;31;5;40;100mS[0;33;5;40;100mS[0;31;5;40;100mS[0;33;5;40;100mX[0;31;5;40;100mS[0;33;5;40;100mX[0;31;5;40;100mS[0;33;5;40;100m%%%[0;31;5;40;100m%[0;33;5;40;100m%S[0;31;5;40;100mS[0;33;5;40;100m%[0;30;5;40;100m@[0;31;40m@[0;30;41mX[0;31;5;40;100m8[0;31;40m8[0;1;30;90;40m8[0;32;5;40;100m8[0;30;5;40;100mX[0;32;5;40;100mX[0;30;5;40;100mX[0;32;5;40;100mS[0;30;5;40;100mS[0;32;5;40;100mX[0;30;5;40;100m@X[0;32;5;40;100mS[0;30;5;40;100m8X[0;32;5;40;100m@[0m
