[0;37;5;40;100m8[0;1;30;90;47m8[0;37;5;40;100m8[0;1;30;90;47m8[0;37;5;40;100m8[0;1;30;90;47m8[0;37;5;40;100m8[0;1;30;90;47m8[0;37;5;40;100m8[0;1;30;90;47m8[0;37;5;40;100m8[0;1;30;90;47m8[0;37;5;40;100m8[0;1;30;90;47m8[0;37;5;40;100m88[0;1;30;90;47m8[0;37;5;40;100m8[0;1;30;90;47m8[0;37;5;40;100m8[0;1;30;90;47m8[0;37;5;40;100m8[0;1;30;90;47m8[0;37;5;40;100m8[0;1;30;90;47m8[0;37;5;40;100m888888[0;1;30;90;47m8[0;37;5;40;100m8888888[0;1;30;90;47m88[0;37;5;40;100m88888[0;1;30;90;47m8[0;37;5;40;100m88[0;1;30;90;47m8[0;37;5;40;100m888[0;1;30;90;47m8[0;37;5;40;100m8[0;1;30;90;47m8[0;37;5;40;100m8[0;1;30;90;47m8[0;37;5;40;100m8888888@888@8@@888@@@@@@@[0;33;5;40;100m [0;37;5;40;100m8XX[0;33;5;40;100m [0;37;5;40;100m8[0;33;5;40;100m [0;37;5;40;100m8[0;33;5;40;100m [0;37;5;40;100m8XXXX@[0;33;5;40;100m [0;37;5;40;100m8@[0;33;5;40;100m [0;37;5;40;100m8@[0;33;5;40;100m [0;37;5;40;100m88[0;33;5;40;100m [0;37;5;40;100m8@XX@[0;33;5;40;100m [0;37;5;40;100m8X[0;33;5;40;100m [0;37;5;40;100m8[0;33;5;40;100m [0;37;5;40;100m8X[0;33;5;40;100m [0;37;5;40;100m8[0;33;5;40;100m [0;37;5;40;100m8[0;33;5;40;100m [0;37;5;40;100m@[0;33;5;40;100m [0;37;5;40;100m@[0;33;5;40;100m [0m
[0;1;30;90;47m%@@@@8@@@8@8@8@@8@8@8888[0;37;5;40;100m8[0;1;30;90;47m8888888888@8888888@8888888888888[0;37;5;40;100m8[0;1;30;90;47m888[0;37;5;40;100m8[0;1;30;90;47m88[0;37;5;40;100m8[0;1;30;90;47m8[0;37;5;40;100m8[0;1;30;90;47m8[0;37;5;40;100m888[0;1;30;90;47m8[0;37;5;40;100m88888888888[0;1;30;90;47m@[0;37;5;40;100m888[0;1;30;90;47m8[0;37;5;40;100m8[0;1;30;90;47m8[0;37;5;40;100m8[0;1;30;90;47m8[0;37;5;40;100m888888[0;1;30;90;47m8[0;37;5;40;100m88[0;1;30;90;47m8[0;37;5;40;100m88[0;1;30;90;47m@[0;37;5;40;100m88[0;1;30;90;47m8[0;37;5;40;100m88888[0;1;30;90;47m8[0;37;5;40;100m88[0;1;30;90;47m8[0;37;5;40;100m8[0;1;30;90;47m8[0;37;5;40;100m88[0;1;30;90;47m8[0;37;5;40;100m8[0;1;30;90;47m8[0;37;5;40;100m888888[0m
[0;1;37;97;47m.[0;1;30;90;47mXSSSSS%%ttttt%tttttt%%t%%SS%S%%%%%%%%%%%%t%t%%%%%%t%%%%%t%S%%S%SSSSS%SSSSSSSSSSSSXXXXXXXXXXXXXXXXXXX@XX@X@@@@@@@@XX@X@@@@@@@@@X@@[0m
[0;1;37;97;47m%[0;1;30;90;47mS%%t;t;;;;::..::..:.. .::::;:;;:;:::::::::.::.:::::::::::::;:;;;;;;t;tttttttttt%t%%t%%%%t%t%t%t%%%%%%S%%S%%S%S%%%%%S%S%SSSSSS%S%S[0m
[0;1;37;97;47mS[0;1;30;90;47mS@XSSS%%tttt;::.:.....  ....::::::::::::.::.:.:.:::.:.:::::::;:;;;t;;;;;;ttttttt%tt%t%t%t%[0;33;47m8[0;1;30;90;47mt%[0;33;47m@[0;1;30;90;47m%%%%%%%%%%%%%SS%S%[0;33;47m8[0;1;30;90;47mS%%S%S%%[0;33;47m@[0;1;30;90;47m%%%%%%%[0m
[0;1;37;97;47mX[0;1;30;90;47mS[0;37;5;40;100m8[0;1;30;90;47m@8[0;33;47m8[0;1;30;90;47m8XSSS%t%ttt;;;:::......  ..::;:;:::::::.:::.:.:::.:.:.:::;:;;;;;t;t;;t;tttttt[0;33;47m@[0;1;30;90;47mtt[0;33;47m8[0;1;30;90;47mtt[0;33;47m8[0;1;30;90;47mtt%t%t%[0;33;47m@[0;1;30;90;47m%%[0;33;47m@[0;1;30;90;47m%%[0;33;47m@[0;1;30;90;47m%%[0;33;47m@[0;1;30;90;47mS%[0;33;47m@[0;1;30;90;47mS%%%%%S[0;33;47m8[0;1;30;90;47mS%[0;33;47m@[0;1;30;90;47mS%%%%[0;33;47m@[0;1;30;90;47m%tt[0m
[0;1;37;97;47mX[0;1;30;90;47m;8[0;1;30;90;43m8[0;1;30;90;47m8888[0;33;47m8[0;1;30;90;47m8XXS%%%t[0;33;47m@[0;1;30;90;47mttt;:::::...   .:::;:;::::::.:.::.:.:.::.:::::;:;;;;;t;t;tt[0;33;47m@[0;1;30;90;47m;t;[0;33;47m@[0;1;30;90;47mttttttt%ttttt[0;33;47m@[0;1;30;90;47m%%tt%t%%%%%%%%t%[0;33;47m@[0;1;30;90;47m%%S%S%%%ttt[0;33;47m@[0;1;30;90;47m%tt[0;33;47mX[0;1;30;90;47m;[0m
[0;1;37;97;47mSt[0;1;30;90;47m888[0;37;5;40;100m@[0;1;30;90;47m8888@@[0;33;47m8[0;1;30;90;47m8XXXSSS%[0;33;47m8[0;1;30;90;47mtt[0;33;47m@[0;1;30;90;47m:;:.:... ...::;:;:::::::.::.:.::::::.:::;;;;;;;[0;33;47m@[0;1;30;90;47m;t;ttt;ttt;tttttttt[0;33;47m@[0;1;30;90;47mt%tttttttt%t%%t%%%SSSS[0;33;47m8[0;1;30;90;47m%%t%tt%ttttt;;[0m
[0;1;37;97;47m%%[0;1;30;90;47mX[0;33;5;40;100m.[0;1;30;90;47m8[0;33;5;40;100m.[0;33;47m8[0;37;5;40;100mX[0;1;30;90;47m88[0;33;47m8[0;1;30;90;47m88@XXXXS[0;33;47m8[0;1;30;90;47mS%%ttt;;;;[0;33;47mX[0;1;30;90;47m:::::::.:[0;33;47mX[0;1;30;90;47m.:::;:::::::.::::::::::::;;;t[0;33;47m@[0;1;30;90;47m;;;t;t;tttt;ttt[0;33;47m@[0;1;30;90;47mt%@[0;33;47m8[0;1;30;90;47m8888888[0;33;5;40;100m:[0;1;30;90;47m@[0;1;30;90;43m8[0;1;30;90;47m8[0;37;5;40;100m8[0;33;5;40;100m; :[0;1;30;90;47m8[0;33;5;40;100mt.[0;1;30;90;47m8[0;1;30;90;43m8[0;1;30;90;47m8[0;33;5;40;100m.[0;1;30;90;47m8Xttt[0;33;47mX[0;1;30;90;47mtt[0;33;47m@[0;1;30;90;47mttt[0;33;47mX[0;1;30;90;47m;;t;[0m
[0;1;37;97;47m%S[0;1;30;90;47m%[0;37;5;40;100m8[0;33;47m8[0;1;30;90;47m8[0;37;5;40;100mS[0;1;30;90;47m8[0;33;5;40;100m:[0;1;30;90;47m8[0;37;5;40;100mX[0;1;30;90;47m8888@XXXXSSS%t%t%[0;33;47m@[0;1;30;90;47mt;ttS@[0;1;30;90;43m8[0;1;30;90;47m88S:.::::.::;;:::::::.::::::::;;[0;33;47m@[0;1;30;90;47m:;;;tttttttt;t[0;33;47mX[0;1;30;90;47mt;tt%8[0;33;5;40;100m.[0;37;5;40;100m@@[0;33;5;40;100m [0;1;30;90;47m88@S%X%S;[0;1;37;97;47m  [0;1;30;90;47m;;.:ttt:;;;[0;33;47mX[0;1;30;90;47m;;;;;t[0;33;47mX[0;1;30;90;47mttt[0;33;47mX[0;1;30;90;47mtS[0m
[0;1;37;97;47m%S[0;1;30;90;47mt[0;33;5;40;100m.[0;1;30;90;47m8[0;33;5;40;100m [0;1;30;90;47m888[0;1;30;90;43m8[0;1;30;90;47m8[0;37;5;40;100mX[0;1;30;90;47m8[0;33;5;40;100m.[0;1;30;90;47mX[0;33;47m8[0;1;30;90;47m88@XXXXS[0;33;47m8[0;1;30;90;47mSS%%t%t%ttS8[0;33;5;40;100m:. [0;1;30;90;47m88%:..[0;33;47mX[0;1;30;90;47m ::;;;::::::::::::;:;;;;t;tttt[0;33;47mX[0;1;30;90;47mt;[0;33;47mX[0;1;30;90;47m;t;tt;t[0;33;47mX[0;1;30;90;47m;:t:[0;1;37;97;47m [0;33;47mX[0;1;30;90;47m;;[0;33;47mX[0;1;30;90;47m:;::::[0;33;47mS[0;1;30;90;47m.:[0;33;47mS[0;1;37;97;47m [0;1;30;90;47m;::[0;33;47mS[0;1;30;90;47m:[0;33;47mS[0;1;37;97;47m [0;1;30;90;47m;::[0;33;47mS[0;1;30;90;47m;;ttSS@8[0;33;5;40;100m.[0;1;30;90;47m8[0m
[0;1;37;97;47m%%[0;1;30;90;47m 88[0;33;47m8[0;37;5;40;100m%[0;33;47m8[0;37;5;40;100m%[0;1;30;90;47m88[0;33;5;40;100m [0;1;30;90;47m8[0;33;47m8[0;37;5;40;100mS[0;1;30;90;47m8[0;37;5;40;100mX[0;1;30;90;47m8[0;37;5;40;100m8[0;1;30;90;47m88[0;33;47m8[0;1;30;90;47m888@XXXSSSS%%%t..;8[0;33;5;40;100mt:;:[0;1;30;90;47mXSt::::;;;::::::::;;;;t;ttttttttttttttt;t[0;33;47mX[0;1;30;90;47m;t;t;;;;;:::::.[0;33;47mS[0;1;37;97;47m  [0;1;30;90;47m:.[0;1;37;97;47m [0;1;30;90;47m:[0;1;33;93;47m%[0;1;30;90;47m;[0;1;37;97;47m      [0;1;33;93;47m%[0;1;30;90;47mtt@8[0;33;47m8[0;37;5;40;100mS[0;33;5;40;100m [0;1;30;90;43m8[0;37;5;40;100mS[0;33;5;40;100m [0;1;30;90;47m8[0;33;5;40;100m;[0m
[0;1;37;97;47m%%[0;1;30;90;47m.[0;33;5;40;100m.[0;1;30;90;47m888[0;37;5;40;100mt[0;1;30;90;47m8[0;37;5;40;100m%[0;1;30;90;47m8[0;33;47m8[0;37;5;40;100mt[0;1;30;90;47m8[0;37;5;40;100mS[0;1;30;90;47m8[0;33;5;40;100m.[0;1;30;90;47m8[0;37;43m8[0;37;5;40;100mX@@[0;1;30;90;47m8[0;37;5;40;100m8[0;1;30;90;47m8[0;37;5;40;100m8[0;1;30;90;47m888888@@@@@XXSt:.:@[0;33;5;40;100mS%% [0;1;30;90;47m::::;;;;;;;;:;;;;;ttt%%%%%%%t%t%tt[0;33;47mX[0;1;30;90;47mtttt;;;[0;33;47mS[0;1;30;90;47m:::[0;33;47m%[0;1;37;97;47m [0;1;30;90;47m:[0;33;47m%[0;1;37;97;47m [0;1;30;90;47m.[0;1;37;97;47m  [0;1;30;90;47m:[0;1;37;97;47m [0;1;30;90;47m.[0;1;33;93;47m%[0;1;30;90;47m;[0;1;37;97;47m     .[0;1;33;93;47m%[0;1;37;97;47m   [0;1;30;90;47mS8[0;1;30;90;43m8[0;1;30;90;47m8[0;37;5;40;100m%[0;1;30;90;47m88[0;37;5;40;100mS[0;1;30;90;47m8[0;33;5;40;100m.  [0m
[0;1;37;97;47mt%;[0;1;30;90;47mS[0;33;47m8[0;1;30;90;47m88[0;33;47m8[0;1;30;90;47m88[0;33;5;40;100m.[0;1;30;90;47m88[0;33;5;40;100m [0;1;30;90;47m88[0;33;47m8[0;37;5;40;100m%[0;1;30;90;47m8[0;37;5;40;100mS[0;1;30;90;47m8[0;33;5;40;100m [0;1;30;90;47m8[0;33;5;40;100m.[0;1;30;90;47m@[0;33;5;40;100m [0;1;30;90;47mX[0;33;5;40;100m.[0;1;30;90;47mX[0;33;5;40;100m [0;1;30;90;47mS8[0;1;30;90;43m8[0;1;30;90;47m@8888@8@@@XXX8XSX%%%t%ttttt;t;;;ttt%%%%[0;33;47m8[0;1;30;90;47m%%%[0;33;47m@[0;1;30;90;47mS%%[0;33;47m@[0;1;30;90;47m%tttt;t;[0;33;47mS[0;1;30;90;47m;;;;:[0;1;37;97;47m [0;1;30;90;47m;[0;1;37;97;47m   [0;1;30;90;47m.[0;1;37;97;47m   .  .. .:[0;1;33;93;47mS[0;1;37;97;47m  [0;1;30;90;47m@[0;33;47m@[0;1;30;90;47m88[0;37;5;40;100mXt[0;33;5;40;100m.[0;1;30;90;47m8[0;37;5;40;100mX[0;1;30;90;47m8[0;33;5;40;100m;:[0;1;30;90;47m8%[0;1;37;97;47m [0m
[0;1;37;97;47mt%;[0;1;30;90;47m%X[0;33;47mX[0;1;30;90;47m888[0;33;47m8[0;1;30;90;47m888[0;33;47m8[0;37;5;40;100mt[0;1;30;90;47m8[0;37;5;40;100mt[0;1;30;90;47m8[0;37;5;40;100m%[0;1;30;90;47m8[0;37;5;40;100mX[0;1;30;90;47m8[0;37;5;40;100m8[0;1;30;90;47m8[0;1;30;90;43m8[0;1;30;90;47m@88[0;33;5;40;100m.[0;1;30;90;47m%[0;33;5;40;100m:[0;1;30;90;47m@88[0;33;5;40;100m [0;1;30;90;47m@[0;33;5;40;100m.[0;1;30;90;47mX[0;33;5;40;100m.[0;1;30;90;47mS[0;33;5;40;100m.[0;1;30;90;47mS[0;37;5;40;100m8[0;1;30;90;47m8888888[0;37;5;40;100m8[0;1;30;90;47m@[0;37;5;40;100m8[0;1;30;90;47mX[0;33;5;40;100m [0;1;30;90;47m;[0;37;5;40;100m8[0;1;30;90;47mSXXSSSSSSSX[0;33;47m8[0;1;30;90;47m@XXXXXXSSSSSS%%%%%[0;33;47mX[0;1;30;90;47mtt;;:[0;33;47mS[0;1;37;97;47m [0;1;30;90;47m:[0;1;37;97;47m    ..;;;ttt;:[0;1;33;93;47mX[0;1;30;90;47m88[0;33;5;40;100m.[0;37;5;40;100mSS%[0;33;5;40;100m.[0;37;5;40;100mX[0;33;5;40;100m.[0;1;30;90;47m8[0;37;5;40;100m@[0;1;30;90;47m8St[0;37;5;40;100m@[0;1;30;90;47m8[0;37;5;47;107m8  [0m
[0;1;37;97;47m%%:[0;33;5;40;100m%[0;35;5;40;100m;[0;33;5;40;100m [0;1;30;90;47m88[0;33;47m@[0;1;30;90;47m88[0;33;47m@[0;1;30;90;47m888[0;33;47m8[0;1;30;90;47m88[0;37;5;40;100mS[0;1;30;90;47m8[0;1;30;90;43m8[0;1;30;90;47m8[0;33;5;40;100m:[0;1;30;90;47m88[0;33;5;40;100m [0;1;30;90;47m8[0;33;5;40;100m:[0;1;30;90;47mX[0;33;5;40;100m.[0;1;30;90;47mX[0;33;5;40;100m [0;1;30;90;47m8[0;33;5;40;100m [0;1;30;90;47mX[0;37;5;40;100m8[0;1;30;90;47m8[0;33;5;40;100m.[0;1;30;90;47m%[0;33;5;40;100m.[0;1;30;90;47m%[0;33;5;40;100m:[0;1;30;90;47m@[0;33;5;40;100m.[0;1;30;90;47m8[0;37;5;40;100m888888[0;33;5;40;100m [0;1;30;90;47mS[0;33;5;40;100m [0;1;30;90;47m:[0;33;5;40;100m:[0;1;30;90;47m%[0;33;5;40;100m:[0;1;30;90;47mS[0;33;5;40;100m:[0;1;30;90;47mS[0;33;5;40;100m.[0;1;30;90;47mt[0;33;5;40;100m [0;1;30;90;47m;[0;33;5;40;100m [0;1;30;90;47m;[0;33;5;40;100m [0;1;30;90;47mS[0;37;5;40;100m8[0;1;30;90;47m8888888@@@@X@@X[0;33;47m@[0;1;30;90;47m@SSSS%%t%[0;33;47mS[0;1;30;90;47mt;[0;33;47mS[0;1;37;97;47m [0;1;33;93;47m%[0;1;30;90;47m;[0;1;37;97;47m  [0;1;33;93;47m%[0;1;30;90;47m;[0;1;37;97;47m [0;33;47mS[0;1;30;90;47m8[0;33;5;40;100m:[0;37;5;40;100m%SS[0;1;30;90;47m8[0;33;5;40;100mS; [0;1;30;90;47m8t[0;1;37;97;47mS[0;1;30;90;47mXSt[0;1;37;97;47m;%[0;1;30;90;47m8S[0;37;5;47;107mt .[0m
[0;1;37;97;47m%%;[0;35;5;40;100m ;X[0;30;5;40;100m8[0;31;5;40;100mX[0;35;5;40;100m8[0;31;5;40;100m8S[0;35;5;40;100m8[0;31;5;40;100mX[0;35;5;40;100m%[0;33;5;40;100m%[0;35;5;40;100m;[0;33;5;40;100m [0;1;30;90;47m8[0;33;5;40;100m;[0;1;30;90;47m8[0;37;5;40;100mtS[0;33;5;40;100m ;  : .[0;1;30;90;47m8[0;33;5;40;100m;[0;37;5;40;100m8[0;33;5;40;100m:[0;37;5;40;100m@[0;33;5;40;100m; [0;37;5;40;100m8[0;1;30;90;47mXSS@SXS8[0;33;5;40;100m [0;1;30;90;47m8[0;33;5;40;100m [0;37;5;40;100m8[0;33;5;40;100m.[0;37;5;40;100m8[0;33;5;40;100m   :%@X@S@X@S@%X;t;%t%Sttt%SSSSS%%:tt%SX@@[0;31;5;40;100m@[0;33;5;40;100mXS8[0;31;5;40;100m@[0;33;5;40;100mX[0;31;5;40;100m@[0;33;5;40;100mX[0;31;5;40;100m8[0;33;5;40;100m8[0;1;30;90;41m8[0;31;5;40;100mSX[0;33;5;40;100m [0;1;30;90;47m%[0;33;5;40;100m.[0;1;30;90;47m8[0;33;5;40;100m [0;1;30;90;47m8888[0;37;5;47;107m8;[0;1;37;97;47mS[0;37;5;47;107m88[0;1;30;90;47m%[0;33;47mS[0;1;37;97;47m tS[0;1;30;90;47mXt[0;37;5;47;107mt..[0m
[0;1;37;97;47m%%S[0;37;5;47;107m;t[0;1;37;97;47m8[0;37;5;47;107m;@8[0;1;37;97;47m8[0;37;5;40;100m8[0;34;5;40;100mSS[0;34;40m@[0;30;5;40;100m8[0;35;5;40;100m;[0;33;5;40;100m . :..:[0;1;30;90;41mS[0;31;40m@[0;31;5;40;100m8[0;31;40m@[0;31;5;40;100m8[0;31;40mXS[0;1;30;90;40m@[0;31;40mS[0;1;30;90;40m@[0;31;40mS[0;30;5;40;100m8[0;33;5;40;100m8[0;1;30;90;41m8[0;1;30;90;47mS[0;37;5;47;107m:[0;1;37;97;47m8[0;37;5;47;107m@@[0;1;37;97;47m8[0;37;5;47;107m@[0;1;37;97;47m8[0;1;30;90;47m%[0;36;5;40;100m  ;%[0;30;5;40;100m@X[0;1;30;90;40m8@[0;31;40mtt@@@XXX[0;1;30;90;40mX[0;31;40mX[0;1;30;90;40m8[0;1;30;90;41m@[0;1;30;90;40m8[0;1;30;90;41m8[0;31;5;40;100mXXXX[0;1;30;90;41m8[0;30;5;40;100m8[0;33;5;40;100m8[0;31;5;40;100m@@X@888@S8[0;33;5;40;100m8[0;31;5;40;100m88[0;33;5;40;100m@[0;1;30;90;41m8[0;31;5;40;100mX@@[0;33;5;40;100m8[0;31;5;40;100m8@@[0;33;5;40;100m8[0;31;5;40;100m8XS[0;33;5;40;100m8[0;31;5;40;100m8[0;33;5;40;100m8[0;30;5;40;100m8[0;33;5;40;100m8[0;1;30;90;47mX[0;1;37;97;47m. [0;37;5;47;107m888S[0;1;37;97;47m: [0;37;5;47;107m. [0;1;37;97;47m%S[0;37;5;47;107m8[0;1;30;90;47mt[0;1;37;97;47m  tS[0;1;30;90;47m@;[0;37;5;47;107mt;;[0m
[0;1;37;97;47m%%S[0;37;5;47;107m%.X.:::[0;1;37;97;47m [0;36;5;40;100m@8[0;1;30;90;44m8[0;34;40mX[0;33;5;40;100m.[0;37;5;40;100mS[0;33;5;40;100m [0;37;5;40;100mS[0;33;5;40;100m   :[0;1;30;90;40m@X[0;32;40mt[0;1;30;90;40m8X88X[0;34;40mS[0;1;30;90;40mS[0;34;40m;[0;31;40m%[0;30;5;40;100m@8[0;33;5;40;100m [0;1;37;97;47mt%[0;37;5;47;107m%;[0;1;37;97;47m8[0;37;5;47;107m:%[0;1;30;90;47m@[0;36;5;40;100mt%X8[0;34;5;40;100m8[0;36;5;40;100m8[0;34;40m8[0;30;5;40;100m8[0;34;40mX[0;1;30;90;40m@@8888[0;31;40m@[0;1;30;90;40m8[0;31;40m@[0;30;5;40;100m@[0;31;40m@[0;33;5;40;100m8[0;31;40m@[0;1;30;90;40m8[0;33;5;40;100m8[0;31;40m@[0;32;5;40;100mS[0;1;30;90;40m8[0;30;41m8[0;33;5;40;100mX[0;31;5;40;100mS[0;33;5;40;100m@[0;30;5;40;100m@[0;31;5;40;100mS[0;30;5;40;100m8[0;1;30;90;40m8[0;30;5;40;100mX[0;33;5;40;100m8[0;31;5;40;100m@[0;33;5;40;100m8[0;31;5;40;100m8S[0;33;5;40;100m8[0;31;5;40;100m8[0;33;5;40;100m@[0;31;5;40;100mX[0;33;5;40;100m8[0;31;5;40;100mX@[0;33;5;40;100m8[0;31;5;40;100m@[0;33;5;40;100m8[0;30;5;40;100m88[0;33;5;40;100m8[0;30;5;40;100m@[0;31;5;40;100mX[0;33;5;40;100mX[0;31;5;40;100mX[0;33;5;40;100mS[0;31;5;40;100mS[0;1;37;97;47m.@%[0;37;5;47;107mX[0;1;37;97;47mX[0;37;5;47;107m8S[0;1;37;97;47m; [0;37;5;47;107m..[0;1;37;97;47m%X[0;37;5;47;107m8[0;1;30;90;47mt;[0;1;37;97;47m t%[0;1;30;90;47mX:[0;37;5;47;107mt;;[0m
[0;1;37;97;47m%%%[0;37;5;47;107m%.X:.:.[0;1;37;97;47mX[0;36;5;40;100m:@[0;1;30;90;44m8[0;1;30;90;40m8[0;36;5;40;100mS[0;33;5;40;100m [0;37;5;40;100mX[0;33;5;40;100m [0;37;5;40;100m%[0;33;5;40;100m  .[0;31;5;40;100m8[0;1;30;90;40m88888@X[0;31;40mS[0;32;40mt[0;31;40m%[0;1;30;90;40m@[0;30;5;40;100mX[0;32;5;40;100mS[0;33;5;40;100mX[0;1;30;90;47m:[0;1;37;97;47mtX[0;37;5;47;107m8[0;1;37;97;47m8@[0;1;30;90;47m [0;37;5;40;100m@[0;36;5;40;100m.[0;35;5;40;100m:%[0;36;5;40;100mt[0;30;5;40;100mS[0;31;5;40;100mS[0;30;5;40;100m8[0;32;40mX[0;1;30;90;40m8[0;32;40mt[0;31;40m@[0;30;5;40;100mX[0;31;40m88[0;32;5;40;100mX[0;31;40m@[0;1;30;90;40m88[0;31;40m8[0;33;5;40;100m8[0;31;40mX[0;33;5;40;100m8[0;31;40mt[0;1;30;90;40m8[0;30;5;40;100mX[0;31;40m8[0;33;5;40;100m8[0;1;30;90;40m@8[0;30;5;40;100m@[0;31;5;40;100m8[0;30;5;40;100m@[0;32;5;40;100mS[0;31;5;40;100m8[0;30;5;40;100m8[0;33;5;40;100m8[0;30;5;40;100m8[0;31;5;40;100m@[0;30;5;40;100mX[0;33;5;40;100m8[0;31;5;40;100m8[0;30;5;40;100m@[0;31;5;40;100mXX[0;33;5;40;100m8[0;31;5;40;100m8[0;33;5;40;100m@[0;30;5;40;100m8[0;31;5;40;100m8[0;30;5;40;100mX[0;31;5;40;100mSS[0;33;5;40;100mS[0;35;5;40;100m@[0;33;5;40;100mX[0;35;5;40;100mt[0;33;5;40;100mt[0;35;5;40;100m:[0;33;5;40;100m  [0;1;37;97;47mS[0;37;5;47;107m8[0;1;37;97;47mX[0;37;5;47;107mS[0;1;37;97;47m@[0;37;5;47;107m8S[0;1;37;97;47m  [0;37;5;47;107m. [0;1;37;97;47mt@[0;37;5;47;107m8[0;1;30;90;47mt[0;1;37;97;47m .;t[0;1;30;90;47mt.[0;37;5;47;107m%tt[0m
[0;1;37;97;47m%%S[0;37;5;47;107m@ S:...[0;1;37;97;47m8[0;36;5;40;100m [0;1;30;90;46m8[0;1;30;90;44m8[0;34;40m@[0;33;5;40;100m; [0;37;5;40;100m@[0;33;5;40;100m [0;37;5;40;100mX[0;33;5;40;100mt..[0;30;5;40;100m8[0;1;30;90;40m8888[0;31;40m@[0;1;30;90;40m8[0;31;40mX[0;1;30;90;40m@[0;31;40mX[0;1;30;90;40mS[0;31;40mX[0;30;5;40;100mS8[0;1;30;90;40m8[0;36;5;40;100m.[0;1;30;90;47m [0;1;37;97;47m8[0;37;5;47;107m8[0;1;37;97;47m88[0;1;30;90;47m%[0;37;5;40;100m8[0;33;5;40;100m%;S[0;31;5;40;100mS[0;33;5;40;100m%;[0;1;30;90;40m8[0;34;40m@[0;1;30;90;40m@8[0;32;40mt[0;31;40mS[0;32;40m@[0;31;40m@S[0;1;30;90;40m8[0;31;40m@[0;1;30;90;40m8[0;32;40m@[0;31;40m@[0;30;5;40;100m8[0;32;40m%[0;1;30;90;40m8[0;31;40m@[0;1;30;90;40m888[0;33;5;40;100m8[0;31;5;40;100m8[0;33;5;40;100m8[0;1;30;90;40m@[0;31;5;40;100mS[0;30;5;40;100mX[0;33;5;40;100m8[0;30;5;40;100m88[0;33;5;40;100m8[0;31;5;40;100m@S[0;32;5;40;100mS[0;31;5;40;100mS[0;33;5;40;100m%S[0;30;5;40;100mX[0;35;5;40;100mS[0;30;5;40;100mX[0;31;5;40;100mSS[0;30;5;40;100m8[0;33;5;40;100mSt[0;35;5;40;100mS[0;33;5;40;100m@%[0;35;5;40;100m;[0;33;5;40;100m.[0;37;5;40;100m%@[0;1;30;90;47m8[0;37;5;40;100mS[0;1;37;97;47mS[0;37;5;47;107m@8S[0;1;37;97;47mX[0;37;5;47;107m8%[0;1;37;97;47m  [0;37;5;47;107m..[0;1;37;97;47m.X[0;37;5;47;107m8[0;1;30;90;47mSt[0;1;37;97;47m ;;[0;1;30;90;47m% [0;37;5;47;107m%%t[0m
[0;1;37;97;47mS%%[0;37;5;47;107m8 S;.:.@[0;37;5;40;100m8[0;1;30;90;46m8[0;34;5;40;100m8[0;34;40m@[0;36;5;40;100m%[0;33;5;40;100m [0;37;5;40;100m@[0;33;5;40;100m [0;37;5;40;100mS[0;33;5;40;100m   [0;31;5;40;100m@[0;1;30;90;40m@8[0;31;40m8[0;30;5;40;100m8[0;32;40mX[0;1;30;90;40m@[0;31;40m@X[0;1;30;90;40m@[0;31;40mXS[0;32;5;40;100mS[0;31;5;40;100m8[0;1;30;90;40m@[0;36;5;40;100m@t[0;37;5;40;100mX[0;1;30;90;47m88[0;37;5;40;100m8[0;33;5;40;100mt;[0;31;5;40;100mS[0;30;5;40;100mX[0;31;5;40;100mS[0;30;5;40;100mX8@@8[0;1;30;90;40m@8[0;31;40mS[0;1;30;90;40m@[0;31;40mX[0;1;30;90;40m@[0;32;40mX[0;31;40m8[0;32;40m8[0;31;40m8[0;1;30;90;40m8@[0;31;40mS[0;1;30;90;40m8[0;31;40mX[0;32;5;40;100m8[0;31;40mX[0;30;5;40;100m@[0;31;40m8[0;33;5;40;100mX[0;30;5;40;100m888[0;31;5;40;100mS[0;30;5;40;100mX[0;31;5;40;100mX[0;33;5;40;100m8[0;30;5;40;100m8[0;31;5;40;100m@[0;32;5;40;100m@[0;31;5;40;100mX[0;33;5;40;100mt[0;35;5;40;100m%[0;33;5;40;100mX[0;35;5;40;100m@[0;33;5;40;100m8[0;30;5;40;100mX[0;33;5;40;100m%[0;36;5;40;100m%[0;31;5;40;100mS[0;30;5;40;100mX8[0;31;5;40;100mX[0;30;5;40;100m@S[0;31;5;40;100mS[0;33;5;40;100m;::..[0;37;5;40;100mS[0;1;37;97;47m@[0;37;5;47;107mX8@[0;1;37;97;47mS[0;37;5;47;107m8X[0;1;30;90;47m:.[0;37;5;47;107mt;[0;1;37;97;47m SS[0;1;30;90;47mS%[0;1;37;97;47m :;[0;1;30;90;47mS.[0;37;5;47;107m@88[0m
[0;1;37;97;47mSSS8[0;37;5;47;107m St...X[0;37;5;40;100m@[0;1;30;90;46m8[0;34;5;40;100m8[0;34;40m@[0;36;5;40;100mt[0;33;5;40;100m.[0;37;5;40;100m@[0;33;5;40;100m [0;37;5;40;100m@[0;33;5;40;100m [0;37;5;40;100m@[0;33;5;40;100m:[0;30;5;40;100m@[0;1;30;90;40m888[0;31;40mX[0;30;5;40;100m8[0;31;40mS[0;1;30;90;40m8[0;31;40mXS[0;1;30;90;40m8[0;31;40mS[0;30;5;40;100m@@[0;31;5;40;100mS[0;1;30;90;40m8[0;31;5;40;100mX[0;1;30;90;40m8[0;32;5;40;100mS[0;31;5;40;100m8[0;1;30;90;40m8[0;31;5;40;100mS[0;1;30;90;40m8[0;30;5;40;100m@X@X8[0;1;30;90;40m8[0;30;5;40;100m@@@[0;1;30;90;40m8[0;31;40m%[0;32;40mS[0;31;40m8[0;1;30;90;40m8[0;31;40m8[0;30;5;40;100m8[0;1;30;90;40m88[0;30;41m8[0;32;5;40;100mS[0;1;30;90;41m8[0;1;30;90;40m8[0;31;5;40;100mX[0;31;40mX[0;1;30;90;40m88[0;30;5;40;100m8[0;31;5;40;100mX[0;30;5;40;100mX8[0;31;5;40;100m8[0;30;5;40;100m8[0;33;5;40;100m8[0;30;5;40;100m8[0;31;5;40;100m8[0;30;5;40;100m8[0;33;5;40;100m%[0;30;5;40;100mS[0;35;5;40;100m%[0;33;5;40;100m8[0;31;5;40;100mX[0;30;5;40;100mS[0;33;5;40;100mX[0;34;5;40;100mX[0;33;5;40;100m@[0;31;5;40;100mS[0;30;5;40;100mS[0;33;5;40;100mX[0;31;5;40;100m@[0;32;5;40;100mX[0;31;5;40;100mS[0;33;5;40;100m%[0;35;5;40;100m%[0;32;5;40;100mS[0;35;5;40;100mS[0;33;5;40;100mS[0;35;5;40;100m;[0;33;5;40;100m:  [0;1;37;97;47m88tS[0;1;30;90;47m:%X[0;33;5;40;100m: [0;1;30;90;47mX8[0;33;5;40;100m [0;1;30;90;47m@8XX.[0;1;37;97;47m. [0;37;5;40;100m8[0;1;30;90;47m@%@[0;37;5;40;100m8[0m
[0;1;37;97;47mSSS88@@888t[0;37;5;40;100m%[0;36;5;40;100m@[0;1;30;90;44m8[0;1;30;90;40m8[0;30;5;40;100m8[0;33;5;40;100m [0;37;5;40;100m8[0;33;5;40;100m.[0;37;5;40;100m@[0;33;5;40;100m: [0;37;5;40;100mS[0;33;5;40;100mS[0;31;5;40;100mS[0;33;5;40;100m@[0;30;5;40;100m88X[0;32;5;40;100mS[0;31;5;40;100m8[0;30;5;40;100m8X@@[0;31;5;40;100mS[0;32;5;40;100m8[0;1;30;90;40m8[0;33;5;40;100m8[0;32;40mS[0;31;5;40;100m8[0;32;40mX[0;31;5;40;100m@[0;1;30;90;40m8[0;30;5;40;100mXS@[0;31;5;40;100m@[0;1;30;90;40m8[0;31;5;40;100mX[0;1;30;90;40m8[0;33;5;40;100m8[0;1;30;90;40m8[0;31;5;40;100m8[0;32;40mX[0;31;40m8[0;1;30;90;40mX[0;31;40mX[0;1;30;90;40m8[0;31;40mX[0;1;30;90;40m8[0;31;40mX[0;1;30;90;40m8[0;31;40mX[0;1;30;90;40m8[0;31;40mX[0;1;30;90;40m88[0;30;5;40;100mS[0;31;5;40;100mS[0;32;40m@[0;1;30;90;40m88[0;31;5;40;100mS[0;1;30;90;40m8[0;30;5;40;100m@[0;1;30;90;40m8[0;33;5;40;100m8[0;1;30;90;40m8[0;31;5;40;100mS[0;30;5;40;100m8X8[0;31;5;40;100m@[0;30;5;40;100m8@[0;31;5;40;100mS[0;30;5;40;100mX[0;31;5;40;100mS[0;33;5;40;100m@[0;35;5;40;100m8[0;33;5;40;100mS;[0;30;5;40;100m@[0;35;5;40;100mt[0;33;5;40;100mt[0;35;5;40;100m.[0;33;5;40;100m;:..  [0;37;5;40;100mX[0;33;5;40;100m [0;37;5;40;100mX[0;1;37;97;47mS[0;37;5;47;107m8[0;1;37;97;47m8[0;37;5;47;107m@@@X[0;1;30;90;47m.[0;1;37;97;47m%[0;37;5;47;107mt;:%[0;1;37;97;47m%[0;1;30;90;47m%%:[0;1;37;97;47m.[0;1;30;90;47m.[0;37;5;40;100m8[0;1;30;90;47m.[0;37;5;47;107mS[0;1;37;97;47m8S[0m
[0;1;37;97;47mSSX.[0;30;5;40;100m8[0;1;30;90;40m88888[0;34;40m88[0;30;44m8[0;1;30;90;40m8[0;30;44m8[0;34;5;40;100mS[0;33;5;40;100m [0;37;5;40;100m8[0;33;5;40;100m.[0;1;30;90;47m8[0;33;5;40;100m:[0;1;30;90;47m8[0;33;5;40;100m;[0;35;5;40;100m [0;33;5;40;100m .tS[0;30;5;40;100m88[0;33;5;40;100m8[0;30;5;40;100mS[0;33;5;40;100m8[0;31;5;40;100mX[0;32;5;40;100mX[0;30;5;40;100m8[0;31;5;40;100m8[0;1;30;90;40m8[0;31;5;40;100mS[0;33;5;40;100mX[0;1;30;90;40m8[0;36;5;40;100mS[0;30;5;40;100mX[0;33;5;40;100m8[0;30;5;40;100m@[0;33;5;40;100m8Xt[0;36;5;40;100m:[0;33;5;40;100m:[0;36;5;40;100m:[0;30;5;40;100mX8[0;1;30;90;40m88@[0;32;40mt[0;31;40mS[0;32;40mX[0;1;30;90;40m8[0;31;40mX[0;32;40m8[0;31;40m8[0;32;5;40;100mS[0;31;40m8[0;33;5;40;100m8[0;1;30;90;40m8[0;1;30;90;41m8[0;32;40m8[0;30;41m8[0;30;5;40;100m@[0;31;5;40;100m8[0;30;5;40;100m8S[0;31;5;40;100mX[0;1;30;90;40m8[0;33;5;40;100m8[0;30;5;40;100m8[0;31;5;40;100mS[0;33;5;40;100m8[0;30;5;40;100m8[0;31;5;40;100mX[0;30;5;40;100mSX[0;31;5;40;100mS[0;32;5;40;100mS[0;31;5;40;100mS[0;33;5;40;100mS[0;30;5;40;100m@@X[0;31;5;40;100m@[0;30;5;40;100mX[0;33;5;40;100mX[0;31;5;40;100m@[0;33;5;40;100m [0;37;5;40;100mS%%[0;33;5;40;100m [0;37;5;40;100m@[0;1;30;90;47m88@8[0;33;5;40;100m%[0;1;30;90;47m8SStSX@[0;33;5;40;100m:[0;1;30;90;47m%:[0;1;37;97;47m.t@ [0;1;30;90;47mXS[0;1;37;97;47m ;:[0;1;30;90;47mX[0;1;37;97;47mt[0;37;5;47;107mtX[0;1;37;97;47m8[0m
[0;1;37;97;47mXXX:[0;32;5;40;100mS[0;1;30;90;40m8[0;30;5;40;100m8@@@[0;32;5;40;100m@[0;1;30;90;40m8[0;34;40mS[0;1;30;90;40m8[0;34;40m8[0;32;5;40;100mX[0;33;5;40;100m [0;37;5;40;100m8[0;33;5;40;100m.[0;37;5;40;100m@[0;33;5;40;100m. [0;1;30;90;47m8[0;33;5;40;100m. .;[0;35;5;40;100m%[0;33;5;40;100m@[0;30;5;40;100mX@88@[0;31;5;40;100m8[0;30;5;40;100m8@S[0;33;5;40;100mS[0;36;5;40;100mt@[0;37;5;40;100m@[0;36;5;40;100m;[0;30;5;40;100m8@[0;36;5;40;100m.[0;35;5;40;100m [0;36;5;40;100m.%%::[0;34;5;40;100mS[0;1;30;90;40m@[0;31;40mS[0;1;30;90;40m8[0;31;40m%[0;1;30;90;40m@[0;31;40m@[0;1;30;90;40m88[0;31;40m8[0;30;5;40;100m8[0;31;40m8[0;30;5;40;100m8[0;32;40mS[0;1;30;90;40m8[0;31;5;40;100m@[0;30;5;40;100m@X[0;31;40m@[0;32;5;40;100m@[0;31;5;40;100m@[0;33;5;40;100m8[0;30;5;40;100m@[0;31;5;40;100mX@[0;33;5;40;100m8[0;31;5;40;100mX[0;30;5;40;100mS[0;33;5;40;100m@[0;31;5;40;100m@[0;30;5;40;100m@[0;33;5;40;100m%  .[0;35;5;40;100m;[0;33;5;40;100m%[0;31;5;40;100mX[0;30;5;40;100mX[0;31;5;40;100mS[0;30;5;40;100mX[0;31;5;40;100mS[0;33;5;40;100m:::: .;ttX[0;31;5;40;100m88[0;33;5;40;100m ;%St: [0;1;30;90;47m8[0;33;5;40;100m;[0;37;5;40;100m8[0;33;5;40;100m [0;1;30;90;47m8[0;33;5;40;100m [0;1;30;90;47mX88[0;1;37;97;47m :;[0;1;30;90;47mS[0;1;37;97;47m.ttt[0m
[0;1;37;97;47mXXXt[0;35;5;40;100m%[0;30;5;40;100m8@@@88[0;1;30;90;40m8[0;34;40mX[0;30;5;40;100mX[0;34;40m8[0;34;5;40;100mX[0;33;5;40;100m%;:t:tS%[0;31;5;40;100mSX[0;30;5;40;100mXX[0;31;5;40;100m@[0;30;5;40;100m@[0;31;5;40;100mX[0;30;5;40;100m8@[0;1;30;90;40m88[0;30;5;40;100m@[0;1;30;90;40m8[0;30;5;40;100m@@[0;34;5;40;100mS[0;36;5;40;100m8 [0;37;5;40;100m%[0;30;5;40;100m88X[0;33;5;40;100mX[0;1;30;90;40m8[0;34;5;40;100m888[0;1;30;90;40m8@8[0;32;40mS[0;31;40m@[0;32;40mX[0;1;30;90;40mX[0;31;40mS[0;1;30;90;40m8[0;31;40mS[0;1;30;90;40m8[0;32;40m@[0;1;30;90;40m8[0;31;40m8[0;31;5;40;100mX[0;1;30;90;40m8[0;31;40m8[0;32;5;40;100mS[0;31;40m8[0;1;30;90;40m8[0;31;5;40;100m@[0;30;5;40;100m@[0;31;5;40;100mX[0;32;5;40;100mS[0;31;40m8[0;33;5;40;100m@[0;30;5;40;100mS[0;33;5;40;100mSS[0;30;5;40;100m8X[0;33;5;40;100m8[0;35;5;40;100m.[0;33;5;40;100m  ;%[0;31;5;40;100mX[0;32;5;40;100mS[0;31;5;40;100m8[0;30;5;40;100m8[0;31;5;40;100mX[0;32;5;40;100m@[0;35;5;40;100m:[0;33;5;40;100m: .:;t[0;31;5;40;100mS8[0;1;30;90;40m8[0;31;40mS[0;1;30;90;40m8[0;33;5;40;100m ;[0;30;5;40;100m8@8[0;31;5;40;100m@XX[0;33;5;40;100m8[0;31;5;40;100mX[0;33;5;40;100mS%;. [0;1;30;90;47m8[0;33;5;40;100m: [0;1;30;90;47m8[0;33;5;40;100m.[0;1;30;90;47m8[0;33;5;40;100m.[0;1;30;90;47m8[0;33;5;40;100m [0m
[0;1;37;97;47mXXX%[0;33;5;40;100m;[0;1;30;90;40m8[0;30;5;40;100m88[0;1;30;90;40m8[0;30;5;40;100m88@8[0;32;5;40;100m8[0;30;5;40;100mXX[0;33;5;40;100m%:....[0;35;5;40;100m;[0;33;5;40;100mt;%[0;31;5;40;100mS[0;33;5;40;100m@[0;30;5;40;100m@[0;32;5;40;100mS[0;30;5;40;100m8[0;31;5;40;100m@[0;30;5;40;100m@[0;33;5;40;100m8[0;30;5;40;100m8[0;31;5;40;100mX[0;30;5;40;100mXX@[0;31;5;40;100mX[0;30;5;40;100m@[0;34;5;40;100mS[0;30;5;40;100m888[0;1;30;90;40m8[0;30;5;40;100m8[0;31;5;40;100m8[0;32;40mS[0;30;5;40;100m8[0;31;40m@[0;30;5;40;100m8[0;1;30;90;40m8[0;31;40m8[0;30;5;40;100m8[0;1;30;90;40m8@[0;30;5;40;100m88[0;1;30;90;40m8[0;32;5;40;100mX[0;31;5;40;100m8[0;30;5;40;100m8[0;31;5;40;100mS[0;32;5;40;100m8[0;30;5;40;100m8[0;33;5;40;100m8[0;30;5;40;100mS[0;31;5;40;100mX[0;32;5;40;100m8[0;31;40mX[0;32;5;40;100m8[0;31;5;40;100mX[0;30;5;40;100mX[0;33;5;40;100m8[0;30;5;40;100m@[0;33;5;40;100mX%[0;31;5;40;100mS[0;35;5;40;100m%[0;33;5;40;100m8[0;1;30;90;40m@[0;31;5;40;100mS[0;33;5;40;100m   .[0;35;5;40;100m;[0;33;5;40;100m%[0;31;5;40;100mX[0;33;5;40;100m@[0;30;5;40;100m8@[0;31;5;40;100mS[0;33;5;40;100m [0;37;5;40;100mS[0;33;5;40;100m [0;37;5;40;100mS[0;33;5;40;100m:.t[0;35;5;40;100mS[0;31;5;40;100mX[0;30;5;40;100m8[0;1;30;90;40m8[0;30;5;40;100m8[0;33;5;40;100m%[0;30;5;40;100mX88@88@@XS[0;31;5;40;100mS@[0;33;5;40;100m.  [0;37;5;40;100m8[0;33;5;40;100mX%:.  [0;1;30;90;47m8[0m
[0;1;37;97;47mXXXS[0;35;5;40;100m [0;33;5;40;100mtS[0;31;5;40;100m%[0;33;5;40;100m%%tS[0;31;5;40;100m@[0;30;5;40;100mX[0;33;5;40;100mS[0;31;5;40;100mS[0;33;5;40;100m.  ..:::[0;35;5;40;100mt[0;33;5;40;100mS[0;31;5;40;100mS[0;30;5;40;100mS[0;33;5;40;100m@[0;30;5;40;100m8[0;31;5;40;100mS[0;32;5;40;100m@[0;31;5;40;100m8[0;30;5;40;100m8XX[0;31;5;40;100mS[0;30;5;40;100mS[0;33;5;40;100m8[0;30;5;40;100mX[0;33;5;40;100m;X[0;30;5;40;100m@[0;33;5;40;100m8[0;31;5;40;100m8S[0;30;5;40;100mXX[0;31;5;40;100mX[0;30;5;40;100mS[0;33;5;40;100m8[0;30;5;40;100m8[0;33;5;40;100m8[0;30;5;40;100m8X8[0;31;5;40;100m8[0;30;5;40;100m@[0;33;5;40;100m8[0;30;5;40;100m8[0;31;5;40;100m@[0;32;5;40;100m@[0;31;5;40;100mX[0;32;5;40;100mX[0;31;5;40;100mS[0;33;5;40;100m%[0;35;5;40;100mS[0;33;5;40;100m@%tt[0;35;5;40;100m%[0;33;5;40;100mt.  [0;35;5;40;100m [0;37;5;40;100mX[0;33;5;40;100m    [0;37;5;40;100mSX@@@XXX[0;35;5;40;100m [0;37;5;40;100mX[0;33;5;40;100m [0;1;30;90;47m8XXS@@88[0;33;5;40;100m. .tS[0;31;5;40;100mX[0;30;5;40;100m@888@XXXSSXX[0;33;5;40;100m.[0;37;5;40;100m8[0;33;5;40;100m:   [0;37;5;40;100mX[0;33;5;40;100m [0;1;30;90;47m8[0;33;5;40;100m%.[0m
[0;1;37;97;47m@@X@[0;1;30;90;47mX[0;35;5;40;100m [0;37;5;40;100mS@@@[0;35;5;40;100m  [0;33;5;40;100m:[0;35;5;40;100m%[0;30;5;40;100mX[0;33;5;40;100m%;.:::::%X[0;31;5;40;100mX[0;32;5;40;100mS[0;31;5;40;100m8[0;30;5;40;100m@[0;31;5;40;100mS[0;30;5;40;100m@8@[0;31;5;40;100m@[0;1;30;90;40m8[0;31;5;40;100mS[0;30;42m8[0;31;5;40;100mS[0;33;5;40;100mt[0;37;5;40;100m8[0;1;30;90;47m8[0;36;5;40;100m [0;37;5;40;100m8[0;35;5;40;100m [0;36;5;40;100m [0;33;5;40;100m;X[0;31;5;40;100mS[0;32;5;40;100mS[0;31;5;40;100mX[0;30;5;40;100mX[0;31;5;40;100mS[0;30;5;40;100mX[0;33;5;40;100m@[0;31;5;40;100mS[0;33;5;40;100m@[0;30;5;40;100m@[0;33;5;40;100mX[0;31;5;40;100mS[0;33;5;40;100m%[0;31;5;40;100m%[0;33;5;40;100mt[0;35;5;40;100mt[0;33;5;40;100mt[0;35;5;40;100m;[0;33;5;40;100m;;   ..[0;37;5;40;100m8[0;33;5;40;100m [0;37;5;40;100m8[0;33;5;40;100m [0;1;30;90;47m8[0;37;5;40;100mX[0;1;30;90;47m8[0;37;5;40;100m8[0;1;30;90;47m8[0;37;5;40;100m8888@[0;1;30;90;47m88888@X@SSSSSX@%%8[0;37;5;40;100mX[0;33;5;40;100m [0;37;5;40;100m8[0;33;5;40;100m tS[0;31;5;40;100mS[0;33;5;40;100m8[0;30;5;40;100m8[0;31;5;40;100mS[0;30;5;40;100m8SXXX[0;33;5;40;100m;.[0;37;5;40;100m8[0;33;5;40;100m.[0;37;5;40;100m8[0;33;5;40;100m: [0;1;30;90;47m8[0;33;5;40;100mt[0;37;5;40;100m@[0;33;5;40;100m [0m
[0;1;37;97;47m@@@@[0;1;30;90;47m;[0;37;5;40;100m8[0;1;30;90;47m8X;.t[0;37;5;40;100m@[0;33;5;40;100m.t%[0;30;5;40;100mS[0;33;5;40;100m;::;;;;[0;35;5;40;100m%[0;31;5;40;100mXS[0;30;5;40;100mXSSS[0;31;5;40;100mSS[0;30;5;40;100mX[0;31;5;40;100mS[0;32;5;40;100mX[0;1;30;90;41m8[0;33;5;40;100m8[0;31;5;40;100mS[0;36;5;40;100mt[0;1;37;97;47m [0;37;5;47;107m;[0;1;37;97;47m:[0;1;30;90;47m%%X[0;33;5;40;100m  %SSSSt[0;35;5;40;100mS[0;33;5;40;100m@[0;34;5;40;100mS[0;33;5;40;100m@[0;35;5;40;100mX[0;32;5;40;100mS[0;31;5;40;100mS[0;33;5;40;100m:::  [0;37;5;40;100m@[0;33;5;40;100m [0;37;5;40;100m@[0;33;5;40;100m [0;37;5;40;100m8[0;33;5;40;100m [0;37;5;40;100m8888[0;1;30;90;47m8[0;33;5;40;100m [0;1;30;90;47mX[0;37;5;40;100m8[0;1;30;90;47m8[0;37;5;40;100m8[0;1;30;90;47m88@8888@SSS@88@[0;33;47m@[0;1;30;90;47m8SS%%%SXS@8[0;37;5;40;100mS[0;33;5;40;100m  :tX[0;31;5;40;100mS[0;32;5;40;100mS[0;31;5;40;100m@[0;30;5;40;100m8X[0;33;5;40;100mt .  [0;1;30;90;47m8[0;33;5;40;100m; [0;37;5;40;100m8[0;33;5;40;100m.[0;1;30;90;47m8[0m
[0;1;37;97;47m@8@8t [0;1;30;90;47m [0;1;37;97;47mS8[0;37;5;47;107m%%[0;1;37;97;47m.[0;37;5;40;100mX[0;35;5;40;100m:S[0;31;5;40;100mX[0;33;5;40;100mS;;tt[0;35;5;40;100m%[0;33;5;40;100m8[0;31;5;40;100m8[0;33;5;40;100m8[0;30;5;40;100m8[0;31;5;40;100mS[0;30;5;40;100mS[0;31;5;40;100mS[0;30;5;40;100m@[0;32;5;40;100mS[0;31;5;40;100m@[0;32;5;40;100mX[0;1;30;90;41m8[0;32;5;40;100mX[0;31;5;40;100m@[0;32;5;40;100mX[0;35;5;40;100mt[0;36;5;40;100m.[0;1;37;97;47mt[0;37;5;47;107mS[0;1;30;90;47m.S@X[0;37;5;40;100m8[0;33;5;40;100m.::[0;35;5;40;100m;[0;33;5;40;100mt[0;35;5;40;100mt[0;33;5;40;100m%t:;.:  ...  [0;37;5;40;100m8[0;33;5;40;100m [0;1;30;90;47m8[0;33;5;40;100m.[0;1;30;90;47m8[0;33;5;40;100m [0;1;30;90;47m@[0;33;5;40;100m [0;1;30;90;47mS[0;33;5;40;100m [0;1;30;90;47m;X[0;1;30;90;43m8[0;1;30;90;47m@88[0;1;30;90;43m8[0;1;30;90;47mX@X[0;33;47m8[0;1;30;90;47m8XS%S%X@@88@S%[0;33;47mS[0;1;30;90;47mt[0;1;37;97;47m [0;1;30;90;47m;%S:tSX8[0;37;5;40;100m@[0;33;5;40;100m  :t%X[0;30;5;40;100mX[0;33;5;40;100mSt;:tS:  [0;37;5;40;100m8[0;33;5;40;100mt[0m
[0;1;37;97;47m8@8@[0;37;5;47;107m88[0;1;37;97;47m@8[0;37;5;47;107mX: @[0;1;30;90;47mS[0;36;5;40;100m [0;33;5;40;100m.;[0;35;5;40;100mt[0;33;5;40;100m%[0;35;5;40;100m:[0;33;5;40;100m;tS[0;35;5;40;100mS[0;33;5;40;100m@[0;31;5;40;100mX[0;32;5;40;100mX[0;31;5;40;100mX[0;33;5;40;100m8[0;30;5;40;100mX[0;33;5;40;100m8[0;31;5;40;100m8[0;32;5;40;100m@[0;31;5;40;100m8[0;32;5;40;100m8[0;31;5;40;100m8[0;32;5;40;100m@[0;31;5;40;100mS[0;33;5;40;100mt.[0;1;30;90;47m8%S@[0;37;5;40;100m8888[0;33;5;40;100m: .:t  [0;37;5;40;100mX[0;33;5;40;100m [0;37;5;40;100m8[0;33;5;40;100m [0;37;5;40;100m8[0;33;5;40;100m [0;37;5;40;100m8[0;33;5;40;100m [0;1;30;90;47m8[0;37;5;40;100m8[0;1;30;90;47m888[0;33;5;40;100m [0;1;30;90;47m%[0;33;5;40;100m.[0;1;30;90;47mt[0;1;30;90;43m8[0;1;30;90;47mS8[0;33;47m8[0;37;5;40;100m8[0;1;30;90;47m8888@X8888@[0;33;47m@[0;1;30;90;47mXXX[0;33;47m@[0;1;30;90;47mXX%%tt[0;33;47mS[0;1;37;97;47m [0;1;30;90;47m%tt;t;[0;1;37;97;47mttX%[0;1;30;90;47m:SS@8[0;37;5;40;100mXS[0;33;5;40;100m    :%[0;31;5;40;100mS[0;33;5;40;100mS[0;31;5;40;100mX[0;33;5;40;100mX[0;31;5;40;100mX[0;33;5;40;100m8[0;31;5;40;100mS[0m
[0;1;37;97;47m888@8[0;37;5;47;107m8[0;1;37;97;47m@8[0;37;5;47;107m8t @[0;1;30;90;47mS[0;37;5;40;100m@[0;33;5;40;100m.tt;t[0;35;5;40;100m%[0;33;5;40;100mX[0;31;5;40;100m@[0;33;5;40;100mX[0;31;5;40;100mS[0;30;5;40;100m@[0;31;5;40;100mX[0;32;5;40;100m@[0;31;5;40;100m8[0;30;5;40;100mX[0;31;5;40;100mS[0;30;5;40;100m@[0;31;5;40;100mS[0;30;5;40;100mX[0;31;5;40;100mS[0;33;5;40;100m%[0;35;5;40;100mX[0;33;5;40;100mS. [0;37;5;40;100m@[0;1;30;90;47m88[0;37;5;40;100m8[0;1;30;90;47m@[0;37;5;40;100m8[0;33;5;40;100m.[0;33;47m8[0;37;5;40;100m8[0;33;5;40;100m [0;37;5;40;100m8[0;33;5;40;100m; [0;37;5;40;100m@[0;33;5;40;100m [0;37;5;40;100m88[0;33;5;40;100m:[0;1;30;90;47m8[0;33;5;40;100mt[0;1;30;90;47mX88[0;1;30;90;43m8[0;1;30;90;47m8[0;33;5;40;100m.[0;33;47m8[0;1;30;90;47m8[0;33;47m8[0;1;30;90;47m88[0;33;5;40;100m.[0;1;30;90;47mS88888@@@8@[0;33;5;40;100m [0;37;5;40;100m8[0;33;5;40;100m;[0;1;30;90;47m8[0;33;5;40;100m.[0;1;30;90;47m8[0;37;5;40;100m@[0;33;47m8[0;1;30;90;47m88XX[0;33;47m8[0;1;30;90;47m@%ttt[0;1;37;97;47m [0;1;30;90;47mt[0;33;47mS[0;1;30;90;47mtt;[0;1;37;97;47m%t%[0;37;5;47;107mS%[0;1;37;97;47m%[0;1;30;90;47mt%SX8@@8[0;37;5;40;100m8[0;33;5;40;100m [0;37;5;40;100mS[0;33;5;40;100m..;[0;35;5;40;100mt[0;33;5;40;100m8[0;30;5;40;100m@[0;31;5;40;100mX[0m
[0;1;37;97;47m88[0;37;5;47;107m8[0;1;37;97;47m888@%8[0;37;5;47;107m@ @[0;1;30;90;47mX[0;33;5;40;100m  ;[0;35;5;40;100m%[0;33;5;40;100mStS[0;35;5;40;100mS[0;33;5;40;100mS[0;35;5;40;100mS[0;33;5;40;100mS%[0;35;5;40;100m%[0;33;5;40;100m@%%S%%t;;:.   [0;37;5;40;100m888[0;33;5;40;100m [0;1;30;90;47mS[0;33;5;40;100m:[0;37;5;40;100m8[0;33;5;40;100mt[0;37;5;40;100m8[0;33;5;40;100mt[0;37;5;40;100m8[0;33;5;40;100m:  :[0;37;5;40;100m8[0;33;5;40;100m:[0;1;30;90;47m8[0;33;5;40;100m.[0;33;47m8[0;33;5;40;100m [0;1;30;90;47mX@@@8888[0;33;47m8[0;1;30;90;47m888[0;33;47m8[0;1;30;90;47m88[0;33;47m8[0;1;30;90;47m8X[0;33;47m8[0;1;30;90;47mXSS@@8S8@8@@X@@XSS%S[0;33;47mX[0;1;30;90;47mXttt;[0;1;37;97;47mtX@@@8@[0;1;30;90;47m::%@@8888[0;33;5;40;100m [0;1;30;90;47m8[0;33;5;40;100m. ..:;[0m
[0;1;37;97;47m8[0;37;5;47;107m8[0;1;37;97;47m8[0;37;5;47;107m8[0;1;37;97;47m8XS:%8[0;37;5;47;107m X[0;1;30;90;47mt[0;37;5;40;100m@[0;33;5;40;100m.tS[0;35;5;40;100mt[0;33;5;40;100m%t%tt[0;35;5;40;100mt[0;33;5;40;100m@[0;31;5;40;100mX[0;35;5;40;100mt[0;33;5;40;100mS[0;35;5;40;100m%[0;33;5;40;100m%[0;35;5;40;100m;[0;33;5;40;100m%::::;:  [0;37;5;40;100m8[0;33;5;40;100m [0;1;30;90;47mS[0;33;5;40;100m:.[0;37;5;40;100m8[0;33;5;40;100mt[0;1;30;90;47m8[0;33;5;40;100mt[0;1;30;90;47m8[0;33;5;40;100m;[0;1;30;90;47mX[0;33;47m8[0;1;30;90;47m88[0;1;30;90;43m8[0;1;30;90;47mX88888888[0;33;5;40;100m:[0;1;30;90;47m@[0;33;5;40;100m [0;1;30;90;47m@88[0;33;47m8[0;1;30;90;47m888888888[0;33;47m8[0;1;30;90;47m8X[0;33;47m@[0;1;30;90;47m@X[0;33;47mX[0;1;30;90;47mX%S%SSXX[0;33;47m@[0;1;30;90;47m@@888X@[0;33;47m@[0;1;30;90;47mS[0;1;37;97;47m:t[0;37;5;47;107m@@[0;1;37;97;47m8@[0;1;30;90;47mt:[0;37;5;47;107m88[0;1;37;97;47m%[0;1;30;90;47m.SX@@X888[0;37;5;40;100m@[0;33;5;40;100m   [0m
[0;1;37;97;47m8[0;37;5;47;107m8[0;1;37;97;47m888%;[0;1;30;90;47m [0;1;37;97;47mt8[0;37;5;47;107m [0;1;37;97;47m8[0;33;5;40;100m  :t[0;35;5;40;100m%[0;33;5;40;100m@[0;35;5;40;100m%[0;33;5;40;100mS[0;35;5;40;100m%[0;33;5;40;100mStt[0;35;5;40;100m%[0;32;5;40;100mS[0;33;5;40;100mS[0;35;5;40;100m%[0;33;5;40;100m@;;:.    . [0;1;30;90;47m@[0;33;5;40;100m:[0;1;30;90;47mX[0;33;5;40;100mt[0;1;30;90;47mS[0;33;5;40;100m;[0;1;30;90;47m8[0;33;5;40;100mt[0;37;5;40;100m8[0;33;5;40;100m.[0;33;47m8[0;37;5;40;100mS[0;33;5;40;100m:[0;37;5;40;100m@[0;1;30;90;43m8[0;1;30;90;47m@@8[0;33;47m8[0;1;30;90;47m88[0;33;47m8[0;1;30;90;47m8[0;33;47m8[0;1;30;90;47m88[0;33;47m@[0;1;30;90;47m8[0;33;47m8[0;1;30;90;47m88888@[0;33;47m8[0;1;30;90;47m8888X88888@8@SS[0;33;47mX[0;1;30;90;47mX[0;33;47m@[0;1;30;90;47mXSSXS[0;33;47mX[0;1;30;90;47mSS%[0;33;47mX[0;1;30;90;47m@Xt[0;1;37;97;47m.;[0;37;5;47;107m88[0;1;37;97;47m8[0;37;5;47;107m%[0;1;37;97;47m@[0;1;30;90;47m;.[0;1;37;97;47mS[0;37;5;47;107m@S8[0;1;30;90;47m %X888888[0;37;5;40;100m8@[0m
[0;37;5;47;107m8[0;1;37;97;47m8[0;37;5;47;107m88[0;1;37;97;47m8.[0;1;30;90;47m.SStt@[0;33;5;40;100m   ;%t%tt[0;35;5;40;100m;[0;33;5;40;100m;;t[0;35;5;40;100m;[0;33;5;40;100m%%[0;35;5;40;100mt[0;33;5;40;100mt:.  [0;1;30;90;47m8[0;33;5;40;100m;[0;37;5;40;100m8[0;33;5;40;100m;.;  [0;1;30;90;47mX[0;33;5;40;100m%[0;1;30;90;47m@[0;33;5;40;100mt[0;1;30;90;47m8[0;1;30;90;43m8[0;1;30;90;47m8[0;37;5;40;100m%[0;1;30;90;47m8888[0;37;5;40;100m@[0;1;30;90;47m8888[0;33;47m8[0;1;30;90;47m888888888[0;33;47m8[0;1;30;90;47m888888[0;37;5;40;100m8[0;33;47m8[0;1;30;90;47m88X@@[0;33;47m@[0;1;30;90;47m@SS[0;33;47mX[0;1;30;90;47mXXSSXSS[0;33;47mX[0;1;30;90;47m@XSS[0;33;47mX[0;1;30;90;47mXXSS%:[0;1;37;97;47m @[0;37;5;47;107m88X[0;1;37;97;47m8t8t[0;1;30;90;47m [0;1;37;97;47mt8t[0;1;30;90;47m.;%X88888[0;37;5;40;100m8[0m
[0;37;5;47;107m8[0;1;37;97;47m8[0;37;5;47;107m888[0;37;5;40;100m8[0;33;5;40;100mtS%t:[0;37;5;40;100m8[0;33;5;40;100m.[0;33;47m8[0;33;5;40;100m              ..   .:[0;1;30;90;47m8[0;1;30;90;43m8[0;1;30;90;47m@8[0;33;47m8[0;1;30;90;47m8[0;1;30;90;43m8[0;1;30;90;47m8[0;33;5;40;100m.[0;1;30;90;47m8[0;33;5;40;100mt [0;1;30;90;47m8[0;37;5;40;100mS[0;1;30;90;47m8[0;1;30;90;43m8[0;37;5;40;100m%[0;33;5;40;100m.[0;1;30;90;47m8[0;33;47m8[0;37;5;40;100mX[0;1;30;90;47m8[0;1;30;90;43m8[0;1;30;90;47m8[0;33;5;40;100m [0;1;30;90;47m8[0;33;5;40;100mt; [0;1;30;90;47m%[0;33;47m@[0;1;30;90;47mXSX888[0;33;47m@[0;1;30;90;47m@XSX@X[0;33;47m@[0;1;30;90;47m8XXSS%SXXSSSS[0;33;47mX[0;1;30;90;47m@S%%SSXS%t%t;t [0;1;37;97;47mS@[0;37;5;47;107mX[0;1;37;97;47m8S[0;37;5;47;107m@X[0;1;37;97;47m@..[0;1;30;90;47m.::[0;1;37;97;47m:.[0;1;30;90;47m.ttXX8[0m
[0;37;5;47;107m88[0;1;37;97;47m8[0;37;5;47;107m88[0;1;30;90;47mS[0;33;5;40;100m  [0;1;30;90;47m8[0;33;5;40;100m.[0;1;30;90;47m@[0;1;30;90;43m8[0;1;30;90;47m8[0;33;5;40;100m:[0;1;30;90;47m8[0;1;30;90;43m8[0;1;30;90;47m8[0;33;5;40;100m [0;33;47m8[0;37;5;40;100mX[0;1;30;90;47m8[0;33;5;40;100m [0;1;30;90;47m@[0;33;5;40;100m [0;1;30;90;47mS[0;37;5;40;100m8[0;33;5;40;100m [0;1;30;90;47m@[0;37;5;40;100m888[0;1;30;90;47m8[0;33;47m8[0;1;30;90;47m8[0;33;47m8[0;37;5;40;100mS[0;1;30;90;47m8[0;33;5;40;100m.[0;1;30;90;47m@[0;37;5;40;100m8[0;1;30;90;47m8X8@[0;1;30;90;43m8[0;1;30;90;47m@8[0;33;5;40;100m.[0;1;30;90;47m8[0;33;5;40;100m;[0;1;30;90;47m888[0;33;5;40;100m [0;1;30;90;47m88888[0;37;5;40;100mX[0;1;30;90;47m88@S@@S[0;33;47mX[0;1;30;90;47mXX@88S[0;33;47m@[0;1;30;90;47m@%[0;33;47mX[0;1;30;90;47mS%%[0;33;47mX[0;1;30;90;47mXSX[0;33;47mX[0;1;30;90;47mXS%S[0;33;47mX[0;1;30;90;47mX%%%%SSSXXXS%%%ttt:[0;1;37;97;47m;[0;37;5;47;107m@[0;1;37;97;47m8t[0;37;5;47;107m8@[0;1;37;97;47m@;[0;37;5;47;107m@[0;1;37;97;47m.[0;1;30;90;47m:.[0;1;37;97;47m.;[0;1;30;90;47m.[0;1;37;97;47m:[0;37;5;47;107m8[0;1;37;97;47m:[0;1;30;90;47mX8[0m
[0;37;5;47;107m88888[0;1;30;90;47m;[0;33;5;40;100m [0;1;30;90;47m8[0;1;30;90;43m8[0;1;30;90;47m8[0;33;5;40;100mt[0;1;30;90;47m8[0;1;30;90;43m8[0;1;30;90;47m8[0;33;5;40;100m;[0;1;30;90;47m8[0;1;30;90;43m8[0;1;30;90;47m8[0;33;5;40;100m;.[0;33;47m8[0;37;5;40;100mX[0;33;47m8[0;37;5;40;100m@[0;1;30;90;43m8[0;1;30;90;47m@8[0;33;5;40;100m:[0;1;30;90;47m@[0;33;5;40;100m:[0;1;30;90;47m8[0;33;5;40;100m:[0;1;30;90;47m88[0;37;5;40;100m8[0;1;30;90;47m88[0;33;47m8[0;1;30;90;47m88[0;1;30;90;43m8[0;1;30;90;47m8[0;33;5;40;100m.[0;1;30;90;47mX8[0;37;5;40;100m@[0;33;47m8[0;1;30;90;47m8[0;33;5;40;100m.[0;1;30;90;47m@8[0;1;30;90;43m8[0;1;30;90;47m88[0;33;47m8[0;33;5;40;100m [0;1;30;90;47m8[0;33;5;40;100m.[0;1;30;90;47m88[0;33;47m8[0;1;30;90;47m88[0;33;47m8[0;1;30;90;47m88@8@X[0;33;47m@[0;1;30;90;47m@XXXXSS%t%X%SX@SSSSStS%t;t[0;33;47mX[0;1;30;90;47mS%%[0;33;47mS[0;1;37;97;47m [0;1;30;90;47m%;tSSXSt[0;1;37;97;47m:X:[0;37;5;47;107m@@[0;1;37;97;47mXt[0;37;5;47;107mX[0;1;37;97;47m:[0;1;30;90;47m. [0;1;37;97;47m;:[0;1;30;90;47m:[0;1;37;97;47m;[0;37;5;47;107mSS[0;1;37;97;47m8:[0m
[0;37;5;47;107m88888[0;1;37;97;47m.[0;33;5;40;100m  [0;1;30;90;47m8[0;1;30;90;43m8[0;37;5;40;100mX[0;33;5;40;100m.[0;1;30;90;47m8[0;1;30;90;43m8[0;37;5;40;100mttt[0;33;5;40;100m:[0;1;30;90;47m8[0;33;5;40;100m;   [0;1;30;90;47m8[0;37;5;40;100mX[0;33;5;40;100m;[0;33;47m8[0;1;30;90;47m88[0;33;47m8[0;1;30;90;47m8@[0;33;47m8[0;1;30;90;47m88[0;1;30;90;43m8[0;1;30;90;47m88[0;1;30;90;43m8[0;1;30;90;47m888[0;33;47m8[0;37;5;40;100mX[0;1;30;90;47m8[0;33;5;40;100m [0;1;30;90;47m88[0;33;47m8[0;1;30;90;47m8888888[0;33;47m8[0;1;30;90;47m@888888@[0;33;47mX[0;1;30;90;47mX%[0;33;47mX[0;1;30;90;47mSS%%tS[0;33;47m@[0;1;30;90;47mSS%[0;33;47mS[0;1;30;90;47mt[0;1;37;97;47m [0;33;47mX[0;1;30;90;47mttS[0;33;47mX[0;1;30;90;47mS%[0;33;47mX[0;1;30;90;47mSS@Xt;tt;tt[0;1;37;97;47m [0;1;30;90;47mt[0;1;37;97;47m  [0;33;47mS[0;1;37;97;47m [0;1;30;90;47m%tttt;.[0;1;37;97;47m@[0;37;5;47;107m@[0;1;37;97;47mXS8:[0;1;30;90;47m [0;1;37;97;47m.;;: .S[0;37;5;47;107m8[0;1;37;97;47m8[0m
[0;37;5;47;107m8888@[0;1;37;97;47m%[0;1;30;90;47m8[0;33;5;40;100m: [0;1;30;90;47m8[0;1;30;90;43m8[0;1;30;90;47m8[0;33;5;40;100m;[0;1;30;90;47m8[0;33;5;40;100m.[0;33;47m8[0;37;5;40;100mt[0;33;47m8[0;33;5;40;100m:[0;1;30;90;47m8[0;33;47m8[0;37;5;40;100m%[0;33;47m8[0;37;5;40;100m%[0;1;30;90;47m88[0;37;5;40;100mX[0;1;30;90;47m8[0;1;30;90;43m8[0;1;30;90;47m8[0;37;5;40;100m8[0;1;30;90;47m8[0;33;5;40;100m [0;33;47m8[0;1;30;90;47m888888[0;33;47m8[0;1;30;90;47m88[0;33;47m8[0;1;30;90;47m8[0;33;47m@[0;1;30;90;47m888@X[0;33;47mX[0;1;30;90;47m@[0;33;47m@[0;1;30;90;47m88@S[0;33;47m8[0;1;30;90;47m8@[0;33;47m@[0;1;30;90;47m@SSS[0;33;47mX[0;1;30;90;47m@@@[0;33;47mX[0;1;30;90;47mS;[0;33;47mS[0;1;30;90;47mS%[0;1;37;97;47m [0;1;30;90;47mtt[0;1;37;97;47m [0;1;30;90;47mtt[0;1;37;97;47m [0;1;30;90;47m%[0;33;47mX[0;1;30;90;47mXXXSSSXX@[0;33;47m@[0;1;30;90;47mXttt;t%t;[0;1;37;97;47m [0;1;30;90;47mt;;;;%%S%%[0;1;37;97;47m;:@8: :;;t8[0;37;5;47;107m8[0;1;30;90;47m : [0m
[0;37;5;47;107m@@88[0;1;37;97;47m@;[0;1;30;90;47m8[0;33;5;40;100m [0;33;47m8[0;37;5;40;100m%[0;1;30;90;47m8[0;33;5;40;100m;[0;1;30;90;47m8[0;1;30;90;43m8[0;1;30;90;47m8[0;33;5;40;100m. [0;37;5;40;100m;[0;33;5;40;100m [0;1;30;90;43m8[0;37;5;40;100mS[0;1;30;90;47m8[0;33;5;40;100m.[0;1;30;90;47m8[0;1;30;90;43m8[0;1;30;90;47m8[0;33;5;40;100m [0;1;30;90;47m@88[0;1;30;90;43m8[0;1;30;90;47m888[0;1;30;90;43m8[0;1;30;90;47m8[0;1;30;90;43m8[0;1;30;90;47m8[0;37;43m8[0;1;30;90;47m8[0;37;5;40;100m%[0;1;30;90;47m8[0;37;5;40;100mX[0;1;30;90;47m888[0;33;47m8[0;1;30;90;47m88[0;33;47m@[0;1;30;90;47m88888[0;33;47m@[0;1;30;90;47m@@8@8@%[0;33;47m@[0;1;30;90;47m@X%t%%S%%S%SS[0;33;47mX[0;1;30;90;47mt%tX@XXXXSSSS[0;33;47mS[0;1;30;90;47mXSX%%t[0;33;47mS[0;1;30;90;47m%ttt[0;1;33;93;47m%[0;1;30;90;47mS[0;1;37;97;47m   [0;1;30;90;47mttt%%SSS%[0;1;37;97;47m%@[0;1;30;90;47m..[0;1;37;97;47m.;;;[0;37;5;47;107m@S@[0;1;37;97;47mX[0;1;30;90;47m:[0m
[0;1;37;97;47m%;[0;1;30;90;47m:%X88@[0;33;5;40;100m [0;1;30;90;47m8[0;1;30;90;43m8[0;1;30;90;47m8[0;33;5;40;100m:[0;1;30;90;47m8[0;33;5;40;100m;[0;1;30;90;47m8[0;1;30;90;43m8[0;1;30;90;47m8[0;37;5;40;100mt[0;1;30;90;47m8[0;33;5;40;100m:[0;37;5;40;100mt[0;33;47m8[0;33;5;40;100m [0;1;30;90;47m8[0;33;5;40;100m.[0;33;47m@[0;37;5;40;100mS[0;33;5;40;100m:[0;1;30;90;47m88[0;33;5;40;100mt;: . :[0;35;5;40;100m.[0;33;5;40;100m.[0;37;5;40;100mX[0;1;30;90;43m8[0;1;30;90;47m88[0;33;47m8[0;1;30;90;47m88%SS%[0;33;47mX[0;1;30;90;47mXX[0;33;47mX[0;1;30;90;47mXSS[0;33;47mX[0;1;30;90;47m88S@XS%t%[0;33;47m%[0;1;37;97;47m [0;1;30;90;47m@[0;33;47m@[0;1;30;90;47m8X[0;33;47mX[0;1;30;90;47m@@XS[0;33;47mX[0;1;30;90;47m@[0;33;47mS[0;1;30;90;47m@88St%[0;33;47mS[0;1;30;90;47mX@XS%[0;1;37;97;47m [0;1;30;90;47mX;t[0;1;37;97;47m   [0;1;30;90;47mt%S[0;1;37;97;47m [0;1;30;90;47mX%;:[0;33;47m%[0;1;30;90;47mt%%%XXS%;;;[0;1;37;97;47m.:  [0;37;5;47;107m@SS@[0;1;37;97;47mS[0m
[0;1;30;90;47mX8@StS[0;33;5;40;100m [0;1;30;90;47m@[0;1;30;90;43m8[0;1;30;90;47m8[0;33;5;40;100m .. [0;33;47m8[0;35;5;40;100m:[0;1;30;90;47m8[0;33;5;40;100m%.[0;37;5;40;100m;[0;1;30;90;47m8[0;1;30;90;43m8[0;1;30;90;47m8[0;33;5;40;100m [0;33;47m8[0;37;5;40;100m;[0;1;30;90;47m8[0;1;30;90;43m8[0;1;30;90;47m8[0;33;5;40;100m%;:.... [0;37;5;40;100mX[0;1;30;90;47m88888888X[0;33;47mX[0;1;30;90;47mS%SS[0;33;47mS[0;1;30;90;47m%[0;1;37;97;47m [0;1;30;90;47mS[0;33;47mS[0;1;30;90;47mS[0;1;37;97;47m [0;1;30;90;47m%;[0;33;47mS[0;1;37;97;47m [0;1;30;90;47mt[0;1;37;97;47m [0;33;47mS[0;1;37;97;47m [0;1;30;90;47m%[0;1;37;97;47m [0;1;30;90;47mX@8@XSS%%88[0;37;5;40;100m%[0;1;30;90;47mStSXtt%%S@SX@XX%[0;1;37;97;47m [0;1;30;90;47mSt[0;1;37;97;47m [0;1;30;90;47mt%%[0;1;37;97;47m [0;1;30;90;47m%[0;1;37;97;47m [0;1;30;90;47mt;;t%%%SSSt;.:[0;1;37;97;47m . [0;1;30;90;47m.[0;37;5;47;107m8X8[0;1;37;97;47m8%[0m
[0;1;30;90;47mXSSSXX[0;37;5;40;100m8[0;33;5;40;100m; : [0;33;47m8[0;33;5;40;100m [0;1;30;90;47m8[0;33;5;40;100m%.:[0;1;30;90;47m8[0;1;30;90;43m8[0;1;30;90;47m8[0;33;5;40;100m:[0;1;30;90;47m8[0;33;5;40;100m [0;1;30;90;47m88[0;33;5;40;100m:[0;1;30;90;47m8[0;37;5;40;100mt[0;33;5;40;100m [0;37;5;40;100mS[0;33;5;40;100m:[0;1;30;90;47m8[0;33;5;40;100m;[0;1;30;90;47m8[0;33;5;40;100m:[0;1;30;90;47m88[0;33;5;40;100m.[0;33;47m8[0;1;30;90;47m8[0;33;47m8[0;1;30;90;47m8[0;33;47m8[0;1;30;90;47m88[0;33;47m@[0;1;30;90;47m@SS[0;33;47mX[0;1;30;90;47mSS%%S%%t[0;33;47mS[0;1;37;97;47m [0;1;30;90;47mt[0;1;37;97;47m [0;1;30;90;47mSt%SX@8@S%%SS[0;33;47mS[0;1;30;90;47m%%8[0;33;5;40;100m.[0;1;30;90;47m88t[0;33;47mS[0;1;37;97;47m [0;1;30;90;47mX[0;33;47mX[0;1;30;90;47mS%[0;33;47mX[0;1;30;90;47m88888888SS[0;33;47mX[0;1;30;90;47m%%SXSS[0;33;47mX[0;1;30;90;47mStt%tttS8[0;37;5;40;100m8[0;1;30;90;47m8St[0;1;37;97;47m  [0;1;30;90;47m:;[0;37;5;47;107m8S@[0;1;37;97;47m8t[0m
[0;1;30;90;47mXX@8[0;37;5;40;100m88[0;33;5;40;100m [0;1;30;90;47m8[0;33;5;40;100m.[0;1;30;90;47m8[0;33;5;40;100m;[0;37;5;40;100m;[0;1;30;90;43m8[0;1;30;90;47m8[0;33;5;40;100m:[0;1;30;90;47m8[0;1;30;90;43m8[0;1;30;90;47m8[0;35;5;40;100m:[0;1;30;90;47m8[0;33;5;40;100m.[0;1;30;90;47m88[0;1;30;90;43m8[0;1;30;90;47m888[0;33;47m8[0;1;30;90;47m888[0;33;5;40;100m.[0;1;30;90;47mX[0;33;47m8[0;1;30;90;47m8[0;33;5;40;100m.[0;33;47m@[0;1;30;90;47m8888888888[0;33;47m@[0;1;30;90;47m@SS[0;33;47mS[0;1;30;90;47mX[0;33;47mX[0;1;30;90;47m8[0;33;47mX[0;1;30;90;47m@@@[0;33;47mX[0;1;30;90;47m8@[0;33;47mX[0;1;30;90;47m@[0;33;47m@[0;1;30;90;47m888[0;37;5;40;100mX[0;33;47mX[0;1;30;90;47mS[0;1;37;97;47m [0;33;47mS[0;1;37;97;47m           [0;1;30;90;47m%SSXSSXX88888@[0;33;47mX[0;1;30;90;47mX%[0;1;37;97;47m [0;1;30;90;47mXt[0;1;37;97;47m [0;1;30;90;47mttXSSSt%%St;tSXSt:tt[0;1;37;97;47m8[0;37;5;47;107mS@[0;1;37;97;47m8.[0m
[0;1;30;90;47m@@8[0;37;5;40;100m8888[0;33;5;40;100m .[0;1;30;90;43m8[0;1;30;90;47m8[0;33;5;40;100m.[0;1;30;90;47m8[0;33;5;40;100m.[0;1;30;90;47m8[0;33;5;40;100m [0;1;30;90;47m8[0;35;5;40;100m [0;1;30;90;47m888[0;1;30;90;43m8[0;1;30;90;47m8888[0;33;5;40;100m.[0;1;30;90;47m8[0;33;5;40;100m.[0;33;47m8[0;1;30;90;47m88888@8@8[0;33;47m@[0;1;30;90;47m888[0;33;47m@[0;1;30;90;47m8@[0;33;47mX[0;1;30;90;47m8%[0;33;47mS[0;1;30;90;47mSX8888[0;33;47mS[0;1;30;90;47mSS@[0;33;47mX[0;1;30;90;47m888[0;37;5;40;100m%S[0;33;5;40;100m:[0;1;30;90;47m88[0;1;37;97;47m       [0;1;30;90;47mt;;;ttSStt%XXSS%%@@XXSt[0;1;37;97;47m  [0;1;30;90;47mX[0;1;37;97;47m [0;1;30;90;47mtt;t%S8@%%SSXS%t;%;:;t[0;1;37;97;47mt8%.[0;1;30;90;47m [0m
[0;1;30;90;47m888[0;37;5;40;100m8[0;1;30;90;47m@8@X8[0;33;5;40;100m   [0;1;30;90;43m8[0;1;30;90;47m8[0;1;30;90;43m8[0;1;30;90;47m8[0;37;5;40;100m:[0;33;47m8[0;35;5;40;100m.[0;33;47m8[0;35;5;40;100m.[0;1;30;90;47m88[0;35;5;40;100m:[0;1;30;90;43m8[0;1;30;90;47m88[0;1;30;90;43m8[0;1;30;90;47m8[0;35;5;40;100m.[0;33;5;40;100m.[0;1;30;90;47m8[0;1;30;90;43m8[0;37;5;40;100m%[0;1;30;90;47m8[0;33;47m8[0;1;30;90;47m88888[0;33;47m@[0;1;30;90;47m88XXX[0;1;37;97;47m [0;1;30;90;47mX[0;1;37;97;47m [0;1;30;90;47mX[0;33;47mX[0;1;30;90;47m88[0;33;47mX[0;1;30;90;47m88[0;33;47mS[0;1;30;90;47m@@88[0;33;5;40;100m.[0;1;30;90;47m88888X[0;1;37;97;47m [0;33;47mS[0;1;37;97;47m [0;1;30;90;47m%[0;1;37;97;47m [0;1;33;93;47mS[0;1;37;97;47m  [0;1;30;90;47mttX@8Xt[0;1;37;97;47m [0;33;47mS[0;1;30;90;47mSSX@X[0;1;37;97;47m [0;33;47mS[0;1;30;90;47m%ttttt%tS@@@@8@@8%SS[0;33;47mX[0;1;30;90;47mS%@XSX%%%tt;[0;1;37;97;47mt8@:[0m
[0;37;5;40;100m8[0;1;30;90;47m88@[0;37;5;40;100m8[0;1;30;90;47m8[0;33;5;40;100m:[0;1;30;90;47m@[0;1;30;90;43m8[0;1;30;90;47m8[0;33;47m8[0;1;30;90;47m8[0;37;5;40;100m;[0;1;30;90;47m88[0;33;5;40;100m.[0;1;30;90;47m8[0;35;5;40;100m [0;1;30;90;47m8[0;33;5;40;100m.[0;1;30;90;47m8[0;33;5;40;100m.[0;33;47m8[0;35;5;40;100m.[0;1;30;90;47m8[0;33;5;40;100m;.[0;35;5;40;100m [0;33;5;40;100m.:;;[0;37;5;40;100mt[0;1;30;90;47m8[0;33;5;40;100m;[0;1;30;90;47m8[0;33;5;40;100m:[0;1;30;90;47m8[0;1;30;90;43m8[0;1;30;90;47m88888[0;33;47m@[0;1;30;90;47m8S[0;33;47mS[0;1;30;90;47mXX88[0;33;47mX[0;1;30;90;47m8@88888[0;33;5;40;100m.[0;1;30;90;47m8[0;33;5;40;100m [0;1;30;90;47m8[0;37;5;40;100mX[0;1;30;90;47m8[0;33;47m8[0;1;30;90;47m8[0;1;37;97;47m [0;1;30;90;47m%[0;1;37;97;47m [0;1;30;90;47mS[0;1;37;97;47m [0;1;30;90;47m@[0;1;37;97;47m [0;1;30;90;47mX[0;1;37;97;47m [0;1;30;90;47mtt%SS%%S%%[0;33;47mS[0;1;30;90;47mS[0;1;37;97;47m [0;1;30;90;47m%[0;1;37;97;47m   [0;1;30;90;47m%%tttt%SS@@@@@@XS%%S%%%S%XXtttt%t[0;1;37;97;47m.X8[0m
