[0;1;37;97;47m%tttt;;;;;;;;;;;:::::::;;;t%tttt;;::.    . .....:::;;tt;:;;:.. [0;1;30;90;47m  ...::::...[0;1;37;97;47m ..:;;;tt%SS@@@XXSSSSSXX@XXSSS%S%SSXXS%SXXXXX%SS@8888[0;37;5;47;107m88[0m
[0;1;37;97;47m%%%tt;;;;;;;t;;tt;;:;;;::;ttt;;;;:::... [0;1;30;90;47m [0;1;37;97;47m .... ..:;;;ttt;;;;::;:..  [0;1;30;90;47m..... [0;1;37;97;47m ..;tt%%SXX@@8@@@XSSSSXXX@XSSS%S%%%%%%%S%%XXSSSSX@@88888[0m
[0;1;37;97;47m%%%tt;t;;tttttttttttttt;;;;;;;;:::::...[0;1;30;90;47m . [0;1;37;97;47m.......::;%%%ttt;t%t%%t;;::. . .::;t%SX@8[0;37;5;47;107m8[0;1;37;97;47m8[0;37;5;47;107m88[0;1;37;97;47m88@XXSSSSXXXXXXXXSS%%t%%%%%SXXSXSXX@@@@8@@X[0m
[0;1;37;97;47m%%%ttttt;ttt%%%S%%%%tt%%%ttttt;::....  [0;1;30;90;47m...[0;1;37;97;47m .......:;t%%%S%%%%SS%%%tt;::::;;tt%SSX8[0;37;5;47;107m888[0;1;37;97;47m8[0;37;5;47;107m8[0;1;37;97;47m888XXSXXXXX@XXXXSS%%t%%%%SXXXXXXXXXXXXXXXXX[0m
[0;1;37;97;47m%%%%%tt;tt%%%%SXXXXXStt%%%%tt;;::...[0;1;30;90;47m  . . [0;1;37;97;47m ......:;;t%%%SS%%SSSX%%%ttt;;t%SSSSSX888[0;37;5;47;107m8[0;1;37;97;47m8[0;37;5;47;107m88[0;1;37;97;47m88@XXSXXX@XXXXSSXSS%%%%SSXXXX@@XSSXSXXXXXXX[0m
[0;1;37;97;47mSSSS%tttt%%%SSS@@@@X@XS%%t%%tt;;:.  [0;1;30;90;47m .... [0;1;37;97;47m .....:;;ttt%SSSS%SSXXSS%%%tt%%SXXSXX@8[0;37;5;47;107m8[0;1;37;97;47m8[0;37;5;47;107m88@8[0;1;37;97;47m88@XSXXSSSS%%S%%%S%%%%SXX@@8888@@@@@@@X@@X@[0m
[0;1;37;97;47mXXXXS%%%%SXXXSX@X@@XXS%%tt;;;;;;::. [0;1;30;90;47m ..[0;1;37;97;47m. ...::::;;t;tt%%%%SS%SXSS%%%t%%SXXX@X@@8[0;37;5;47;107m88@@XX8[0;1;37;97;47m88@XXXXXS%%%%%%%SS%%SS@@@8[0;37;5;47;107m8[0;1;37;97;47m8[0;37;5;47;107m8[0;1;37;97;47m8888888888@@88[0m
[0;1;37;97;47m8@@@XSSSSSXX@@@@XSX@XX%%ttt;t;;;::.. . .. ..:;::;;;;ttt%%S%%SXXXXXS%S%SSSXXXX@8[0;37;5;47;107m88@XSX8[0;1;37;97;47m888XXXXXS%SS%%%%%%SSX@88888888[0;37;5;47;107m8[0;1;37;97;47m8[0;37;5;47;107m8[0;1;37;97;47m8[0;37;5;47;107m8[0;1;37;97;47m8[0;37;5;47;107m8[0;1;37;97;47m88[0;37;5;47;107m8[0;1;37;97;47m@888[0m
[0;1;37;97;47m888XS%SSSXXX@@8@@SSXXXS%%t%ttt;;::.:::.....:::;:;;;tt%%%%SSSSSXXXXSSSSSSXXX@@8[0;37;5;47;107m88XX@XX8[0;1;37;97;47m88@XXSSSSSSS%%%tSSXX@@@@@@@@8@8[0;37;5;47;107m8[0;1;37;97;47m8[0;37;5;47;107m8[0;1;37;97;47m@88888888@[0m
[0;37;5;47;107m8[0;1;37;97;47m8@X%%%S%%%SSX@@XXXXXXXSXS%%SS%t;:;;;;;tt;;;;;;;;tttt%%SSXXSSXSXSXXSSSSXX@88[0;37;5;47;107m888@@888[0;1;37;97;47m888@SSSSSSSXSXX%%%X@XXXSXSSXXX@88@88888[0;37;5;47;107m8[0;1;37;97;47m@88888[0m
[0;1;37;97;47m8XSS%S%SS%%%SXX@@888@XXXXXXXXXXS%ttt%%SXS%%%t%t%%%t%%%XSXXXX@@XSSSSXXXXX888[0;37;5;47;107m888888[0;1;37;97;47m88888XSS%SSX@XXXXS%SX@X@XS%%S%SSSXSXSXX@8@88[0;37;5;47;107m8[0;1;37;97;47m@8@@[0m
[0;1;37;97;47mXXSSXSSSSSSSS@@@8888[0;37;5;47;107m8[0;1;37;97;47m@88@@X@8@@XSS%S%SSSS%%SSSXX888@XX@@8@@@@XX@XXSXXXX@8[0;37;5;47;107m8[0;1;37;97;47m88[0;37;5;47;107m8[0;1;37;97;47m888888@XSS%%%SSXSXXXSSXX@@XX%%%%tt%t%t%%SXX@88[0;37;5;47;107m8[0;1;37;97;47m@@88@@[0m
[0;1;37;97;47m8@@@@@88@@X@888@@88[0;37;5;47;107m88[0;1;37;97;47m8[0;37;5;47;107m8[0;1;37;97;47m8888888@@@XXXSX@X@@88[0;37;5;47;107m88@%%%SX8[0;1;37;97;47m8[0;37;5;47;107m8[0;1;37;97;47m88888XX@@XSSSSXX@888@XXXSSS%S%%%%SSXXXXXXXXXX@XSS%tt;;;;;;;;t%SSXX@@@[0;37;5;47;107m8[0;1;37;97;47m@8@8@[0m
[0;1;37;97;47m8[0;37;5;47;107m8[0;1;37;97;47m888[0;37;5;47;107m88[0;1;37;97;47m88@8@88@@@@8888888888[0;37;5;47;107m8[0;1;37;97;47m88@@@@88@8888[0;37;5;47;107m8@XStttt%%SX8@8@@[0;1;37;97;47m8888@@S%SSSX@8@@SSS%S%%%SXSXXX88@@X@XXSSS%ttt;;;::::::;;tSXXSXX@@X@@XS%[0m
[0;1;37;97;47m88[0;37;5;47;107m88[0;1;37;97;47m8[0;37;5;47;107m8[0;1;37;97;47m8[0;37;5;47;107m8[0;1;37;97;47m888[0;37;5;47;107m8[0;1;37;97;47m8888888888888[0;37;5;47;107m8[0;1;37;97;47m8[0;37;5;47;107m8[0;1;37;97;47m8[0;37;5;47;107m8[0;1;37;97;47m8888[0;37;5;47;107m88888XXX@S%%tttttttS@@8@@8[0;1;37;97;47m8888XS%%SXX@XXSS%%S%SSXXXX@@@@@X@XXXS%%tt;;;;:.....::;;t%SSSSSSSS%%%%t[0m
[0;1;37;97;47m@88888[0;37;5;47;107m8[0;1;37;97;47m88[0;37;5;47;107m8[0;1;37;97;47m88[0;37;5;47;107m888[0;1;37;97;47m8[0;37;5;47;107m8[0;1;37;97;47m888888[0;37;5;47;107m8[0;1;37;97;47m8[0;37;5;47;107m88888@@8@@XSSS%%%t%ttttt%ttttS8@X@8[0;1;37;97;47m8[0;37;5;47;107m88[0;1;37;97;47m@@@@@X@@@XXSSSSSSX@888@@@XXXXXSS%%%t;:::::.....::;;ttttt%%%SSXSSSSS[0m
[0;1;37;97;47m@@@@88@88@88888[0;37;5;47;107m8[0;1;37;97;47m888[0;37;5;47;107m8[0;1;37;97;47m8888[0;37;5;47;107m8[0;1;37;97;47m8[0;37;5;47;107m888@@XXXSS%S%%%%%ttt%t%t%%%%%S8X@8@88[0;1;37;97;47m88[0;37;5;47;107m8[0;1;37;97;47m8[0;37;5;47;107m8[0;1;37;97;47m88@@XXXSXXX@88[0;37;5;47;107m8[0;1;37;97;47m88@@XXXXXS%%%t;:..........:;;tt;t%%SSXXSXXXXX@@[0m
[0;1;37;97;47m8@@X@@@@8@888888888888888[0;37;5;47;107m8[0;1;37;97;47m8[0;37;5;47;107m888@@@@XXXSS%S%%%%%%%%%%%%%SS@X@@888@888[0;1;37;97;47m8888@@@8@@@88[0;37;5;47;107m8[0;1;37;97;47m888X@@@XXXSS%%;;... ......:;;;tttttt%SXSSXSSSXXXX[0m
[0;37;5;40;100m8[0;1;30;90;47m8[0;37;5;40;100m8[0;1;30;90;47m;%t[0;1;37;97;47m%8@XX@@88@@@888@@@@X@@8[0;37;5;47;107m888888@@XXXSXXXXSSSSSXSXXX@@@888888[0;1;37;97;47m8[0;37;5;47;107m8[0;1;37;97;47m8[0;37;5;47;107m8[0;1;37;97;47m88888888@8[0;37;5;47;107m88[0;1;37;97;47m8[0;37;5;47;107m8[0;1;37;97;47m888X@@XXXXX%;::.:.::... .:;;t%SSSXXSXSSSSSSXXXXS[0m
[0;33;5;40;100m [0;1;30;90;47m@88[0;37;5;40;100m88X[0;1;37;97;47m.@XXX@XXXXXXXXSSSSSX@88[0;37;5;47;107m88888888@@@@8@@@@X@X@888888888[0;1;37;97;47m8[0;37;5;47;107m8[0;1;37;97;47m888@8888888[0;37;5;47;107m8[0;1;37;97;47m88888[0;37;5;47;107m88[0;1;37;97;47m8[0;37;5;47;107m88[0;1;37;97;47m888@8@8@@St;;;;;;:::..:t%SSXXXXXXSSSS%SSXXXSS%[0m
[0;33;5;40;100m [0;37;5;40;100mX[0;33;5;40;100m  [0;37;5;40;100m8[0;1;30;90;47m8[0;37;5;40;100mX[0;1;30;90;47m8[0;1;37;97;47mSXS%X@XXXXSSS%%%%SSX88[0;37;5;47;107m8[0;1;37;97;47m8[0;37;5;47;107m8[0;1;37;97;47m8[0;37;5;47;107m88888888888888888888888[0;1;37;97;47mX[0;37;5;47;107m8[0;1;37;97;47mX@X8@@@XXX@@@@@8888[0;37;5;47;107m8[0;1;37;97;47m8[0;37;5;47;107m8[0;1;37;97;47m8[0;37;5;47;107m8[0;1;37;97;47m8[0;37;5;47;107m8[0;1;37;97;47m@8@@@@@@S%%ttt;;;:;;tX@@8@XX@XSSSSSSSSSSSS%S%[0m
[0;37;5;40;100mX[0;33;5;40;100m:;.%t [0;1;30;90;47m%[0;1;37;97;47mt;:SSS%%%%SS%%%%SSSX@@8[0;37;5;47;107m8[0;1;37;97;47m@[0;37;5;47;107m8[0;1;37;97;47m@[0;37;5;47;107m8[0;1;37;97;47m@[0;37;5;47;107m8[0;1;37;97;47m8[0;37;5;47;107m88888888888[0;1;37;97;47mX@XXXSXXSXXXXXSSSSXXX@@@@888@8@8@8@@@XXXSXSS%%%%%SSSSX@@@88@@@XXS%%%%%%%%%%t%tt;[0m
[0;1;37;97;47m.[0;1;30;90;47m88[0;1;37;97;47mt;t [0;1;30;90;47m8[0;33;5;40;100m [0;1;30;90;47m;[0;1;37;97;47mt%%ttt%%%%%%%%%%%SSXX@X@@@8@@X@@@[0;37;5;47;107m8[0;1;37;97;47mX@XXSSXSSSSSSSSSSS%%%SSXXXXXSXX@@@8@@@@@@@8@@SS%S%SS@@888@@@@@@@XXXSS%tttt;t;;;;;t;;;:[0m
[0;1;37;97;47m.[0;33;5;40;100m [0;1;30;90;47mX:[0;1;37;97;47mS[0;1;30;90;47m [0;37;5;40;100mS[0;33;5;40;100m [0;1;30;90;47m%[0;1;37;97;47m ttttt;ttttt%ttt%%SXXXX@X@@XXX@@[0;37;5;47;107m8[0;1;37;97;47mX[0;37;5;47;107m8[0;1;37;97;47mX@XXSSS%%%%%%%S%SSSSSSSSSSXSXXX@@88@@8[0;37;5;47;107m8[0;1;37;97;47m88[0;37;5;47;107m8[0;1;37;97;47m@88@@@@@@@@XXXXXXXXXSSS%ttt;;;;:;::;;:;::::.[0m
[0;1;30;90;47m8[0;33;5;40;100m.[0;1;30;90;47m:;8[0;37;5;40;100m@[0;1;30;90;47mX;[0;1;37;97;47m;t:t;%[0;1;30;90;47mSt[0;1;37;97;47mS;;;..ttt%%SSXSSSSSSSXXXXXXSS%%t%tttt%t%%%%SSS%SS%SSSSSXXX@@888[0;37;5;47;107m888[0;1;37;97;47m8[0;37;5;47;107m8[0;1;37;97;47m8888888[0;37;5;47;107m8[0;1;37;97;47m@XXXXXXXXXXSSSS%ttt;;;;:::::::.......[0;1;30;90;47m [0m
[0;1;30;90;47mt[0;37;5;40;100mX[0;1;30;90;47m;[0;33;5;40;100m [0;1;30;90;47m%%[0;1;37;97;47m; [0;1;30;90;47m:[0;1;37;97;47m.%t[0;1;30;90;47m;8t[0;1;37;97;47m%[0;1;30;90;47mt8%%;[0;1;37;97;47mtt%t%%S%%%%t%%%S%%S%%t;;;;;;;;;;;;;tS%S%S%%SS%%S%SSSXXX8[0;37;5;47;107m8888[0;1;37;97;47m@8@@@@88[0;37;5;47;107m8[0;1;37;97;47m@[0;37;5;47;107m8[0;1;37;97;47m@@XXSSS%%%%t%ttt;;;;::..:.. [0;1;30;90;47m.... .    [0m
[0;37;5;40;100m8[0;33;5;40;100m [0;37;5;40;100mX[0;1;37;97;47m:[0;1;30;90;47m8[0;37;5;40;100mX[0;1;37;97;47m:[0;1;30;90;47m;t[0;1;37;97;47m%[0;1;30;90;47m;;[0;1;37;97;47mt%:[0;1;30;90;47m%ttX[0;1;37;97;47m.%;ttt%SXS%%ttt%%t;;:::.::::;::;ttt%%%%%%S%S%%%SS%SSSXXX@@8[0;37;5;47;107m8[0;1;37;97;47m@X@X@@@@X@@XSXS%%%Sttt;;;;;;::......[0;1;30;90;47m  ...:....::.%t[0m
[0;37;5;40;100mXX[0;36;5;40;100m [0;1;37;97;47m:[0;1;30;90;47m;;[0;1;37;97;47m [0;1;30;90;47mt[0;1;37;97;47m [0;1;30;90;47mX[0;37;5;40;100m@[0;1;30;90;47mX[0;1;37;97;47m [0;1;30;90;47m:[0;37;5;40;100mS[0;1;30;90;47m@;%:8%[0;1;37;97;47m:  ..  [0;1;30;90;47m::[0;1;37;97;47mt:;:::::::::;;;t ;tttt%t%%%S%S%%%%%ttt%%%%%%SSXS%XSXXXXSS%%%%%tttttt;;;;:::.. [0;1;30;90;47m  ...::;;;;:;;;.X;.[0;1;37;97;47m [0;1;30;90;47mS8[0m
[0;33;5;40;100m [0;37;5;40;100m88[0;1;30;90;47m:.t%t[0;37;5;40;100mX[0;1;30;90;47m8[0;33;5;40;100m: [0;1;30;90;47m%:;:;;[0;1;37;97;47m.[0;1;30;90;47mX:[0;1;37;97;47m:;:::;; [0;1;30;90;47m;[0;1;37;97;47mt:::;;;;t;ttt;% [0;33;5;40;100m [0;1;37;97;47m ttttttttS%%t;ttttt%%ttt;t;t%[0;1;30;90;47m;[0;1;37;97;47m.Stt;ttt[0;1;30;90;47m;X[0;1;37;97;47mt:::::::;::.:::.[0;1;30;90;47m :X[0;37;5;40;100mSX[0;1;30;90;47m8t.X[0;37;5;40;100m8[0;1;30;90;47mXX;X;;;tS..t%S[0;37;5;40;100m8[0;1;30;90;47m@[0;37;5;40;100mX[0m
[0;37;5;40;100m8[0;33;5;40;100m..8[0;31;40m8[0;33;5;40;100m [0;1;30;90;47m8[0;33;5;40;100m.[0;37;5;40;100mS[0;1;30;90;47mX[0;37;5;40;100mX[0;1;30;90;47m@8[0;1;37;97;47m  .;. [0;1;30;90;47m88:[0;1;37;97;47m:;t;:t  St;;tt;;;;[0;1;30;90;47mS%;[0;1;37;97;47m [0;1;30;90;47m@8[0;33;5;40;100m8[0;1;30;90;47mt[0;1;37;97;47mtt;;ttt%[0;37;5;40;100mS[0;31;5;40;100mX[0;1;30;90;47mX[0;1;37;97;47mt;:;;;%[0;1;30;90;47mS[0;35;5;40;100m%[0;1;30;90;47m8[0;1;37;97;47m;.:;;;%[0;1;30;90;47m:[0;1;37;97;47m %;;[0;1;30;90;47m.[0;1;37;97;47mt[0;37;5;40;100mX[0;31;5;40;100m8[0;31;40m%[0;30;5;40;100m8[0;1;30;90;47m%[0;1;37;97;47mt::.:;:[0;1;30;90;47m% [0;1;37;97;47m;;:[0;1;30;90;47m %[0;35;5;40;100m  ;[0;31;40m@S[0;32;40mt[0;31;40m;[0;30;5;40;100m8[0;35;5;40;100m;[0;1;30;90;40mX[0;30;5;40;100m8[0;35;5;40;100m: [0;1;30;90;47m8[0;35;5;40;100m:[0;37;5;40;100m@[0;1;30;90;47m.[0;1;37;97;47m.[0;1;30;90;47m.[0;35;5;40;100m [0;1;30;90;47m%@[0;35;5;40;100m.[0;30;5;40;100mX[0;31;40mt[0;34;40m;[0;32;40m:[0;1;30;90;40mS[0m
[0;33;5;40;100m [0;1;30;90;47m.[0;33;5;40;100m8[0;31;40mt[0;30;5;40;100m8X[0;33;5;40;100m8[0;35;5;40;100m.[0;33;5;40;100m:.;[0;37;5;40;100m%[0;1;30;90;47m8[0;37;5;40;100m@[0;33;5;40;100m  X[0;35;5;40;100m%[0;1;30;90;47m8[0;37;5;40;100m@[0;1;30;90;47mX[0;1;37;97;47m  [0;1;30;90;47m:[0;1;37;97;47m [0;1;30;90;47m;%8[0;33;5;40;100m..; [0;1;30;90;47m@@@[0;1;37;97;47m::::[0;1;30;90;47m@[0;33;5;40;100mS[0;31;5;40;100m@@[0;30;5;40;100m8[0;33;5;40;100m%[0;31;5;40;100m@8[0;35;5;40;100m [0;37;5;40;100mtt[0;1;30;90;47m8888[0;1;37;97;47m.[0;33;5;40;100m [0;31;40m8[0;32;40mX[0;1;30;90;40m@[0;1;30;90;47mX[0;1;37;97;47m;::[0;1;30;90;47m.[0;1;37;97;47m  [0;31;5;40;100mX[0;32;40m:[0;31;5;40;100m@[0;1;30;90;47m%;tt%Xtt8XX;%X[0;31;40mt[0;32;40m:;[0;31;40m;[0;1;30;90;40m8[0;37;5;40;100m@[0;35;5;40;100m [0;1;30;90;47m%8[0;37;5;40;100m@8[0;35;5;40;100m .S[0;31;5;40;100mX[0;35;5;40;100m:.[0;31;5;40;100mS@S[0;30;5;40;100m8[0;31;40mS[0;32;40m@[0;1;30;90;40m8[0;31;40m8[0;32;40mt[0;1;30;90;40m@[0;30;5;40;100mX[0;31;5;40;100mS[0;30;5;40;100m8[0;31;40m;[0;31;5;40;100mX[0;30;5;40;100mS[0;31;5;40;100m@[0;30;5;40;100m88[0;31;5;40;100mX[0;1;30;90;40m8[0;31;40mS[0;1;30;90;40mX@[0;31;40m%[0;1;30;90;40m@8[0;31;40m%[0;1;30;90;40mX[0;31;40mt[0m
[0;36;5;40;100m [0;37;5;40;100mX[0;30;5;40;100m8[0;1;30;90;40m@[0;31;40mX[0;32;40mS[0;31;40mS@S[0;1;30;90;40m8[0;31;40m@SX%S[0;1;30;90;40m8[0;31;40m:[0;32;40mt[0;31;40mS[0;1;30;90;40m8[0;31;40mX[0;1;30;90;40m88[0;31;40m8[0;1;30;90;40m8[0;31;40m@[0;32;40mS[0;31;40mS[0;1;30;90;40m8[0;31;40mX[0;32;40mX[0;31;40m8[0;32;40m%[0;31;40m@[0;32;40mX[0;31;5;40;100mS[0;37;5;40;100m@[0;33;5;40;100mS[0;1;30;90;41m@[0;1;30;90;40mX[0;31;40mS[0;1;30;90;40mX@[0;31;40m@[0;30;5;40;100m8[0;31;5;40;100m8[0;30;5;40;100m8[0;31;5;40;100m8[0;31;40m8[0;31;5;40;100mS[0;1;30;90;41m8[0;1;30;90;40m8[0;1;30;90;41m@[0;31;5;40;100m8S[0;30;5;40;100m@[0;1;30;90;40m8[0;31;40mX[0;1;30;90;40m8[0;31;5;40;100m8[0;1;30;90;40m8[0;31;5;40;100m8[0;1;30;90;40m@[0;1;30;90;41m@[0;1;30;90;40m8[0;30;5;40;100m8[0;1;30;90;40m8888[0;31;40m8[0;30;5;40;100m8[0;31;40m8[0;30;5;40;100m8[0;1;30;90;41m@[0;1;30;90;40m@[0;31;40m8[0;30;5;40;100m8[0;31;5;40;100m8[0;31;40m@[0;30;5;40;100m8[0;31;5;40;100m8[0;30;5;40;100m8[0;1;30;90;40m8[0;30;5;40;100m8[0;1;30;90;40mXX@[0;31;5;40;100m8[0;1;30;90;40m@[0;31;40m@[0;30;5;40;100m8[0;1;30;90;40m@[0;31;5;40;100m8[0;30;5;40;100m8[0;31;5;40;100m8[0;32;40mS[0;1;30;90;40m8[0;30;5;40;100m8[0;1;30;90;40m@X[0;34;40m;[0;1;30;90;40m8@8@888[0;31;5;40;100mX[0;33;5;40;100m:: [0;30;5;40;100mX8[0;1;30;90;40m88[0;30;5;40;100m8[0;1;30;90;40m8[0;30;5;40;100mX[0;31;5;40;100mS[0;1;30;90;40m88[0;30;5;40;100mX88[0;1;30;90;40m8[0;30;5;40;100m8[0;1;30;90;40m88[0m
[0;36;5;40;100m  [0;30;5;40;100m8[0;1;30;90;40m8[0;31;5;40;100mS8[0;1;30;90;40m8[0;30;5;40;100mX[0;1;30;90;40m88[0;30;5;40;100mX[0;1;30;90;40m8[0;32;40m8[0;30;5;40;100m8[0;32;40mX[0;31;40mX[0;32;40m%[0;31;40m%[0;32;40mX[0;30;5;40;100m8[0;32;40m%[0;31;40mS[0;1;30;90;40m8[0;32;40m@[0;1;30;90;40m88888[0;32;40mS[0;31;40mS[0;32;40m%[0;31;40mS[0;32;40mS[0;31;40m@[0;33;5;40;100mt S[0;31;40mS[0;30;5;40;100m8[0;1;30;90;40m@8[0;30;5;40;100mX[0;1;30;90;40m8[0;31;5;40;100mS[0;32;40m@[0;31;5;40;100m8[0;32;40mX[0;30;5;40;100m8@[0;1;30;90;40m8[0;31;5;40;100mX[0;32;40m@[0;31;5;40;100m@S[0;31;40m8[0;33;5;40;100mS[0;30;5;40;100m88[0;32;5;40;100mX[0;1;30;90;40m88[0;30;5;40;100m888[0;1;30;90;40m8[0;31;5;40;100m@[0;30;5;40;100m88[0;31;5;40;100mX[0;30;5;40;100m8XX[0;1;30;90;40m8[0;30;5;40;100m@XS@8XXS[0;31;5;40;100mX[0;30;5;40;100m@[0;31;5;40;100mS[0;30;5;40;100m8[0;1;30;90;40m8[0;30;5;40;100m8S8@[0;31;5;40;100m8[0;1;30;90;40m8[0;30;5;40;100m@[0;33;5;40;100m@[0;1;30;90;40m8[0;30;5;40;100m8888@[0;1;30;90;40m8[0;30;5;40;100m@[0;1;30;90;40m8[0;30;5;40;100m@88[0;1;30;90;40m88[0;30;5;40;100m8[0;33;5;40;100mX[0;30;5;40;100m8@[0;1;30;90;40m88[0;30;5;40;100m88S[0;33;5;40;100m@[0;1;30;90;40m8[0;30;5;40;100m@S[0;31;40m8[0;32;5;40;100m@[0;31;40m@[0;30;5;40;100m8[0;1;30;90;40m88[0;31;40m8[0;1;30;90;40m8[0m
[0;33;5;40;100m:[0;36;5;40;100m [0;32;40mX[0;31;40m8[0;32;40m@[0;1;30;90;40m88[0;31;40m8[0;1;30;90;40m8[0;30;41m8[0;32;40m8[0;1;30;90;41m8[0;1;30;90;40m8[0;31;40m8[0;30;5;40;100m@[0;1;30;90;40m@[0;31;40m%[0;1;30;90;40m@@[0;31;40m%[0;1;30;90;40mX[0;32;40m%[0;1;30;90;40mX[0;31;40mS[0;1;30;90;40mX[0;31;40m%[0;32;40m%[0;31;40m%[0;30;5;40;100m8@888[0;1;30;90;40m88@[0;30;5;40;100m8[0;31;5;40;100m8[0;30;5;40;100m8@[0;31;5;40;100m@[0;32;40m8[0;31;5;40;100mXS[0;33;5;40;100m8@[0;30;5;40;100m8[0;31;5;40;100m@[0;32;40mX[0;1;30;90;41m8[0;1;30;90;40m8[0;33;5;40;100m8[0;30;41m8[0;32;5;40;100mX[0;31;43m8[0;32;5;40;100m8[0;34;5;40;100mS[0;30;5;40;100mX[0;31;40m%[0;30;5;40;100m@@88X@[0;1;30;90;40m8[0;30;5;40;100mX@[0;1;30;90;40m88[0;32;5;40;100mX[0;30;5;40;100m88@[0;31;5;40;100mX[0;30;5;40;100m8X[0;31;5;40;100mS[0;30;5;40;100m8SS[0;32;5;40;100mS[0;30;5;40;100m8@@[0;32;5;40;100mS[0;30;5;40;100m8[0;31;5;40;100m8[0;30;5;40;100m@[0;1;30;90;40m8[0;30;5;40;100m888[0;31;5;40;100mX[0;36;5;40;100m:[0;35;5;40;100m;[0;30;5;40;100m@[0;31;5;40;100m@[0;30;5;40;100m8[0;31;5;40;100mS[0;30;5;40;100m8@@@[0;31;5;40;100mX[0;30;5;40;100m@88@[0;1;30;90;40m8[0;30;5;40;100m8[0;1;30;90;40m88[0;30;5;40;100m8[0;1;30;90;40m8[0;30;5;40;100m8[0;1;30;90;40m88[0;30;5;40;100mX@[0;1;30;90;40m888[0;31;40mS[0;1;30;90;40m8[0;32;40mS[0;31;40m8[0;1;30;90;40m@[0;32;40mS[0;31;40mX[0m
[0;33;5;40;100m :[0;1;30;90;40m8[0;30;5;40;100m8[0;31;40m8[0;33;5;40;100m8[0;31;40m%[0;32;40m@[0;1;30;90;40m8[0;31;5;40;100mS[0;31;40mX[0;32;40mX[0;31;5;40;100m8[0;32;40m@[0;1;30;90;41m8[0;32;40mX[0;1;30;90;40m@[0;31;40m;[0;30;5;40;100m@[0;1;30;90;40mS[0;31;40m;t[0;36;5;40;100m.[0;1;30;90;47m@[0;1;30;90;40m@[0;32;40m%[0;31;40mX[0;32;40mS[0;30;5;40;100mX[0;1;30;90;40mS[0;31;40m:[0;32;40m:[0;31;40mt[0;32;40mt[0;31;40mt[0;32;40m%[0;31;40mX[0;1;30;90;40m8[0;32;40m@[0;31;40m8[0;33;5;40;100mS[0;31;5;40;100m@[0;32;40m8[0;30;5;40;100m@8[0;31;5;40;100m8[0;30;5;40;100mX[0;30;41m8[0;32;5;40;100mX[0;32;40mt[0;31;40m@[0;1;30;90;40m8[0;30;5;40;100mX[0;31;40mX[0;32;40m@[0;31;40m8[0;32;5;40;100mX[0;30;5;40;100m@[0;1;30;90;40m8[0;30;5;40;100mS@[0;1;30;90;40m8[0;30;5;40;100mSXSX[0;33;5;40;100m8[0;1;30;90;40m@[0;33;5;40;100m8[0;1;30;90;40m8[0;30;5;40;100m8@@88@8[0;32;5;40;100m8[0;30;5;40;100mX@8S@@@8@[0;1;30;90;40m@[0;32;5;40;100m@[0;30;5;40;100m88@888@8[0;1;30;90;40m8[0;30;5;40;100m8[0;32;5;40;100m@[0;1;30;90;40mX[0;30;5;40;100m8[0;1;30;90;40m8[0;30;5;40;100m8[0;1;30;90;40m@[0;30;5;40;100m8[0;1;30;90;40m8[0;30;5;40;100m8[0;1;30;90;40m8[0;30;5;40;100m8[0;1;30;90;40m88[0;30;5;40;100m8[0;1;30;90;40m8[0;30;5;40;100m8[0;1;30;90;40m8[0;30;5;40;100m88[0;34;5;40;100m8[0;32;40m@[0;30;5;40;100m8[0;1;30;90;40m@[0;32;40m%[0;1;30;90;40mS[0;31;40mt[0;1;30;90;40mX[0;32;40mt[0;31;40m%[0;1;30;90;40mS[0;32;40m;[0m
[0;37;5;40;100m@[0;30;5;40;100mX[0;31;40m@[0;1;30;90;40m88[0;30;5;40;100m@[0;32;40m%[0;31;40m@[0;32;40mtS[0;31;40mS[0;1;30;90;40mX[0;31;40m%[0;1;30;90;40m88[0;31;40mX[0;1;30;90;40m888[0;32;40mS[0;1;30;90;40mX[0;31;40m%[0;1;30;90;40m@@[0;31;40mt[0;1;30;90;40m8[0;31;40m%[0;1;30;90;40m8[0;36;5;40;100m8[0;1;30;90;44m8[0;32;40m;[0;31;40mt[0;1;30;90;40m@[0;32;40mt[0;1;30;90;40m@8[0;33;5;40;100m@8[0;30;5;40;100m8[0;36;5;40;100mt[0;30;5;40;100mX[0;32;5;40;100mS[0;31;5;40;100m@[0;30;5;40;100m8[0;1;30;90;40m8[0;32;40mX[0;1;30;90;40m8[0;30;5;40;100m8[0;1;30;90;40m@[0;30;5;40;100m88[0;1;30;90;40m8[0;32;40m8[0;30;5;40;100m8[0;1;30;90;40m8[0;30;5;40;100m8[0;1;30;90;40m8[0;30;5;40;100m@[0;1;30;90;40m8[0;30;5;40;100m@[0;1;30;90;40m8[0;30;5;40;100m8[0;1;30;90;40m8[0;30;5;40;100m88[0;1;30;90;40m8[0;30;5;40;100m88[0;34;40m@[0;30;5;40;100m@@X@@8[0;1;30;90;40m8[0;30;5;40;100mX8X@@@X@8@X@88@@@[0;32;5;40;100m@[0;30;5;40;100m@[0;36;5;40;100m@[0;1;30;90;40m8[0;30;5;40;100m8[0;1;30;90;40m8[0;34;5;40;100m8[0;1;30;90;40m8[0;32;5;40;100m8[0;30;5;40;100m88[0;32;5;40;100m@[0;1;30;90;40m8[0;30;5;40;100m@@@8@[0;32;40m@[0;30;5;40;100m88[0;1;30;90;40m88[0;32;5;40;100mS[0;31;40mX[0;36;5;40;100m8[0;30;44m8[0;30;5;40;100m8[0;1;30;90;40m8@[0;31;40m:[0;32;40m;[0;31;40mt[0;34;40mt[0;31;40m;[0;32;40m;[0;31;40mt[0m
[0;33;5;40;100m [0;1;30;90;40m8[0;32;40mS[0;31;40m%[0;32;40m%[0;31;5;40;100mX[0;31;40m;[0;32;40mt[0;31;40mS[0;1;30;90;40m8[0;32;40mt[0;31;40mt[0;32;40m%[0;31;40m%[0;32;40m%[0;31;40mS[0;32;40mt[0;31;40mS[0;1;30;90;40m8[0;31;40mX[0;32;40m%[0;1;30;90;40m@[0;31;40m%[0;32;40m%[0;1;30;90;40mX[0;31;40m%[0;32;40mS[0;30;5;40;100m8[0;34;5;40;100m@[0;1;30;90;40m8[0;32;40mt[0;31;40mt[0;1;30;90;40mX[0;31;40m;;t[0;1;30;90;40m@@8[0;30;5;40;100m8[0;34;5;40;100m8[0;31;40mS[0;30;5;40;100m8[0;1;30;90;40m88[0;30;5;40;100m8[0;33;5;40;100m8[0;30;5;40;100m@[0;32;5;40;100mS[0;30;5;40;100m8[0;33;5;40;100m8X[0;31;5;40;100mX[0;30;5;40;100m8[0;33;5;40;100mX[0;1;30;90;40m8[0;33;5;40;100mt[0;36;5;40;100mS[0;1;30;90;40m8[0;33;5;40;100m%%%%S%%[0;36;5;40;100mt[0;33;5;40;100m;t%;tttt:[0;36;5;40;100mS[0;35;5;40;100mt[0;33;5;40;100m%t;;;:[0;30;5;40;100m8[0;36;5;40;100mt[0;1;30;90;40m8[0;31;5;40;100mX[0;33;5;40;100mtSS[0;30;5;40;100mSX[0;31;5;40;100m8[0;1;30;90;40m8[0;30;5;40;100mX[0;33;5;40;100m8[0;30;5;40;100m8@X[0;32;40m@[0;30;5;40;100m88[0;1;30;90;40m8[0;30;5;40;100m@8[0;32;40m8[0;30;5;40;100mX[0;32;40m8[0;1;30;90;40m88[0;31;40m@[0;1;30;90;40m8[0;30;5;40;100m8[0;1;30;90;40m88[0;31;40m8[0;32;5;40;100m8[0;1;30;90;40m8[0;34;5;40;100mX[0;32;40m@[0;1;30;90;40m8@[0;32;40m:[0;34;40m;[0;31;40m;[0;32;40mt[0;31;40m;[0;34;40m;[0;31;40m;[0m
[0;33;5;40;100m:[0;31;40mS[0;1;30;90;40m8[0;31;40m@[0;32;5;40;100mX[0;1;30;90;40m8[0;31;40m@[0;30;5;40;100m8[0;1;30;90;40m888[0;32;40mX[0;1;30;90;40m8[0;31;40m8[0;30;5;40;100mX[0;32;40m@[0;31;5;40;100m8[0;32;40mX[0;30;5;40;100m8[0;1;30;90;40m8[0;31;40m8[0;32;5;40;100mX[0;31;40m8[0;1;30;90;40m888[0;31;40m8[0;30;5;40;100m8[0;36;44m8[0;1;30;90;40m8888888[0;31;40m8[0;30;5;40;100m8[0;1;30;90;40m88[0;30;5;40;100mX[0;32;40mS[0;30;5;40;100m8[0;31;40m8[0;33;5;40;100m8[0;30;5;40;100m8[0;1;30;90;40m8[0;34;5;40;100mS[0;30;5;40;100m@8[0;31;40m%[0;1;30;90;40m8[0;33;5;40;100mS[0;31;5;40;100mS[0;33;5;40;100m%[0;1;30;90;40m@[0;30;5;40;100m@[0;35;5;40;100m%[0;1;30;90;40m8S[0;30;5;40;100m8[0;1;30;90;40m8[0;30;5;40;100m@8[0;31;5;40;100mX[0;30;5;40;100mS[0;31;5;40;100mS[0;34;5;40;100mS[0;33;5;40;100m8[0;31;5;40;100mS[0;30;5;40;100mX[0;31;5;40;100mSS[0;32;5;40;100mS[0;31;5;40;100mS[0;30;5;40;100m@[0;31;5;40;100mX[0;33;5;40;100mS[0;35;5;40;100m%[0;33;5;40;100m@[0;35;5;40;100m%[0;33;5;40;100mS[0;35;5;40;100m%[0;33;5;40;100m@[0;31;5;40;100m@[0;33;5;40;100m%[0;30;5;40;100m@S[0;33;5;40;100m;[0;35;5;40;100mS[0;33;5;40;100m8[0;31;5;40;100mX[0;32;5;40;100mS[0;31;5;40;100m@[0;33;5;40;100mS[0;30;5;40;100mX[0;31;5;40;100mS[0;33;5;40;100m@X[0;34;5;40;100m@[0;31;5;40;100mS[0;30;5;40;100m@[0;33;5;40;100m8[0;30;5;40;100m8[0;32;5;40;100mX[0;31;5;40;100m8[0;30;5;40;100mS[0;31;5;40;100mSS[0;32;5;40;100mS[0;31;5;40;100m@[0;32;5;40;100m8[0;1;30;90;40m8[0;30;5;40;100mX[0;1;30;90;40m8[0;33;5;40;100m8[0;1;30;90;40m88[0;30;5;40;100mX[0;1;30;90;40m8[0;30;5;40;100m@[0;1;30;90;40m8888[0;30;5;40;100m8@X[0;31;5;40;100mS[0;30;5;40;100m8[0m
[0;33;5;40;100m8[0;30;5;40;100m@[0;32;43m8[0;31;5;40;100m@[0;31;40m8[0;1;30;90;43mt[0;32;5;40;100m8[0;30;41m8[0;32;5;40;100m@[0;31;40m8[0;33;5;40;100m8[0;1;30;90;41m8[0;1;30;90;42m8[0;31;5;40;100mX[0;33;5;40;100m8S%[0;35;5;40;100m:[0;33;5;40;100mt.  [0;37;5;40;100m8[0;33;5;40;100m. [0;37;5;40;100m88S888888888[0;33;5;40;100m;.  ;Stt%S[0;31;5;40;100mX[0;33;5;40;100m@;:;;t[0;35;5;40;100mt[0;33;5;40;100mSS[0;31;5;40;100mX[0;33;5;40;100mS;;:;:;t8[0;30;5;40;100m8[0;31;5;40;100mS[0;33;5;40;100mttt%[0;35;5;40;100mS[0;33;5;40;100mXX[0;1;30;90;40m8[0;33;5;40;100m%%%S[0;31;5;40;100m@[0;33;5;40;100m8[0;30;5;40;100m8S@@[0;31;5;40;100mX[0;30;5;40;100m@[0;1;30;90;40m88[0;32;40m@[0;30;5;40;100m8SX[0;1;30;90;40m8[0;33;5;40;100m8[0;31;5;40;100m8[0;32;5;40;100mS[0;31;5;40;100mX[0;32;5;40;100mS[0;31;5;40;100m@[0;30;5;40;100mX[0;33;5;40;100m8[0;30;5;40;100m8[0;33;5;40;100m8[0;30;5;40;100m@[0;33;5;40;100m8[0;30;5;40;100m8[0;31;5;40;100mX[0;32;5;40;100mS[0;31;5;40;100m8[0;33;5;40;100m8[0;30;5;40;100m@[0;31;5;40;100mS[0;33;5;40;100mXt;;:S[0;31;5;40;100mS[0;33;5;40;100m:::::;t;[0m
[0;30;5;40;100mX[0;32;40m@[0;31;40m8[0;1;30;90;42m8[0;30;5;40;100mX[0;31;5;40;100mS[0;33;5;40;100m8[0;30;5;40;100m8[0;31;40m@[0;32;5;40;100mX[0;31;5;40;100mX[0;33;5;40;100m;[0;35;5;40;100m [0;37;5;40;100m8X[0;36;5;40;100m    [0;33;5;40;100m   : .:.[0;36;5;40;100m   [0;37;5;40;100m@88[0;1;30;90;47m%; [0;1;37;97;47m%%;;[0;1;30;90;47m:8[0;33;5;40;100m:[0;31;5;40;100mXS[0;33;5;40;100m8[0;31;5;40;100mX[0;33;5;40;100m@SS@[0;31;5;40;100mX[0;33;5;40;100m@[0;31;5;40;100mS[0;33;5;40;100m8[0;31;5;40;100mS[0;33;5;40;100m@@X888[0;31;5;40;100mS[0;33;5;40;100m8[0;31;5;40;100mS[0;30;5;40;100mS[0;31;5;40;100mS[0;33;5;40;100m8[0;30;5;40;100mS[0;33;5;40;100m8[0;30;5;40;100m8[0;33;5;40;100m8[0;30;5;40;100m@[0;33;5;40;100m8[0;30;5;40;100m8[0;31;5;40;100mS[0;32;5;40;100mS[0;31;5;40;100m8[0;30;5;40;100m@@[0;1;30;90;40m8[0;1;30;90;42m8[0;31;40m@[0;32;5;40;100mX[0;31;40m8[0;1;30;90;43mt[0;32;40m8[0;32;5;40;100mS[0;31;40m@[0;32;43m8[0;31;5;40;100mS[0;32;40m8[0;30;41m8[0;30;42m@[0;33;41m8[0;30;42m8[0;1;30;90;40m8[0;32;40m8[0;31;5;40;100mX[0;32;40m8[0;33;41m8[0;32;40m8[0;30;5;40;100m@[0;31;40m8[0;32;5;40;100m@[0;31;40mX[0;32;5;40;100m@[0;33;5;40;100m8 [0;37;5;40;100m@X@888S[0;35;5;40;100m  :[0;30;5;40;100m8[0;34;40m%[0;1;30;90;40m88[0;30;5;40;100m@@@[0;31;5;40;100m@[0;30;5;40;100m@XX[0m
[0;30;5;40;100mS[0;31;5;40;100mS[0;32;40m8[0;1;30;90;41m8[0;32;40m8[0;30;5;40;100mX[0;32;5;40;100mS[0;33;5;40;100mX[0;36;5;40;100m:[0;33;5;40;100m%[0;30;5;40;100mS[0;36;5;40;100m@[0;30;5;40;100m@8X[0;36;5;40;100mS[0;30;5;40;100m@[0;1;30;90;40mS@8@@@@XXX8[0;30;5;40;100m8[0;1;30;90;40m8[0;32;40m%[0;1;30;90;40m@8888[0;33;5;40;100m8[0;1;30;90;47m.[0;1;37;97;47mt [0;33;5;40;100m:[0;36;5;40;100m.[0;37;5;40;100mX[0;32;5;40;100m8[0;31;40mS[0;32;5;40;100m@[0;32;40m8[0;31;5;40;100m@[0;32;40m8[0;31;5;40;100m@[0;32;40m8[0;33;5;40;100m8[0;32;40mX[0;31;5;40;100mS[0;32;40m8[0;33;5;40;100m8[0;32;40mX[0;31;5;40;100m@[0;32;40m@[0;31;5;40;100m8[0;1;30;90;40m8[0;33;5;40;100m8[0;31;40m8[0;32;5;40;100mS[0;32;40m8[0;1;30;90;43m.[0;32;40mX[0;31;5;40;100mS[0;32;40m8[0;31;5;40;100mS[0;32;40m8[0;31;5;40;100mS[0;30;42m8[0;1;30;90;41m8[0;1;30;90;42m8[0;30;41m8[0;1;30;90;42m8[0;33;41m8[0;1;30;90;42m8[0;33;41m8[0;1;30;90;42m8[0;1;30;90;41m8[0;1;30;90;42m8[0;33;41m8[0;1;30;90;42m8[0;30;5;40;100mX[0;1;30;90;43m;[0;31;40m8[0;1;30;90;43mS[0;1;30;90;40m8[0;1;30;90;43m.[0;30;5;40;100mX[0;1;30;90;43m;[0;1;30;90;40m8[0;32;5;40;100m8[0;1;30;90;41m8[0;33;5;40;100m8[0;31;40m8[0;1;30;90;43mt[0;1;30;90;40m8[0;32;5;40;100mX[0;1;30;90;41m8[0;33;42m@[0;31;5;40;100mX[0;33;5;40;100m%[0;1;30;90;47m888[0;37;5;40;100m8@[0;33;5;40;100m .t[0;30;5;40;100m8[0;1;30;90;40m888888[0;30;5;40;100m8[0;1;30;90;40m88@@@8888[0m
[0;32;40mS[0;31;40m8[0;33;5;40;100m8[0;32;5;40;100m@[0;31;5;40;100mX[0;1;30;90;40m8[0;31;40m;[0;32;40mt[0;1;30;90;40mXX[0;30;5;40;100m88[0;32;5;40;100mX[0;30;5;40;100m8[0;1;30;90;40m8X[0;34;40mt[0;1;30;90;40mS@@XX[0;30;5;40;100m8[0;32;40m@[0;1;30;90;40m88@8[0;30;5;40;100m8[0;1;30;90;40m8@8[0;30;5;40;100m8[0;1;30;90;40m8[0;30;5;40;100m8[0;1;30;90;40m8[0;34;40m%[0;37;5;40;100m8[0;1;37;97;47m%t[0;37;5;40;100m8[0;30;5;40;100mS[0;36;5;40;100m [0;35;5;40;100m:[0;32;40m@[0;1;30;90;41m8[0;30;42m8[0;31;5;40;100mS[0;32;40m8[0;1;30;90;41m8[0;30;42m8[0;1;30;90;41m8[0;1;30;90;42m8[0;31;40m8[0;33;5;40;100m8[0;32;40mS[0;33;5;40;100m8[0;31;40m@[0;33;5;40;100m8[0;32;40m8[0;31;5;40;100mS[0;30;42m8[0;1;30;90;43m;[0;31;40m8[0;33;5;40;100m8[0;31;40m@[0;33;5;40;100m8[0;32;40m8[0;1;30;90;43m%[0;31;40m8[0;33;5;40;100m8[0;31;40m8[0;33;5;40;100m8[0;32;40m8[0;1;30;90;43m;[0;30;5;40;100m@[0;31;40m8[0;1;30;90;42m8[0;30;41m8[0;1;30;90;42m8[0;30;41m8[0;1;30;90;42m8[0;30;41m8[0;1;30;90;42m8[0;31;40m8[0;32;5;40;100mX[0;31;40mX[0;32;5;40;100m8[0;32;40mX[0;31;5;40;100mX[0;32;40m8[0;33;5;40;100m8[0;32;40mX[0;1;30;90;41m8[0;30;42m8[0;31;40m8[0;33;42m8[0;30;5;40;100m8[0;32;40m8[0;1;30;90;41m8[0;30;42m8[0;33;5;40;100mt[0;37;5;40;100m8[0;1;30;90;47m@8[0;33;5;40;100m  :S[0;32;5;40;100m@X[0;30;5;40;100m8[0;1;30;90;40m@[0;30;5;40;100m8@XS[0;32;5;40;100mS[0;30;5;40;100m8X@X[0;1;30;90;40m8@8888[0;30;5;40;100m8[0;1;30;90;40m8[0m
[0;33;5;40;100m8[0;36;5;40;100m:[0;30;5;40;100m8[0;34;40m;[0;32;40m.S[0;30;5;40;100m8[0;1;30;90;40mS[0;32;40mt%[0;1;30;90;40m8[0;30;5;40;100m8[0;32;40mt[0;1;30;90;40m@[0;32;40m%[0;1;30;90;40m8[0;31;40m;[0;1;30;90;40mX8888[0;30;5;40;100m8[0;1;30;90;40m888@8[0;30;5;40;100m8[0;32;40mX[0;1;30;90;40m@XXX[0;32;40mS[0;30;5;40;100m8[0;32;40mt[0;35;5;40;100m.[0;1;37;97;47m;.[0;1;30;90;47m:[0;30;5;40;100mX[0;36;5;40;100mS[0;1;30;90;40m8[0;31;40m%[0;32;5;40;100m8[0;31;40m8[0;32;40m8[0;31;5;40;100mX[0;32;40m8[0;1;30;90;41m8[0;30;42m8[0;33;41m8[0;30;42m8[0;1;30;90;41m8[0;32;40m8[0;31;5;40;100mS[0;30;42m8[0;31;5;40;100mX[0;30;42m8[0;33;41m8[0;32;40m@[0;30;5;40;100m@[0;1;30;90;42m8[0;31;40m8[0;32;5;40;100m@[0;33;5;40;100m8[0;1;30;90;41m8[0;32;5;40;100m8S[0;33;42m8[0;31;5;40;100mS[0;32;40m8[0;1;30;90;41m8[0;32;40m@[0;33;5;40;100m8[0;32;40m8[0;33;5;40;100m8[0;32;40m8[0;33;5;40;100m8[0;31;5;40;100mS[0;30;42m8[0;33;5;40;100m8[0;31;40m8[0;32;5;40;100mX[0;31;40m8[0;32;5;40;100mS[0;30;41m8[0;32;5;40;100m8[0;31;40m@[0;32;5;40;100mX[0;31;40m8[0;32;5;40;100mS[0;32;40m8[0;31;43m8[0;1;30;90;42m8[0;31;40m8[0;33;5;40;100m8[0;32;5;40;100mS[0;1;30;90;40m8[0;33;5;40;100m;[0;35;5;40;100m.[0;36;5;40;100m [0;37;5;40;100mX[0;36;5;40;100m. ;[0;32;5;40;100m@[0;30;5;40;100m88[0;34;40mX[0;30;5;40;100m8@888[0;1;30;90;40m8[0;34;40mS[0;30;5;40;100m8[0;1;30;90;40m@@8[0;32;40m%[0;34;40m%[0;1;30;90;40mS[0;34;40m;[0;32;40mt[0;34;40mt[0;32;40m:[0;34;40m;[0m
[0;30;5;40;100m@[0;1;30;90;40mX[0;30;5;40;100mS[0;36;5;40;100mt[0;1;30;90;40mX8[0;34;40m;[0;31;40m:[0;34;40mt[0;1;30;90;40m8[0;32;40mt[0;1;30;90;40mXXXS[0;34;40mt[0;1;30;90;40mXX@8[0;30;5;40;100m8[0;1;30;90;40m8[0;30;5;40;100m88@X[0;32;5;40;100mS[0;34;5;40;100mX[0;32;5;40;100mS[0;35;5;40;100mX[0;36;5;40;100mt[0;33;5;40;100m:[0;36;5;40;100m  [0;35;5;40;100m [0;37;5;40;100mSX[0;1;30;90;47m@:: [0;37;5;40;100m8[0;33;5;40;100m   8[0;32;40mX[0;1;30;90;41m8[0;30;42m8[0;1;30;90;41m8[0;30;42m8[0;31;5;40;100m@[0;32;40m8[0;31;5;40;100mS[0;32;40m8[0;1;30;90;41m8[0;32;40m8[0;31;40m8[0;30;42m@[0;1;30;90;41m8[0;32;40m8[0;30;5;40;100m8[0;31;40m8[0;1;30;90;42m8[0;31;40m8[0;1;30;90;42m8[0;31;40mX[0;32;40m8[0;31;40m88[0;32;40m8[0;33;5;40;100m8[0;31;40m8[0;1;30;90;42m8[0;30;41m8[0;30;42m8[0;1;30;90;41m8[0;32;40m8[0;1;30;90;41m8[0;32;40m8[0;33;41m8[0;1;30;90;40m8[0;30;5;40;100mS[0;32;43m8[0;31;40m@[0;32;5;40;100m@[0;31;40m@[0;32;40m8[0;1;30;90;41m8[0;32;40m8[0;33;5;40;100m8@%[0;35;5;40;100m  [0;37;5;40;100m@8X@[0;1;30;90;47m8[0;37;5;40;100mS[0;35;5;40;100m [0;36;5;40;100m :%[0;32;5;40;100m8[0;1;30;90;40m8[0;30;5;40;100m8[0;1;30;90;40m8@[0;31;40m;[0;32;40m;[0;1;30;90;40mX[0;34;40m:[0;32;40mt[0;1;30;90;40m8[0;34;40mt[0;1;30;90;40m8[0;32;40m%[0;1;30;90;40mX[0;32;40mt[0;1;30;90;40m@@SX@@@@@[0m
[0;37;5;40;100mX@[0;36;5;40;100m [0;35;5;40;100m ;[0;36;5;40;100m [0;1;30;90;47m8[0;37;5;40;100m88[0;1;30;90;47m88888X@@@XXXSSSSSX8X@88@XSXXX%[0;37;5;40;100m8[0;1;30;90;41m@X[0;33;5;40;100m; :[0;30;5;40;100m8[0;32;40m@[0;1;30;90;40m8[0;32;40m8[0;1;30;90;41m8[0;32;40m8[0;31;40m8[0;30;42m8[0;31;40m8[0;30;42m8[0;32;40m@[0;31;5;40;100mS[0;32;40m8[0;1;30;90;41m8[0;32;40m8[0;31;40m8[0;1;30;90;42m8[0;31;40m@[0;32;40m8[0;31;5;40;100mX[0;32;40m@[0;31;5;40;100m@[0;32;40m8[0;32;5;40;100mS[0;31;40m8[0;30;5;40;100m@[0;32;40m@[0;1;30;90;40m8[0;31;40m8[0;32;5;40;100mS[0;31;40m8[0;32;5;40;100m@[0;31;40m8[0;32;5;40;100mX[0;31;40m8[0;1;30;90;42m8[0;31;40m8[0;32;40m8[0;31;40m8[0;32;5;40;100m@[0;31;40m@[0;32;5;40;100mS[0;31;40m8[0;33;5;40;100m;[0;36;5;40;100m [0;35;5;40;100m ::.[0;33;5;40;100m.[0;35;5;40;100m;[0;33;5;40;100m%[0;34;5;40;100mX[0;31;5;40;100mS[0;30;5;40;100m8@@8[0;1;30;90;40m8@X8@88[0;34;40m;[0;31;40m:[0;34;40m.[0;31;40m;[0;1;30;90;40mX[0;34;40mt[0;1;30;90;40m8[0;32;40mt[0;31;40m%[0;34;40m%[0;1;30;90;40mX888[0;31;40m;[0;34;40m;[0;31;40m;[0;32;40m;[0;31;40m;[0;34;40m;[0m
[0;33;5;40;100m:[0;36;5;40;100m: .[0;33;5;40;100m;[0;36;5;40;100m:[0;33;5;40;100m;[0;36;5;40;100m;[0;33;5;40;100m;[0;35;5;40;100m:[0;36;5;40;100m;[0;33;5;40;100m;[0;36;5;40;100m;[0;35;5;40;100m.[0;33;5;40;100m..  [0;36;5;40;100m     [0;33;5;40;100m [0;36;5;40;100m [0;37;5;40;100mS[0;33;5;40;100m [0;37;5;40;100mX[0;33;5;40;100m  [0;37;5;40;100m88[0;1;30;90;47m8[0;37;5;40;100m8XX88[0;1;30;90;47m@[0;33;5;40;100m:[0;31;5;40;100m@[0;35;5;40;100mS[0;31;5;40;100mX[0;33;5;40;100m; @[0;31;40m@[0;30;5;40;100mS[0;31;40m@[0;30;42m8[0;31;40m8[0;32;5;40;100m8[0;31;40mX[0;32;40m8[0;30;41m8[0;1;30;90;40m8[0;32;40m%[0;31;40m@[0;32;40m8[0;1;30;90;40m8[0;32;40mX[0;31;40m@[0;32;5;40;100m@[0;1;30;90;41m8[0;32;40mX[0;31;40mX[0;32;40m@[0;31;40m8[0;32;40m%X[0;31;40mS[0;32;40mX[0;31;40m8[0;30;42m8[0;31;40mX[0;32;40mS[0;31;40mt[0;32;40mS[0;31;40mX[0;32;40m8[0;31;40mX[0;32;40m@[0;31;40m@[0;32;40m@[0;31;40m@[0;32;40m8[0;31;40mS[0;32;5;40;100m8[0;33;5;40;100m.[0;30;5;40;100m88[0;36;5;40;100m .[0;33;5;40;100m%[0;34;5;40;100m@[0;32;5;40;100mS[0;35;5;40;100m;[0;1;30;90;40m8[0;32;40mt[0;1;30;90;40mS@[0;30;5;40;100m8[0;1;30;90;40m888X[0;31;40mt[0;34;40m:[0;32;40m:[0;31;40m;[0;32;40m:[0;34;40m.[0;32;40m:[0;34;40m:[0;32;40m:[0;31;40m:[0;32;40m.[0;34;40m:[0;32;40m:[0;31;40m:[0;34;40m..[0;31;40m [0;34;40m.[0;32;40m::[0;34;40m:[0;31;40m:[0;34;40m:[0;32;40m:[0m
[0;33;5;40;100mt[0;34;5;40;100mS[0;33;5;40;100mX[0;34;5;40;100mX[0;33;5;40;100mX[0;34;5;40;100mX[0;33;5;40;100mX[0;34;5;40;100mX[0;33;5;40;100mX[0;30;5;40;100mX[0;33;5;40;100mt[0;35;5;40;100mS[0;33;5;40;100mt[0;36;5;40;100m%[0;31;5;40;100mS[0;36;5;40;100m%[0;33;5;40;100mt[0;36;5;40;100m:[0;33;5;40;100m;[0;36;5;40;100m.[0;33;5;40;100m.       [0;1;30;90;47m@X%%;[0;1;37;97;47m.[0;1;30;90;47m %[0;37;5;40;100m8X[0;33;5;40;100m [0;1;30;90;41m8[0;30;41mt[0;1;30;90;41m%[0;31;5;40;100mX[0;36;5;40;100m;[0;33;5;40;100m  ;%.[0;37;5;40;100m8[0;33;5;40;100mt: [0;37;5;40;100m8[0;33;5;40;100m:: [0;1;30;90;47mS[0;33;5;40;100mX.[0;1;30;90;47m8[0;33;5;40;100mS:...[0;1;30;90;47m8[0;1;30;90;43m8[0;37;5;40;100mX[0;33;5;40;100m;::.:;;;:.   . ..S[0;31;5;40;100m%[0;1;30;90;40m8[0;34;40mt[0;33;5;40;100mt[0;36;5;40;100m [0;35;5;40;100m [0;37;5;40;100mSX[0;33;5;40;100m X[0;34;40m;[0;1;30;90;40mX8@[0;34;40m;[0;32;40mt[0;31;40m;[0;34;40m;[0;32;40m;[0;34;40m;[0;32;40mt[0;1;30;90;40mX[0;34;40m:[0;31;40m..[0;34;40m.[0;31;40m.[0;34;40m.[0;32;40m.[0;31;40m..[0;34;40m:[0;32;40m:[0;31;40m.[0;32;40m.[0;31;40m.[0;34;40m.[0;31;40m..[0;32;40m.[0;34;40m.[0;32;40m.[0;31;40m.[0m
[0;33;5;40;100m%[0;30;5;40;100mXS[0;33;5;40;100mX[0;30;5;40;100m8SXSS[0;34;5;40;100m%[0;30;5;40;100mX[0;32;5;40;100mX[0;31;5;40;100mS[0;30;5;40;100mS[0;32;5;40;100mX[0;31;5;40;100mS[0;34;5;40;100mS[0;33;5;40;100m@[0;34;5;40;100mS[0;33;5;40;100mS[0;36;5;40;100mt[0;33;5;40;100mt:..:..[0;30;5;40;100m@[0;31;40mt[0;32;40m;[0;31;40m:[0;32;40m:[0;31;40mt[0;36;5;40;100m%[0;37;5;40;100m8[0;1;30;90;47m%8[0;37;5;40;100m@[0;33;5;40;100m [0;37;5;40;100mX[0;36;5;40;100m..[0;33;5;40;100m.[0;37;5;40;100m@8[0;33;5;40;100m;[0;37;5;40;100m8[0;1;30;90;43m8[0;33;5;40;100m.:.[0;1;30;90;43m8[0;37;5;40;100mX[0;33;5;40;100m;.[0;1;30;90;43m8[0;33;5;40;100m::;t  [0;37;43m8[0;33;5;40;100m [0;1;30;90;43m8[0;33;5;40;100m  t;::.:..:::::.::. ;[0;30;5;40;100m@[0;1;30;90;40m@X[0;34;40mt[0;1;30;90;40m@[0;34;40m;[0;31;40m;[0;32;40m:[0;31;40m:[0;34;40m.[0;31;40m;[0;34;40m:[0;32;40m.[0;31;40m.:[0;34;40m;[0;32;40m;[0;31;40m;[0;34;40m:[0;31;40m;[0;34;40m:[0;31;40m.[0;32;40m.[0;34;40m.[0;32;40m.[0;31;40m.[0;32;40m.[0;31;40m.[0;34;40m.[0;32;40m.[0;31;40m.[0;32;40m.[0;31;40m.[0;34;40m.[0;31;40m.[0;32;40m.[0;34;40m.[0;32;40m.[0;34;40m.[0;31;40m.[0;32;40m.[0;31;40m.[0;34;40m.[0m
[0;33;5;40;100mS[0;30;5;40;100m8@8XXXXXX@8@@@XX@X@[0;31;5;40;100mX[0;30;5;40;100mX[0;32;5;40;100mS[0;31;5;40;100mS[0;36;5;40;100mX[0;31;5;40;100m@[0;32;5;40;100mS[0;31;40m:[0;32;40m.[0;34;40m:[0;32;40mt[0;1;30;90;40m@[0;34;40mt[0;31;40mt[0;32;40m [0;31;40m%[0;37;5;40;100m@[0;33;5;40;100m   [0;1;30;90;47m8t@[0;37;5;40;100mX[0;33;5;40;100mS[0;30;5;40;100m@[0;33;5;40;100m%%:;; .%;: ;;tt;t;. ;::::.[0;33;47m8[0;33;5;40;100m:.:....[0;1;30;90;43m8[0;37;5;40;100mX[0;33;5;40;100m%:;.%%[0;1;30;90;40m8[0;31;40m:[0;32;40m;[0;31;40mt[0;32;40m%[0;34;40m;[0;31;40m:[0;34;40m.[0;32;40m.[0;34;40m:[0;32;40m.[0;31;40m.[0;34;40m.[0;32;40m;[0;31;40mt[0;30;5;40;100m8[0;32;40m;[0;30;5;40;100m8[0;32;40m:[0;31;40m:[0;34;40m.[0;31;40m.[0;32;40m.[0;34;40m.[0;31;40m [0;34;40m.[0;32;40m  [0;34;40m .[0;31;40m [0;34;40m [0;32;40m [0;34;40m  [0;31;40m.[0;34;40m.[0;32;40m.[0;34;40m.[0;31;40m.[0;34;40m.[0;32;40m.[0m
[0;30;5;40;100mX@@@@X@@@@@@X88XXXXX@X@@8@[0;34;40mt[0;31;40m.[0;32;40mt[0;35;5;40;100m;[0;31;40m%[0;33;5;40;100m;[0;1;30;90;40m8X[0;32;40mt[0;34;40m:[0;33;5;40;100mX[0;36;5;40;100m [0;33;5;40;100m t[0;30;5;40;100mSX8[0;32;40m%[0;31;40mt[0;1;30;90;40m8[0;31;5;40;100m8[0;30;5;40;100m8[0;31;5;40;100m8X[0;33;5;40;100m8[0;31;5;40;100m8[0;33;5;40;100m8[0;31;5;40;100m8S[0;33;5;40;100m8[0;31;5;40;100m@[0;33;5;40;100m8[0;31;5;40;100m8SS[0;33;5;40;100m8[0;31;5;40;100m8S[0;33;5;40;100m8[0;31;5;40;100m@[0;33;5;40;100m8[0;31;5;40;100m8[0;33;5;40;100m8[0;31;5;40;100m@[0;33;5;40;100m8[0;31;5;40;100mXX[0;33;5;40;100m8[0;31;5;40;100mS[0;33;5;40;100m8[0;31;5;40;100mX[0;33;5;40;100m8[0;31;5;40;100mS[0;33;5;40;100m8[0;31;5;40;100m88XS[0;33;5;40;100m8[0;31;5;40;100m8[0;1;30;90;40m8[0;31;40m%[0;32;40mt[0;34;40m;[0;31;40m:[0;34;40m;[0;31;40m;[0;32;40m:[0;34;40m.[0;32;40m.[0;31;40m:[0;32;40m.[0;31;40m.[0;32;40m.[0;34;40m:[0;1;30;90;40mS8S[0;30;5;40;100m@[0;31;40mt[0;1;30;90;40m8X[0;32;40m.[0;31;40m.[0;34;40m.[0;31;40m:[0;32;40m:[0;31;40m:[0;32;40m;[0;34;40m;[0;31;40m;[0;32;40m;[0;34;40m;[0;31;40m;[0;32;40m;[0;34;40m;[0;31;40m;[0;32;40m;[0;34;40m;[0;31;40m;[0;32;40m;[0;34;40m;[0;31;40m;[0;32;40m;[0m
[0;33;5;40;100mS[0;30;5;40;100mX[0;33;5;40;100mt[0;34;5;40;100mS[0;33;5;40;100m@[0;30;5;40;100mS[0;33;5;40;100m%[0;31;5;40;100mS[0;32;5;40;100mS[0;31;5;40;100mS[0;33;5;40;100m%[0;30;5;40;100m%[0;33;5;40;100m%[0;30;5;40;100mS[0;33;5;40;100m%[0;30;5;40;100mS[0;33;5;40;100mS[0;30;5;40;100mS[0;33;5;40;100mS[0;30;5;40;100mS[0;33;5;40;100mt[0;34;5;40;100m%[0;33;5;40;100mS[0;30;5;40;100m@8[0;1;30;90;40m8[0;31;40m:[0;32;40m;[0;30;5;40;100m8@[0;33;5;40;100m:t[0;30;5;40;100mX@[0;1;30;90;40mS[0;34;40m .[0;32;40m:[0;31;40m:[0;32;40m.[0;31;40m:[0;32;40mt[0;31;40mX[0;1;30;90;40m8888[0;31;40m@[0;32;5;40;100m8[0;31;40mX[0;1;30;90;40m8[0;30;5;40;100m8[0;31;40m8[0;30;5;40;100m88[0;1;30;90;40m8[0;31;5;40;100m8[0;1;30;90;40m@[0;30;5;40;100m@@[0;1;30;90;40m8[0;30;5;40;100m88[0;1;30;90;40m8[0;31;5;40;100m8[0;1;30;90;40m8[0;30;5;40;100m88[0;1;30;90;40m8[0;31;5;40;100m8[0;1;30;90;40m@[0;30;5;40;100m8[0;1;30;90;40m88[0;31;5;40;100m8[0;1;30;90;40m@88[0;31;40m8[0;30;5;40;100m8[0;1;30;90;40m@[0;32;40mX[0;1;30;90;40m8[0;31;40mS[0;1;30;90;40m@[0;32;40mS[0;1;30;90;40m8@[0;31;40mS[0;1;30;90;40mS[0;32;40mt[0;31;40m;[0;34;40m;[0;32;40m:[0;31;40m:[0;34;40m:[0;32;40m.[0;34;40m.[0;32;40m.[0;31;40m.[0;32;40m:[0;1;30;90;40mX@[0;30;5;40;100m8[0;33;5;40;100m;[0;36;5;40;100mt[0;31;40mt[0;30;5;40;100m8[0;32;40m;[0;34;40m:[0;31;40m.[0;32;40m:[0;34;40m::[0;31;40m;[0;32;40m;[0;34;40m;[0;31;40m;[0;32;40m;[0;34;40m;[0;31;40m;[0;32;40m;[0;34;40m;[0;31;40m;[0;32;40m;[0;34;40m;[0;31;40m;[0;32;40m;[0;34;40m;[0;31;40m:[0m
