[0;1;37;97;47m;t;t;;::..:........::;;;t%%%%%S%SSSSSSSSXX@@8@[0;37;5;47;107m8[0;1;37;97;47m8[0;37;5;47;107m8[0;1;37;97;47m8[0;37;5;47;107m8@SSSSSSX88[0;1;37;97;47m8[0;37;5;47;107m8[0;1;37;97;47m@[0;37;5;47;107m8[0;1;37;97;47mX@[0;37;5;47;107m8[0;1;37;97;47m@@@@@@@[0;37;5;47;107m888888888XXSS%%%%SSSS%SSSSXS%%%%%%%S%S%S%S%SSSSSSSSSXXX[0m
[0;1;37;97;47m;;t;;;;::::::;;;:;:;;tt%SSSSSSSSSSXXXXXXXXX@8[0;37;5;47;107m8[0;1;37;97;47m8[0;37;5;47;107m888@SS%SSSX@88[0;1;37;97;47m@@@@@@@[0;37;5;47;107m8[0;1;37;97;47m@[0;37;5;47;107m8[0;1;37;97;47m@[0;37;5;47;107m8[0;1;37;97;47mX[0;37;5;47;107m8[0;1;37;97;47mX[0;37;5;47;107m88888@X%S%%%%%%tt%%ttt%SSS%%S%%S%S%%%S%%%SXXSXSSSXX@@@[0m
[0;1;37;97;47m;;;t;;;;;;;tt%tt%%tttSSX@@XXXXXXSXXXXSXX@XX8[0;37;5;47;107m8[0;1;37;97;47m@[0;37;5;47;107m888@XXXX@XX@88[0;1;37;97;47m@[0;37;5;47;107m8[0;1;37;97;47m@@@[0;37;5;47;107m8[0;1;37;97;47mX@@@@[0;37;5;47;107m8[0;1;37;97;47mXX@[0;37;5;47;107m88888@@XXSXXXXSS%ttttt%t%%%%S%SS%S%S%S%%SSXSX@XXX@@@888[0m
[0;1;37;97;47m%%ttttttt%SXXX@@[0;37;5;47;107m888[0;1;37;97;47m@XXX@@@@@@X@XX@@XXSXXSXX@[0;37;5;47;107m88888@@@@8@@88[0;1;37;97;47m@8@@@@@X@[0;37;5;47;107m8[0;1;37;97;47m@[0;37;5;47;107m8[0;1;37;97;47m@@[0;37;5;47;107m8[0;1;37;97;47m@[0;37;5;47;107m8[0;1;37;97;47m@[0;37;5;47;107m888@@@@@@@8@8@SS%%t%t%%%S%%S%S%S%S%%SSSSXXXXXXX@@8888[0;1;37;97;47m8[0m
[0;1;37;97;47mSXXXSSXXXX@[0;37;5;47;107m8[0;1;37;97;47m@[0;37;5;47;107m88XXSSSX@888[0;1;37;97;47m@88[0;37;5;47;107m8[0;1;37;97;47m@@X@@@XXXXSXX@@@[0;37;5;47;107m8888[0;1;37;97;47m8[0;37;5;47;107m88[0;1;37;97;47m@[0;37;5;47;107m8[0;1;37;97;47m@[0;37;5;47;107m8[0;1;37;97;47mX@8@@X@X@@@@[0;37;5;47;107m8[0;1;37;97;47m@[0;37;5;47;107m8[0;1;37;97;47mX[0;37;5;47;107m888888@@@8888888888@XXSXS%S%%S%SS%SSSSSSSSSXXX@8@@8@888[0;1;37;97;47m@[0;37;5;47;107m8[0;1;37;97;47m8[0m
[0;1;37;97;47m@88[0;37;5;47;107m8[0;1;37;97;47m@[0;37;5;47;107m888888888@S%S%t%%%S888[0;1;37;97;47m8[0;37;5;47;107m88@8[0;1;37;97;47m@8@XXXSSXXX@@[0;37;5;47;107m8[0;1;37;97;47m@8@@@@@@@X@@@@@@@@@@[0;37;5;47;107m8[0;1;37;97;47m@[0;37;5;47;107m88[0;1;37;97;47m@[0;37;5;47;107m8[0;1;37;97;47m@[0;37;5;47;107m88888@@88888[0;1;37;97;47mX[0;37;5;47;107m8[0;1;37;97;47m@[0;37;5;47;107m88888888@XXSS%S%%SSSSSSSSXXX88888888[0;1;37;97;47m@@[0;37;5;47;107m8[0;1;37;97;47m@88[0m
[0;1;37;97;47m8[0;37;5;47;107m888888@X@@@XXSS%%%%t%tt%S@8888@8[0;1;37;97;47m8@@@SSSSX@@@8[0;37;5;47;107m88[0;1;37;97;47m@@@@@@@@@@@@@@@[0;37;5;47;107m8[0;1;37;97;47m@[0;37;5;47;107m888[0;1;37;97;47m@[0;37;5;47;107m8888888888888[0;1;37;97;47mX@[0;37;5;47;107m8[0;1;37;97;47mX@[0;37;5;47;107m8[0;1;37;97;47mS[0;37;5;47;107m8[0;1;37;97;47mX[0;37;5;47;107m8[0;1;37;97;47m@[0;37;5;47;107m8888@XSS%%SSSSSSSSSX@@88888888[0;1;37;97;47m@[0;37;5;47;107m8[0;1;37;97;47m@[0;37;5;47;107m8[0;1;37;97;47m@@@[0m
[0;37;5;47;107m8888888@XXXSS%%%%%%%tttttt%S@8@88888[0;1;37;97;47m8@8@@@@@@@@@[0;37;5;47;107m8[0;1;37;97;47mX8@@@@@@@8[0;37;5;47;107m888[0;1;37;97;47m@[0;37;5;47;107m8888888[0;1;37;97;47m@[0;37;5;47;107m88[0;1;37;97;47m@[0;37;5;47;107m8[0;1;37;97;47mX[0;37;5;47;107m8[0;1;37;97;47m@[0;37;5;47;107m8[0;1;37;97;47mXX@@XXXSSXXX@[0;37;5;47;107m8[0;1;37;97;47mS[0;37;5;47;107m888@XSS%%%%SSSXX@8888888888888[0;1;37;97;47mX[0;37;5;47;107m8[0;1;37;97;47mS@@X[0m
[0;37;5;47;107m8[0;1;37;97;47m8[0;37;5;47;107m8888@@@XXSSSSSS%%tttttttt%S@@S@8@@@8888888888[0;1;37;97;47m@[0;37;5;47;107m8[0;1;37;97;47m@[0;37;5;47;107m8[0;1;37;97;47mX8@[0;37;5;47;107m8[0;1;37;97;47mX@[0;37;5;47;107m888888888[0;1;37;97;47m@[0;37;5;47;107m88[0;1;37;97;47m@[0;37;5;47;107m8[0;1;37;97;47m@[0;37;5;47;107m8[0;1;37;97;47mXX@XXS@XX@SSSSSXXXXX[0;37;5;47;107m8888@S@XXX@@@8888888888888888[0;1;37;97;47m@@[0;37;5;47;107m8[0;1;37;97;47mS[0;37;5;47;107m8[0;1;37;97;47mXXX[0m
[0;1;37;97;47m8[0;37;5;47;107m888888@@@XXSSS%%S%%ttttt%%ttSX%%%SXX@88888888888[0;1;37;97;47m@[0;37;5;47;107m8[0;1;37;97;47m@[0;37;5;47;107m8[0;1;37;97;47m@[0;37;5;47;107m888[0;1;37;97;47m@[0;37;5;47;107m888@88888[0;1;37;97;47m8[0;37;5;47;107m888[0;1;37;97;47mX@@[0;37;5;47;107m8[0;1;37;97;47m@@XXSXXS%%SSXXXX[0;37;5;47;107m8[0;1;37;97;47mX[0;37;5;47;107m8888888888888888888888888[0;1;37;97;47m@[0;37;5;47;107m8[0;1;37;97;47m@[0;37;5;47;107m88[0;1;37;97;47m@[0;37;5;47;107m8[0;1;37;97;47mX@XXS[0m
[0;1;37;97;47m@88[0;37;5;47;107m888888@@@XXXSS%%%%%%t%t%%t%SS%SSXXXX@XXX@888[0;1;37;97;47m@[0;37;5;47;107m888888[0;1;37;97;47m@[0;37;5;47;107m8888@X@8888888[0;1;37;97;47m@[0;37;5;47;107m8[0;1;37;97;47m@[0;37;5;47;107m8[0;1;37;97;47mX@XS%%%%%SSSSXXX[0;37;5;47;107m8[0;1;37;97;47mX[0;37;5;47;107m888888888888@8@88@8888888888[0;1;37;97;47m@[0;37;5;47;107m8[0;1;37;97;47mX[0;37;5;47;107m8[0;1;37;97;47m@@@@XXX[0m
[0;1;37;97;47mS@@@@[0;37;5;47;107m88888888@@XXXSXSSSS%%%%SS%SSSSXXXXXSXXX@888888888888XXSX@88888[0;1;37;97;47m8[0;37;5;47;107m88[0;1;37;97;47m8[0;37;5;47;107m8[0;1;37;97;47mXXX%%%%%%XSSSX@[0;37;5;47;107m8[0;1;37;97;47mX@[0;37;5;47;107m8[0;1;37;97;47m@[0;37;5;47;107m88[0;1;37;97;47mX[0;37;5;47;107m8888XX@XXX@XXXSSSX8888[0;1;37;97;47mX[0;37;5;47;107m88[0;1;37;97;47m@[0;37;5;47;107m8[0;1;37;97;47mX[0;37;5;47;107m888[0;1;37;97;47m@@XS[0m
[0;1;37;97;47mSXX@8@@[0;37;5;47;107m8[0;1;37;97;47m@[0;37;5;47;107m888888@@XX@@@XXXSSSXSXSX@XX@X@X@888888888888888@S%SSXX888888888[0;1;37;97;47m@XSS%S%SXXSSSXXX[0;37;5;47;107m8[0;1;37;97;47m@[0;37;5;47;107m888888888@@@@@@@@SSSXXX@@888888888888[0;1;37;97;47m@[0;37;5;47;107m8[0;1;37;97;47m@[0m
[0;1;37;97;47m%SS@88[0;37;5;47;107m8[0;1;37;97;47m@[0;37;5;47;107m8[0;1;37;97;47m8[0;37;5;47;107m8[0;1;37;97;47m@[0;37;5;47;107m88888@@@8@8@8@@@X@8@8@888888888888888888@@@@XS%%S%SSX@@@@8888[0;1;37;97;47mXX@@@@[0;37;5;47;107m8[0;1;37;97;47mXX@XSX@[0;37;5;47;107m8888888888@@@@@@@8@XXX@@@@X@X@8888[0;1;37;97;47m@[0;37;5;47;107m8[0;1;37;97;47m8[0;37;5;47;107m88[0;1;37;97;47m8[0;37;5;47;107m888[0m
[0;1;37;97;47mt%%SXXX8[0;37;5;47;107m8[0;1;37;97;47m88[0;37;5;47;107m8[0;1;37;97;47m@[0;37;5;47;107m8[0;1;37;97;47m@[0;37;5;47;107m88888888888888888888888[0;1;37;97;47m@[0;37;5;47;107m888[0;1;37;97;47m@[0;37;5;47;107m8[0;1;37;97;47m8[0;37;5;47;107m8[0;1;37;97;47m@[0;37;5;47;107m8[0;1;37;97;47m@[0;37;5;47;107m8888@@@XXXSSXSSXXX@@@@8888[0;1;37;97;47m@[0;37;5;47;107m8[0;1;37;97;47m@@X@@X@@[0;37;5;47;107m88888888@@@@@8@8888@@@@@8888888888888[0;1;37;97;47m8[0;37;5;47;107m8[0;1;37;97;47m8[0;37;5;47;107m88[0;1;37;97;47m@88[0m
[0;1;37;97;47mt%%%SSSXX8@@@[0;37;5;47;107m8[0;1;37;97;47m@[0;37;5;47;107m8[0;1;37;97;47m@[0;37;5;47;107m8[0;1;37;97;47m8[0;37;5;47;107m88[0;1;37;97;47m8[0;37;5;47;107m88[0;1;37;97;47m8[0;37;5;47;107m8888[0;1;37;97;47m@[0;37;5;47;107m8[0;1;37;97;47mX@8@XX@[0;37;5;47;107m8[0;1;37;97;47mX@[0;37;5;47;107m8[0;1;37;97;47m@@[0;37;5;47;107m8[0;1;37;97;47mX[0;37;5;47;107m8[0;1;37;97;47m@[0;37;5;47;107m888888XXXXXX@X@X@@88888888[0;1;37;97;47m@[0;37;5;47;107m8[0;1;37;97;47m@[0;37;5;47;107m8[0;1;37;97;47m@[0;37;5;47;107m8[0;1;37;97;47m@[0;37;5;47;107m8[0;1;37;97;47m@[0;37;5;47;107m8888@XXXXX@@@8@8888@@@@@8@888888888[0;1;37;97;47m@8@8[0;37;5;47;107m8[0;1;37;97;47m@@@@[0;37;5;47;107m88[0;1;37;97;47m8[0m
[0;1;37;97;47mttt%%SXX@@@@@X@@[0;37;5;47;107m8[0;1;37;97;47mX[0;37;5;47;107m8[0;1;37;97;47mX[0;37;5;47;107m8[0;1;37;97;47m8[0;37;5;47;107m8[0;1;37;97;47m@[0;37;5;47;107m8[0;1;37;97;47m@8@@@X8@X@@@@X@@@@@@[0;37;5;47;107m8[0;1;37;97;47m@[0;37;5;47;107m8888888888@@8@@@88888888[0;1;37;97;47m888[0;37;5;47;107m8[0;1;37;97;47m@[0;37;5;47;107m8[0;1;37;97;47m@[0;37;5;47;107m888888@@XXSSSSXX@888888888888888888[0;1;37;97;47m@[0;37;5;47;107m8[0;1;37;97;47mXX@@@[0;37;5;47;107m8[0;1;37;97;47mX@888@@@@[0m
[0;1;37;97;47m;ttt%SSSXXXXXX@X@88[0;37;5;47;107m8[0;1;37;97;47m@8@8@@@@XXXSSXSSXX@@@@[0;37;5;47;107m8[0;1;37;97;47m@[0;37;5;47;107m8[0;1;37;97;47m@[0;37;5;47;107m8[0;1;37;97;47m@@888[0;37;5;47;107m8[0;1;37;97;47m8[0;37;5;47;107m88888888888@XXX@8888888@@@XXXXXXXXXX@@@@888[0;1;37;97;47m@[0;37;5;47;107m8[0;1;37;97;47mX[0;37;5;47;107m8[0;1;37;97;47m@[0;37;5;47;107m88[0;1;37;97;47m@[0;37;5;47;107m8[0;1;37;97;47m8[0;37;5;47;107m8[0;1;37;97;47m@[0;37;5;47;107m8[0;1;37;97;47mXX@@XX[0;37;5;47;107m8[0;1;37;97;47mXX@X[0;37;5;47;107m8[0;1;37;97;47mX@@@@X@@[0m
[0;1;37;97;47m%%%SSS%S%%SSXXXX@@@X@@@XSSS%%%t%SSSXXX@@@@@@@[0;37;5;47;107m8[0;1;37;97;47mX[0;37;5;47;107m8[0;1;37;97;47m@[0;37;5;47;107m8[0;1;37;97;47m@@8[0;37;5;47;107m8[0;1;37;97;47m8[0;37;5;47;107m88888@@@@SSSSSSSXX@@XXX@@8@@@88888888888[0;1;37;97;47mXX@X[0;37;5;47;107m8[0;1;37;97;47mS@XX@@@@@X@@@@@XtS%;%%X@XSS@@S[0m
[0;1;30;90;47m. [0;1;37;97;47m.[0;1;30;90;47m;8[0;1;37;97;47m:;%SSS%SSSXSXSSSS%%ttttt%%%%S%%SX@@@@[0;37;5;47;107m8[0;1;37;97;47mX@@@@X@@[0;37;5;47;107m8[0;1;37;97;47mX8[0;37;5;47;107m8[0;1;37;97;47m@[0;37;5;47;107m8[0;1;37;97;47m8[0;37;5;47;107m888@XSSSSSXXXXXXSX@88888888888888[0;1;37;97;47m@@XX@@@XSX@XXXXXXXXXXXXSSS  [0;1;30;90;47mt[0;1;37;97;47m.:[0;1;30;90;47m:[0;1;37;97;47m %:  ..[0m
[0;1;37;97;47m::% [0;1;30;90;47mt[0;1;37;97;47mS;.  .;t%%%tttt;;;:;t;ttt%SSSSSSXX@XXX@X@@@[0;37;5;47;107m8[0;1;37;97;47mX[0;37;5;47;107m8[0;1;37;97;47mX[0;37;5;47;107m8[0;1;37;97;47mX8[0;37;5;47;107m8[0;1;37;97;47m@[0;37;5;47;107m8888X%%%S@@88@@XXS%S@88888[0;1;37;97;47m8[0;37;5;47;107m88[0;1;37;97;47mX[0;37;5;47;107m8[0;1;37;97;47mX@@@@@@XXSSXXSSS%%%%%%%t%::.  [0;1;30;90;47mX888[0;37;5;40;100mX[0;35;5;40;100m%[0;34;5;40;100mS[0;30;5;40;100m@[0;34;5;40;100mS[0;1;30;90;40m8[0;30;5;40;100m8[0;31;5;40;100m@[0m
[0;1;37;97;47m;:t[0;1;30;90;47m%;[0;1;37;97;47mt; [0;1;30;90;47mS[0;1;37;97;47m . [0;1;30;90;47m8[0;1;37;97;47m .;;t%t%t%%%%%%SSSSSXXXXXXXX@@@@[0;37;5;47;107m8[0;1;37;97;47mXXS@XXX@@@[0;37;5;47;107m8[0;1;37;97;47mXX@[0;37;5;47;107m888888888X@888888[0;1;37;97;47m8[0;37;5;47;107m8[0;1;37;97;47m8[0;37;5;47;107m8[0;1;37;97;47m@@XXXXX@XXS%%%%%S%%tttttt%tt; [0;1;30;90;47m@[0;37;5;40;100mX[0;1;30;90;47m8%St@8[0;36;5;40;100m [0;35;5;40;100m. .[0;30;5;40;100m8[0;31;5;40;100mS[0;1;30;90;40m8[0;33;5;40;100m8[0;1;30;90;40m8[0;31;5;40;100m@[0;32;40m8[0m
[0;1;37;97;47m;tS[0;1;30;90;47mS[0;1;37;97;47m.;S[0;1;30;90;47mX[0;35;5;40;100m [0;1;37;97;47m;t.[0;1;30;90;47mt[0;1;37;97;47m;;:tttS%S@X%%%%%%SSSXSSSXXSX@S%tS@SSSSS:XSSt [0;1;30;90;47m@t[0;1;37;97;47mt@@@@88[0;37;5;47;107m88[0;1;30;90;47m;:[0;1;37;97;47m: .;:. [0;1;30;90;47m;[0;1;37;97;47m   ..:.:[0;1;30;90;47m:[0;1;37;97;47m    [0;1;30;90;47m;%[0;1;37;97;47m         . [0;1;30;90;47m%[0;1;37;97;47m [0;1;30;90;47m;%[0;1;37;97;47m [0;37;5;40;100mS[0;35;5;40;100m ::[0;1;30;90;47m88888[0;35;5;40;100m :[0;33;5;40;100m;[0;30;5;40;100m8[0;1;30;90;40m8[0;30;5;40;100mX[0;1;30;90;40m8[0;30;5;40;100m8@[0;31;5;40;100m8[0;1;30;90;40m8[0m
[0;1;30;90;47m8[0;35;5;40;100m  [0;37;5;40;100m%X[0;1;30;90;47m8@[0;35;5;40;100m  [0;1;37;97;47m%t. t[0;1;30;90;47m;[0;1;37;97;47m:::[0;1;30;90;47mt[0;1;37;97;47m:;[0;1;30;90;47mX[0;36;5;40;100m. [0;1;30;90;47mt[0;1;37;97;47mSttt%t%%S:[0;1;30;90;47m88[0;1;37;97;47m;. :t;::%XSSXX;[0;1;30;90;47mSX[0;37;5;40;100m@[0;1;30;90;47m8%%[0;35;5;40;100m  [0;1;30;90;47mt;[0;1;37;97;47mtXS@@[0;1;30;90;47m.%[0;37;5;40;100m@[0;1;30;90;47m8[0;1;37;97;47m;t[0;1;30;90;47mt[0;37;5;40;100mS[0;35;5;40;100m [0;1;30;90;47mX:8[0;1;37;97;47m ;%%t;[0;1;30;90;47mt;[0;35;5;40;100m [0;1;30;90;47mt[0;1;37;97;47m.   [0;1;30;90;47m%S@[0;36;5;40;100m [0;1;30;90;47mX[0;1;37;97;47m  [0;1;30;90;47m88888[0;36;5;40;100mt[0;35;5;40;100m  ;[0;34;5;40;100mS[0;31;5;40;100mS[0;30;5;40;100mX@88[0;34;5;40;100m@S[0;30;5;40;100m@[0;35;5;40;100mS[0;30;5;40;100m88[0;31;5;40;100m8[0;1;30;90;40m8[0;31;40m8[0;32;5;40;100m8[0;30;5;40;100m8[0;31;5;40;100mX[0;30;5;40;100m8@[0;31;5;40;100mS[0m
[0;30;5;40;100mX[0;31;5;40;100mX[0;30;5;40;100mX8X[0;35;5;40;100mt[0;36;5;40;100m [0;37;5;40;100m8[0;35;5;40;100m t[0;36;5;40;100mS[0;35;5;40;100m@[0;36;5;40;100mX[0;30;5;40;100m8[0;35;5;40;100mS[0;32;5;40;100mS[0;34;5;40;100mS[0;35;5;40;100m. [0;1;30;90;47m8[0;36;5;40;100m [0;1;30;90;40mXX@8[0;37;5;40;100mX[0;1;30;90;47m8X[0;1;37;97;47m.  ;  [0;35;5;40;100m:[0;1;30;90;40m8[0;30;5;40;100m8[0;1;30;90;47mX.S@8[0;37;5;40;100m8[0;1;30;90;47m@%:[0;1;37;97;47m;: [0;1;30;90;47m%[0;1;37;97;47m [0;37;5;40;100mS[0;34;40mS[0;1;30;90;40m8S@[0;34;5;40;100mS[0;35;5;40;100m S;  [0;37;5;40;100m8[0;1;30;90;47m8[0;37;5;40;100m8[0;35;5;40;100m  [0;37;5;40;100mS[0;35;5;40;100m ;[0;36;5;40;100m%[0;35;5;40;100mS[0;32;5;40;100mS[0;30;5;40;100m8[0;1;30;90;40m8[0;30;5;40;100m8[0;1;30;90;40mX[0;30;5;40;100mX[0;36;5;40;100m:[0;30;5;40;100m88[0;36;5;40;100m;[0;37;5;40;100mS[0;1;30;90;47m%S[0;35;5;40;100m   [0;37;5;40;100mS[0;35;5;40;100m t[0;37;5;40;100m8[0;35;5;40;100m [0;34;5;40;100mX[0;1;30;90;40m8[0;30;5;40;100m8[0;36;5;40;100m%[0;34;5;40;100mX[0;35;5;40;100mt[0;36;5;40;100m;[0;1;30;90;40m8[0;34;5;40;100mX[0;30;5;40;100m@88[0;34;5;40;100mS[0;30;5;40;100mS[0;35;5;40;100m%[0;1;30;90;40m8[0;30;5;40;100m8[0;1;30;90;40m8[0;30;5;40;100m8[0;1;30;90;40m88@[0;31;40m@[0;30;5;40;100m@X@[0;1;30;90;40m88[0;30;5;40;100mX[0;1;30;90;40m8[0;30;5;40;100m@[0;31;40mX[0;30;5;40;100m88[0;32;5;40;100m@[0;31;40mX[0;32;5;40;100m@[0m
[0;30;5;40;100mX[0;31;5;40;100mS[0;30;5;40;100m@X[0;1;30;90;40m88[0;31;5;40;100mX[0;30;5;40;100mX[0;36;5;40;100mS[0;31;40mS[0;30;5;40;100m8[0;1;30;90;40m8[0;30;5;40;100m@[0;31;5;40;100mS[0;32;5;40;100mS[0;35;5;40;100m@[0;1;30;90;40m88[0;30;5;40;100m8[0;1;30;90;40m@[0;30;5;40;100m8[0;1;30;90;40m8@8[0;30;5;40;100m8[0;1;30;90;40mX[0;30;5;40;100m8[0;1;30;90;40m8[0;30;5;40;100m@[0;1;30;90;40m8[0;30;5;40;100mX@@8[0;1;30;90;40m8[0;31;5;40;100m@[0;30;5;40;100m88@8@XX@X@S[0;34;5;40;100mS[0;30;5;40;100m88[0;34;5;40;100mX[0;30;5;40;100m8[0;1;30;90;40m8X[0;30;5;40;100m8[0;1;30;90;40m8[0;30;5;40;100m8[0;1;30;90;40m@@8[0;30;5;40;100m888@S[0;35;5;40;100m%[0;36;5;40;100mX[0;30;5;40;100mX[0;34;5;40;100mS[0;30;5;40;100mS8[0;1;30;90;40m@8[0;31;5;40;100m8[0;30;5;40;100m8[0;1;30;90;40m8[0;30;5;40;100m88[0;36;5;40;100m.[0;30;5;40;100m8[0;1;30;90;40m8[0;30;5;40;100m@[0;31;5;40;100mS[0;30;5;40;100m88[0;35;5;40;100mS[0;30;5;40;100mS[0;35;5;40;100mt[0;30;5;40;100mX888X8[0;1;30;90;40m88[0;31;5;40;100mX[0;30;5;40;100m888@@8@8SXS[0;33;5;40;100m8[0;30;5;40;100m8@8[0;1;30;90;40m8[0;30;5;40;100m8[0;1;30;90;40m8[0;30;5;40;100m8[0;1;30;90;40m88[0;30;5;40;100mS[0;31;40mX[0;1;30;90;40m88[0;33;5;40;100m8[0;1;30;90;40m88[0;30;5;40;100m8@8@@[0m
[0;31;5;40;100mS[0;30;5;40;100m8[0;33;5;40;100m8[0;30;5;40;100m8X[0;1;30;90;40m8@8[0;30;5;40;100m8[0;1;30;90;40m88[0;30;5;40;100mX[0;1;30;90;40m8[0;30;5;40;100m@[0;31;40mS[0;30;5;40;100m88[0;30;41m8[0;30;5;40;100mX[0;31;5;40;100m8[0;1;30;90;40m8[0;1;30;90;41m8[0;30;5;40;100m8[0;31;5;40;100m8[0;30;5;40;100m8[0;31;5;40;100m8[0;1;30;90;40m8[0;30;5;40;100m8[0;31;5;40;100m@[0;30;5;40;100m8XX[0;31;5;40;100mS[0;30;5;40;100m88@@8[0;31;5;40;100m8[0;30;5;40;100m88[0;31;5;40;100m@[0;30;5;40;100m@[0;31;5;40;100m@[0;30;5;40;100mX[0;31;5;40;100m8[0;30;5;40;100m888[0;31;5;40;100m8[0;1;30;90;40m8[0;31;5;40;100mX[0;1;30;90;40m8[0;30;5;40;100m@[0;31;5;40;100mX[0;30;5;40;100m888[0;1;30;90;40m8[0;31;40mX[0;30;5;40;100m8[0;1;30;90;40m@[0;30;5;40;100m8[0;35;5;40;100mS[0;32;5;40;100mX[0;30;5;40;100mXS[0;35;5;40;100mS[0;30;5;40;100m8[0;33;5;40;100mt[0;36;5;40;100mS[0;30;5;40;100m8@X[0;32;5;40;100mX[0;31;5;40;100mS[0;32;5;40;100mX[0;31;5;40;100mS[0;36;5;40;100mt[0;35;5;40;100m%[0;30;5;40;100m@[0;33;5;40;100mt[0;36;5;40;100m%[0;31;5;40;100mS[0;32;5;40;100mX[0;30;5;40;100m@[0;33;5;40;100m8[0;30;5;40;100mX[0;36;5;40;100m%[0;30;5;40;100m88XX8@8[0;32;5;40;100mS[0;35;5;40;100m%[0;30;5;40;100m8[0;32;5;40;100mS[0;31;5;40;100m8[0;30;5;40;100m8XSS[0;32;5;40;100mS[0;31;5;40;100mS[0;30;5;40;100m@@X8@[0;1;30;90;40m8[0;33;5;40;100mt:.:;  8[0;1;30;90;40m@@8[0;30;5;40;100mX@8888[0m
[0;30;5;40;100mX@[0;1;30;90;40m8[0;30;5;40;100mX@X8X@@@X[0;33;5;40;100m8[0;30;5;40;100mX8[0;1;30;90;40mX88[0;31;40mS[0;1;30;90;40m8[0;31;40mS[0;1;30;90;40m@[0;31;40mX[0;1;30;90;40m8[0;31;40mS[0;1;30;90;40m8[0;30;5;40;100m8[0;1;30;90;40m8[0;30;5;40;100m@[0;31;5;40;100m@[0;30;5;40;100mX8[0;36;5;40;100mX[0;31;5;40;100mX[0;36;5;40;100mX[0;33;5;40;100mX[0;30;5;40;100m8X[0;32;5;40;100mS[0;31;5;40;100mX[0;30;5;40;100m8XX@XX[0;31;5;40;100m@[0;30;5;40;100m@[0;1;30;90;40m88[0;30;5;40;100m@[0;1;30;90;40m8[0;30;5;40;100mX[0;1;30;90;40m8[0;30;5;40;100mS[0;33;5;40;100m@[0;34;5;40;100mS[0;31;5;40;100mS[0;1;30;90;40m@8[0;30;5;40;100m8[0;1;30;90;40m@[0;30;5;40;100m8S[0;35;5;40;100m%[0;36;5;40;100mX[0;30;5;40;100m@[0;33;5;40;100m%[0;34;5;40;100mS[0;30;5;40;100mX[0;33;5;40;100mt[0;35;5;40;100m%[0;33;5;40;100mS[0;34;5;40;100mX[0;31;5;40;100m%[0;36;5;40;100mX[0;35;5;40;100m@[0;32;5;40;100mX[0;35;5;40;100mt[0;32;5;40;100mS[0;35;5;40;100m%[0;30;5;40;100mX[0;33;5;40;100m%[0;34;5;40;100mX[0;31;5;40;100mS[0;36;5;40;100mX[0;31;5;40;100m8[0;36;5;40;100mX[0;31;5;40;100m8[0;32;5;40;100m@[0;30;5;40;100m@[0;32;5;40;100m%[0;30;5;40;100mS[0;32;5;40;100mS[0;31;5;40;100mX[0;36;5;40;100m@[0;30;5;40;100mX[0;32;5;40;100m%[0;31;5;40;100mS[0;36;5;40;100m@[0;30;5;40;100mX[0;33;5;40;100m%[0;30;5;40;100mS[0;32;5;40;100mS[0;30;5;40;100mS[0;34;5;40;100mS[0;30;5;40;100m@[0;32;5;40;100mX[0;30;5;40;100mX@88[0;1;30;90;40m@[0;33;5;40;100m [0;1;37;97;47m.[0;1;30;90;47mt%%t:[0;33;5;40;100m [0;1;30;90;40m8888[0;30;5;40;100m@[0;1;30;90;40m8[0;30;5;40;100m@[0;1;30;90;40m8[0;30;5;40;100m@[0m
[0;30;5;40;100m888[0;32;5;40;100mX[0;30;5;40;100m8@[0;1;30;90;40m8[0;30;5;40;100m@8[0;1;30;90;40m8[0;30;5;40;100m88[0;1;30;90;40m8[0;30;5;40;100m8[0;1;30;90;40m@X[0;31;40mX[0;1;30;90;40m@[0;32;40mS[0;31;40m@[0;1;30;90;40mX[0;32;40m%[0;1;30;90;40m8[0;31;40mS[0;1;30;90;40m@8[0;31;40m@[0;1;30;90;40m8[0;30;5;40;100m88XXX[0;32;5;40;100mS[0;30;5;40;100mS[0;35;5;40;100m%[0;32;5;40;100mS[0;31;5;40;100m8[0;30;5;40;100mSS@@[0;31;5;40;100mX[0;1;30;90;40m8[0;30;5;40;100mS[0;32;5;40;100mX[0;1;30;90;40m8[0;30;5;40;100mX88S[0;1;30;90;40m8[0;30;5;40;100m@[0;1;30;90;40m8[0;30;5;40;100mX[0;33;5;40;100m%[0;30;5;40;100m8[0;32;5;40;100m@[0;30;5;40;100mX[0;1;30;90;40mX[0;30;5;40;100m8[0;1;30;90;40m8[0;30;5;40;100m@[0;36;5;40;100m%[0;30;5;40;100mX[0;31;5;40;100mX[0;36;5;40;100m8[0;30;5;40;100m8XS[0;36;5;40;100m;[0;30;5;40;100m@8[0;32;5;40;100mX[0;34;5;40;100mX[0;30;5;40;100m@@X[0;36;5;40;100mt[0;30;5;40;100mSX[0;34;5;40;100mS[0;30;5;40;100m8@@88@[0;36;5;40;100m@[0;30;5;40;100m8[0;34;5;40;100mX[0;30;5;40;100m8[0;35;5;40;100mS[0;30;5;40;100m@XX[0;35;5;40;100m%[0;32;5;40;100mX[0;30;5;40;100m8XSXXSX[0;33;5;40;100mX[0;34;5;40;100m8[0;30;5;40;100m@@@8@8[0;33;5;40;100m [0;1;30;90;47m.XS%%t[0;37;5;40;100m8[0;1;30;90;40m8[0;30;5;40;100m8[0;1;30;90;40m8[0;30;5;40;100m@@X@[0;1;30;90;40m88[0m
[0;30;5;40;100m8S@8[0;31;5;40;100mX[0;30;5;40;100m@[0;33;5;40;100m8[0;32;5;40;100m@[0;31;5;40;100m@[0;32;5;40;100m@[0;1;30;90;40m8[0;33;5;40;100mX[0;30;5;40;100mS[0;31;5;40;100mS[0;1;30;90;40m@S[0;32;40mt[0;31;40mS[0;1;30;90;40mXS[0;31;40mS[0;1;30;90;40m@[0;31;40m%[0;32;40mS[0;31;40mS[0;1;30;90;40m@888[0;30;5;40;100m@[0;31;5;40;100mS[0;30;5;40;100m@[0;33;5;40;100mX[0;34;5;40;100mX[0;33;5;40;100m8[0;30;5;40;100mX[0;31;5;40;100mS[0;32;5;40;100m@[0;31;5;40;100m@[0;32;5;40;100m8[0;30;5;40;100m8[0;32;5;40;100mX[0;30;5;40;100m@[0;32;5;40;100mX[0;30;5;40;100mX[0;33;5;40;100m8[0;32;5;40;100mX[0;31;5;40;100mS[0;32;5;40;100m8[0;31;5;40;100mX[0;32;5;40;100mX[0;33;5;40;100m8[0;32;5;40;100mX[0;30;5;40;100m@[0;1;30;90;40m8[0;31;5;40;100mX[0;30;5;40;100mS[0;31;5;40;100m@[0;32;5;40;100m%[0;31;40mS[0;30;5;40;100m@XX[0;31;5;40;100mS[0;32;5;40;100mX[0;30;5;40;100m@[0;31;5;40;100mS[0;32;5;40;100mX[0;31;5;40;100mS[0;36;5;40;100mX[0;33;5;40;100mX%%[0;30;5;40;100mS[0;33;5;40;100mXS[0;32;5;40;100m%[0;33;5;40;100m%[0;36;5;40;100m:[0;33;5;40;100mtSX[0;32;5;40;100mS[0;33;5;40;100m%[0;32;5;40;100mS[0;33;5;40;100mt[0;32;5;40;100mX[0;31;5;40;100mX[0;34;5;40;100mS[0;33;5;40;100m8[0;30;5;40;100mS[0;33;5;40;100m%[0;32;5;40;100mS[0;36;5;40;100mt[0;33;5;40;100mSt[0;36;5;40;100mX[0;31;5;40;100mX[0;36;5;40;100mS[0;33;5;40;100mX[0;36;5;40;100mS[0;31;5;40;100mS[0;30;5;40;100mX[0;33;5;40;100mS[0;30;5;40;100mS[0;32;5;40;100mX[0;31;5;40;100m@[0;32;5;40;100mS[0;31;5;40;100mS[0;30;5;40;100m88[0;32;5;40;100mS[0;1;30;90;40m8[0;33;5;40;100mS[0;37;5;40;100m888[0;1;30;90;47m8[0;37;5;40;100m8[0;1;30;90;47m@[0;33;5;40;100m.[0;1;30;90;40m888[0;30;5;40;100m@[0;1;30;90;40m8[0;30;5;40;100mS@@[0;1;30;90;40m8[0m
[0;33;5;40;100mS[0;31;5;40;100mX[0;33;5;40;100m@tt;%[0;31;5;40;100m8[0;30;5;40;100m@[0;33;5;40;100mX[0;31;5;40;100mX[0;30;5;40;100mS[0;33;5;40;100m%[0;1;30;90;40m8[0;31;40mt[0;1;30;90;40mX[0;31;40mt[0;32;40m;[0;31;40m;[0;32;40m;[0;31;40mt[0;32;40mt[0;1;30;90;40m@[0;31;40m;[0;32;40m%[0;31;40m%[0;30;5;40;100m8@[0;34;5;40;100mS[0;33;5;40;100mX%%[0;30;5;40;100m@[0;33;5;40;100m8[0;31;5;40;100m@[0;33;5;40;100mX[0;31;5;40;100mX[0;30;5;40;100mX@@[0;33;5;40;100m8[0;1;30;90;40m8[0;33;5;40;100m8[0;1;30;90;40mX[0;30;5;40;100mX8@8[0;1;30;90;40m8[0;32;5;40;100m8[0;30;5;40;100m@8[0;32;5;40;100m@[0;1;30;90;40m88[0;30;5;40;100mS[0;33;5;40;100m8[0;31;5;40;100m8[0;33;5;40;100mS[0;1;30;90;40m8[0;32;5;40;100mS[0;30;5;40;100m@[0;32;5;40;100mX[0;30;5;40;100mX[0;36;5;40;100m%[0;30;5;40;100mX[0;36;5;40;100mS[0;30;5;40;100m@[0;32;5;40;100mX[0;31;5;40;100mS[0;36;5;40;100mS[0;33;5;40;100m%[0;36;5;40;100mS[0;33;5;40;100mX[0;36;5;40;100mX[0;33;5;40;100m%[0;35;5;40;100m;[0;32;5;40;100mS[0;35;5;40;100m:[0;36;5;40;100m%[0;33;5;40;100mX[0;36;5;40;100mX[0;33;5;40;100mX[0;36;5;40;100mS[0;33;5;40;100mX[0;36;5;40;100m%[0;31;5;40;100mS[0;32;5;40;100mX[0;30;5;40;100mS[0;36;5;40;100m%[0;33;5;40;100mS[0;36;5;40;100mS[0;31;5;40;100mS[0;32;5;40;100m%[0;34;5;40;100m%[0;33;5;40;100mS[0;1;30;90;40m8[0;36;5;40;100m%[0;31;5;40;100mX[0;32;5;40;100mX[0;31;5;40;100mS[0;1;30;90;40m8[0;32;40mt[0;30;5;40;100m@[0;33;5;40;100mt[0;30;5;40;100m@[0;32;5;40;100mS[0;30;5;40;100mS[0;32;5;40;100m8[0;30;5;40;100m88[0;1;30;90;40m8[0;30;5;40;100m@[0;34;40mt[0;30;5;40;100m8[0;33;5;40;100m@[0;1;30;90;40m@[0;30;5;40;100mSX[0;33;5;40;100m%[0;30;5;40;100mXX[0;1;30;90;40m8[0;31;40mX[0;32;5;40;100mX[0;1;30;90;40m8[0;30;5;40;100mX@@X[0m
[0;31;5;40;100mX[0;30;5;40;100m8[0;33;5;40;100m8@S[0;31;5;40;100m@[0;33;5;40;100mt8[0;30;5;40;100m8[0;31;5;40;100mX[0;33;5;40;100m8[0;30;5;40;100mX8[0;31;40m;[0;32;40m:[0;34;40m:[0;31;40m;[0;34;40m;[0;31;40m:[0;34;40m;[0;32;40m;[0;31;40m;[0;34;40m:[0;31;40m;[0;1;30;90;40mS8[0;32;5;40;100mS[0;33;5;40;100m8[0;31;5;40;100mS[0;1;30;90;40m88[0;31;5;40;100m8[0;1;30;90;40m8[0;31;5;40;100m8[0;1;30;90;40m8[0;30;5;40;100m@[0;32;5;40;100mS[0;31;5;40;100m8[0;1;30;90;40m8[0;31;5;40;100mS[0;1;30;90;40m888[0;30;5;40;100m@[0;31;40m@[0;30;5;40;100m8[0;32;40mX[0;31;5;40;100m8[0;32;40mt[0;33;5;40;100m8;@[0;31;5;40;100m@[0;32;5;40;100m@[0;33;5;40;100m8[0;31;40m@[0;32;5;40;100mS[0;30;5;40;100m@X[0;1;30;90;40m88[0;30;5;40;100m8X[0;33;5;40;100m%[0;30;5;40;100m@[0;33;5;40;100mS[0;30;5;40;100mX[0;33;5;40;100m%[0;30;5;40;100m8[0;36;5;40;100m%[0;33;5;40;100m%[0;32;5;40;100mX[0;31;5;40;100mS[0;32;5;40;100mX[0;33;5;40;100mX[0;30;5;40;100mS[0;33;5;40;100m%[0;32;5;40;100mS[0;33;5;40;100m;%[0;32;5;40;100mX[0;31;5;40;100mS[0;32;5;40;100mS[0;33;5;40;100mS[0;30;5;40;100mS[0;33;5;40;100m8[0;32;5;40;100m@[0;30;5;40;100mX[0;33;5;40;100m%[0;30;5;40;100m8X[0;33;5;40;100mX[0;30;5;40;100mSS8[0;36;5;40;100m%[0;1;30;90;40mX[0;31;5;40;100mS[0;36;5;40;100mX[0;33;5;40;100m8[0;32;5;40;100mS[0;31;40m8[0;30;5;40;100m8@[0;33;5;40;100mS[0;30;5;40;100mSX[0;33;5;40;100mX[0;30;5;40;100m@@[0;1;30;90;40m8[0;31;40m%[0;32;5;40;100mX[0;1;30;90;40m8[0;30;41m8[0;36;5;40;100mt[0;30;5;40;100m@@8[0;36;5;40;100mS[0;30;5;40;100mX[0;1;30;90;40m8[0;32;5;40;100mS[0;31;40m%[0;1;30;90;40m8[0;30;5;40;100m8[0;1;30;90;40m8[0;30;5;40;100mX88[0m
[0;33;5;40;100m@[0;30;5;40;100m8[0;31;5;40;100m8[0;30;5;40;100m@[0;31;5;40;100mS[0;32;5;40;100mS[0;31;40m8[0;32;5;40;100mS[0;1;30;90;41m8[0;30;42m8[0;31;5;40;100m8[0;32;5;40;100mX[0;1;30;90;41m8[0;1;30;90;42m8[0;31;5;40;100mX[0;1;30;90;42m8[0;31;40m8[0;32;5;40;100mX[0;1;30;90;40m8[0;30;5;40;100mX[0;31;40m@[0;30;5;40;100m8[0;32;40m@[0;1;30;90;40m8[0;31;40m@[0;32;40m8[0;31;40m8[0;32;40m@[0;31;40mX[0;32;40mS[0;31;40m%[0;32;40m;[0;31;40m;[0;32;40mt[0;31;40m%[0;1;30;90;40m8[0;31;40mt[0;32;40mX[0;31;40mS[0;32;40mX[0;31;40m@[0;32;40mX[0;31;40m8[0;30;5;40;100m8[0;1;30;90;40m8[0;30;5;40;100mS@[0;32;5;40;100mX[0;35;5;40;100m%[0;33;5;40;100m [0;1;30;90;47m@[0;36;5;40;100m [0;33;5;40;100mtS;[0;36;5;40;100m:[0;33;5;40;100m%%S[0;30;5;40;100mS[0;33;5;40;100mX[0;30;5;40;100mS[0;36;5;40;100m:[0;33;5;40;100mt[0;30;5;40;100m8@[0;32;5;40;100mS[0;30;5;40;100m@[0;33;5;40;100m@[0;30;5;40;100m8[0;35;5;40;100m;[0;33;5;40;100m;::::[0;35;5;40;100m:[0;33;5;40;100m;[0;35;5;40;100m.:[0;33;5;40;100m:: .:[0;35;5;40;100m:[0;33;5;40;100m:[0;35;5;40;100m:;[0;33;5;40;100m;:...:;%[0;35;5;40;100m;[0;30;5;40;100mX[0;1;30;90;40m8[0;33;5;40;100m  [0;1;30;90;40m8[0;31;5;40;100mX[0;33;5;40;100m:;t;t[0;30;5;40;100mS@@[0;33;5;40;100mX[0;1;30;90;40mX8[0;33;5;40;100mt[0;1;30;90;40m8[0;32;40m%[0;30;5;40;100m8[0;31;5;40;100mX[0;32;5;40;100mS[0;31;5;40;100m@[0;30;5;40;100m8[0;32;5;40;100mX[0;31;40m%[0;30;5;40;100mX@X[0;32;5;40;100mS[0;31;5;40;100mX[0m
[0;30;5;40;100m@X[0;33;5;40;100m8[0;30;5;40;100m@@[0;31;5;40;100mX[0;32;5;40;100mS[0;30;41m8[0;32;5;40;100m@[0;31;40m8[0;1;30;90;40m8[0;32;40m8[0;31;5;40;100mX[0;32;40m@[0;1;30;90;41m8[0;30;42m8[0;33;5;40;100m8[0;1;30;90;41m8[0;33;42m8[0;33;5;40;100m8[0;1;30;90;42m8[0;33;41m8[0;33;5;40;100m8[0;32;5;40;100mX[0;33;5;40;100m8888[0;30;5;40;100mX[0;31;40mX[0;1;30;90;40m@[0;31;40m%[0;1;30;90;40m@@[0;32;40mS[0;31;40mX[0;32;5;40;100mX[0;35;5;40;100mS[0;33;5;40;100mt[0;36;5;40;100m:.[0;35;5;40;100m:[0;36;5;40;100m%[0;32;5;40;100mS[0;30;5;40;100mX8[0;1;30;90;40m888[0;30;5;40;100m8[0;1;30;90;40m8[0;30;5;40;100m8[0;34;40m@[0;1;30;90;40m8@@[0;34;40mX[0;1;30;90;40m@[0;34;40mX[0;30;5;40;100m8[0;1;30;90;40m8[0;34;5;40;100m8S[0;36;5;40;100m:[0;33;5;40;100m %[0;31;5;40;100mS[0;30;5;40;100m@S[0;33;5;40;100mXt.::t%t;t%;;:;:::%%;;t%tt%SX[0;31;5;40;100mS[0;33;5;40;100m%;SSS%[0;30;5;40;100m@[0;31;5;40;100m%[0;37;5;40;100mS[0;1;30;90;47m@@@%%. [0;1;37;97;47m.SS:[0;1;30;90;47m.;S@88[0;37;5;40;100m88[0;33;5;40;100m [0;37;5;40;100m8@[0m
[0;30;5;40;100mX[0;32;40m8[0;1;30;90;41m8[0;30;42m8[0;31;43m8[0;32;40m8[0;33;5;40;100m8[0;32;5;40;100mX[0;31;5;40;100mX[0;33;5;40;100m888888[0;31;5;40;100m@[0;32;5;40;100mX[0;33;5;40;100m8[0;31;5;40;100m8[0;33;5;40;100m@[0;31;5;40;100mX[0;33;5;40;100mSSXtt;:.[0;37;5;40;100m8[0;33;5;40;100m;[0;1;30;90;47mX[0;1;30;90;43m8[0;33;5;40;100m [0;1;30;90;47mX8[0;35;5;40;100m.[0;30;5;40;100m8[0;1;30;90;40m8[0;34;5;40;100mS[0;33;5;40;100m.[0;36;5;40;100m [0;37;5;40;100mX@[0;36;5;40;100mX[0;31;40m%[0;30;5;40;100m88888@X888X8[0;1;30;90;40m8[0;30;5;40;100mX[0;36;5;40;100m@[0;30;5;40;100m8[0;1;30;90;40m8[0;34;5;40;100mS[0;36;5;40;100m.[0;37;5;40;100m8[0;33;5;40;100m:88[0;30;5;40;100m@[0;33;5;40;100m8@X@[0;31;5;40;100mS[0;33;5;40;100m88X888888888[0;31;5;40;100mX[0;33;5;40;100m8[0;31;5;40;100mX[0;33;5;40;100m8[0;31;5;40;100m@[0;33;5;40;100m8[0;31;5;40;100mX[0;33;5;40;100m8[0;31;5;40;100m8[0;30;5;40;100mX[0;1;30;90;40m8[0;32;5;40;100mS[0;31;40m8[0;33;5;40;100m8[0;1;30;90;40m8[0;31;5;40;100m@[0;32;40mX[0;33;5;40;100m@[0;35;5;40;100m [0;1;30;90;47m::%XXX@[0;36;5;40;100m [0;37;5;40;100m8[0;1;30;90;47m;t[0;33;5;40;100m S[0;34;40m%[0;32;40m%[0;1;30;90;40mX[0;34;40mt[0;1;30;90;40mX[0;32;40mt[0;1;30;90;40m@8[0;30;5;40;100m@X[0;33;5;40;100mt[0m
[0;33;5;40;100m88[0;32;40m8[0;33;5;40;100m8[0;30;5;40;100mS[0;1;30;90;43m;[0;31;40mX[0;33;5;40;100m8[0;32;40m8[0;33;5;40;100m8[0;1;30;90;40m8[0;33;5;40;100m888%t.[0;37;5;40;100m8[0;33;5;40;100m.:tt:  [0;1;30;90;47m8[0;33;5;40;100m [0;33;47m@[0;1;30;90;47m8[0;1;30;90;43m8[0;1;30;90;47m@[0;33;5;40;100m:[0;37;5;40;100mX[0;33;5;40;100m.t[0;34;5;40;100m@[0;36;5;40;100m; [0;1;30;90;47m8[0;37;5;40;100m%[0;1;30;90;47m88[0;37;5;40;100mSS[0;30;5;40;100m8[0;1;30;90;40m8[0;30;5;40;100m8[0;34;5;40;100m8[0;30;5;40;100m8X[0;34;5;40;100m@[0;30;5;40;100m8XX@[0;1;30;90;40m8[0;30;5;40;100m8[0;1;30;90;40m8@S888@8[0;36;5;40;100mS[0;35;5;40;100m [0;33;5;40;100m.8888888888888888888888888888[0;1;30;90;43mt[0;33;5;40;100m88888S[0;1;30;90;47m8tt@888[0;37;5;40;100mS%[0;1;30;90;47m8%[0;36;5;40;100m [0;32;5;40;100mS[0;34;40m;[0;1;30;90;40m8[0;32;40m@[0;1;30;90;40m8[0;34;40mt[0;32;40mt[0;31;40m%[0;1;30;90;40m8[0;34;40m%[0;31;40m;[0;32;40mt[0;34;40m;[0;32;40mt[0;34;40m%[0m
[0;33;5;40;100m8[0;31;40m8[0;33;5;40;100m8[0;30;5;40;100m@[0;30;41m8[0;32;5;40;100m8[0;33;5;40;100m8[0;30;5;40;100mX[0;33;5;40;100m8[0;31;5;40;100m@[0;32;5;40;100mX[0;30;5;40;100m88[0;31;5;40;100mS[0;33;5;40;100m%X[0;31;5;40;100m8X[0;33;5;40;100m8: [0;1;30;90;47m8[0;33;5;40;100m.[0;1;30;90;47m8[0;1;30;90;43m8[0;33;5;40;100m.:.  %[0;1;30;90;40m88[0;35;5;40;100m [0;36;5;40;100m ;t;:tS[0;32;5;40;100mX[0;36;5;40;100m%[0;32;5;40;100m@[0;34;40m%[0;1;30;90;40m@8[0;30;5;40;100m88888@[0;1;30;90;40m8[0;30;5;40;100m8[0;1;30;90;40m8[0;34;5;40;100m8[0;1;30;90;40m88[0;30;5;40;100m8[0;34;5;40;100m8[0;30;5;40;100m8[0;34;5;40;100m@[0;30;5;40;100m@[0;34;5;40;100m@[0;31;5;40;100m8[0;1;30;90;41m@[0;1;30;90;45m8[0;1;30;90;47m8[0;31;5;40;100mX[0;33;5;40;100m8[0;1;30;90;40m8[0;33;5;40;100m8[0;31;5;40;100m8[0;32;5;40;100mS[0;1;30;90;41m8[0;33;5;40;100m8[0;31;5;40;100m8SS[0;33;5;40;100m8[0;1;30;90;41m8[0;33;5;40;100m8[0;31;5;40;100m@[0;33;5;40;100m8[0;31;5;40;100m@[0;33;5;40;100m8[0;31;5;40;100m@[0;32;5;40;100mS[0;1;30;90;41m8[0;1;30;90;42m8[0;1;30;90;41m8[0;32;5;40;100m@[0;30;41m8[0;32;5;40;100mX[0;31;40m8[0;33;5;40;100mS; [0;37;5;40;100m8[0;33;5;40;100m:[0;36;5;40;100m    [0;37;5;40;100m8[0;36;5;40;100m. ;[0;33;5;40;100m [0;1;30;90;47mX[0;1;37;97;47m.[0;36;5;40;100m [0;1;30;90;40m8[0;32;5;40;100mX[0;35;5;40;100m%[0;36;5;40;100m%[0;31;40m%[0;30;5;40;100m8[0;1;30;90;40m88[0;32;40mt[0;1;30;90;40m@[0;34;40m;[0;32;40m%[0;1;30;90;40mS[0;31;40m;[0;1;30;90;40mXSX[0m
[0;33;5;40;100m8[0;30;5;40;100m@[0;31;5;40;100mX[0;33;5;40;100m88[0;31;5;40;100mX[0;32;5;40;100mS[0;31;5;40;100mS[0;33;5;40;100m@[0;30;5;40;100mS[0;33;5;40;100mStS[0;30;5;40;100m8[0;31;5;40;100mX[0;33;5;40;100mt;. [0;37;5;40;100m8[0;33;5;40;100m.  [0;35;5;40;100m t[0;31;5;40;100mX8[0;1;30;90;40mX[0;30;5;40;100m8[0;33;5;40;100mS[0;1;30;90;40m8[0;31;40m;[0;34;40m;[0;1;30;90;40mX8[0;30;5;40;100m8@X@8X@[0;34;5;40;100m8[0;30;5;40;100m8@[0;34;5;40;100m@[0;30;5;40;100m@8[0;34;5;40;100m8[0;30;5;40;100m8X[0;34;5;40;100m8[0;1;30;90;40m8[0;34;5;40;100m@[0;1;30;90;40m8[0;34;40m8[0;1;30;90;40m88[0;34;40m@[0;32;40m%[0;34;40m%[0;32;40m%[0;31;40m;[0;32;40mt[0;34;40m;t[0;1;30;90;40mX[0;30;41m8@[0;33;5;40;100m88[0;31;5;40;100mS[0;33;5;40;100m8[0;31;5;40;100mS[0;1;30;90;43mS[0;31;5;40;100m@S[0;33;5;40;100m8[0;31;5;40;100mS[0;33;5;40;100m8[0;1;30;90;41m8[0;32;5;40;100mX[0;31;5;40;100m8[0;32;5;40;100mX[0;30;41m8[0;33;5;40;100m8[0;32;40m8[0;33;5;40;100m8[0;30;41m8[0;33;5;40;100m8[0;1;30;90;40m8[0;33;5;40;100m8[0;1;30;90;40m8[0;1;30;90;43mt[0;33;5;40;100m:[0;1;37;97;47mtX88888888%% .t  [0;1;30;90;47m@[0;36;5;40;100mS[0;30;5;40;100m@[0;33;5;40;100m [0;37;5;40;100m8[0;36;5;40;100m    [0;37;5;40;100m@X@@8[0;1;30;90;47m@8@X[0m
[0;30;5;40;100mX[0;33;5;40;100m8[0;30;5;40;100m@[0;1;30;90;40m8[0;32;40mS[0;1;30;90;40mX88X[0;30;5;40;100m8[0;33;5;40;100mX[0;31;5;40;100m8[0;30;5;40;100m8[0;33;5;40;100m.  ;[0;35;5;40;100m%[0;33;5;40;100m:[0;35;5;40;100mt[0;31;5;40;100mS[0;34;5;40;100mS[0;31;5;40;100mX[0;34;5;40;100mS[0;30;5;40;100m88[0;1;30;90;40m8[0;34;5;40;100m@[0;30;5;40;100m88[0;34;5;40;100m@S[0;30;5;40;100m@8[0;34;5;40;100m@[0;30;5;40;100mX[0;34;5;40;100mX[0;30;5;40;100m@[0;34;5;40;100mS[0;30;5;40;100m8[0;1;30;90;40m8[0;34;40mS[0;1;30;90;40m88[0;34;40m%[0;32;40m%[0;34;40mt[0;32;40m;:[0;34;40m;[0;32;40m:...:;[0;34;40m:[0;32;40m:[0;1;30;90;40mXX[0;30;5;40;100m8[0;1;30;90;40m8[0;34;40m8[0;1;30;90;40m@[0;32;40m:[0;34;40m;[0;32;40m;[0;34;40m;[0;32;40m;[0;33;5;40;100mtS[0;31;5;40;100mS[0;33;5;40;100m8[0;31;5;40;100mX[0;33;5;40;100m@8[0;1;30;90;41m8[0;31;5;40;100mS[0;33;5;40;100m8[0;31;5;40;100m@[0;33;5;40;100m888[0;31;5;40;100m8[0;32;5;40;100mX[0;31;5;40;100mXX[0;32;40m8[0;33;5;40;100m8[0;31;5;40;100m8S[0;31;40m8[0;32;5;40;100mX[0;31;5;40;100mS[0;36;5;40;100m [0;1;37;97;47mt.[0;1;30;90;47m;.[0;1;37;97;47m;[0;1;30;90;47m.[0;1;37;97;47m:Xt..... [0;1;30;90;47m;[0;1;37;97;47m [0;1;30;90;47m;[0;1;37;97;47m [0;1;30;90;47m8X..[0;1;37;97;47m  [0;1;30;90;47m.%S%tt%SSX[0m
[0;33;5;40;100m;%%:   ..:;  [0;1;30;90;47m@S8%@[0;36;5;40;100m:[0;30;5;40;100m@[0;34;5;40;100m@[0;30;5;40;100m8X@[0;34;5;40;100m@[0;30;5;40;100m8[0;34;40mS[0;32;40m%[0;1;30;90;40m@[0;34;40mt[0;31;40mt[0;32;40mt[0;34;40m%[0;32;40mt[0;34;40mt[0;32;40mt[0;34;40m:[0;32;40m;[0;34;40m::[0;32;40m;;[0;34;40m;[0;32;40m:[0;31;40m;[0;34;40mt[0;31;40m;[0;34;40mt[0;32;40m:[0;34;40m;::;:;;[0;32;40mt[0;30;5;40;100m8[0;34;40m8[0;30;5;40;100m8[0;1;30;90;40m88[0;30;5;40;100m8[0;1;30;90;40m88[0;34;40mS[0;31;40m;[0;34;40m;:[0;33;5;40;100m ;[0;31;5;40;100m8[0;32;5;40;100mS[0;33;5;40;100mS[0;35;5;40;100mX[0;31;5;40;100m@[0;33;5;40;100m@. [0;37;5;40;100m8[0;33;5;40;100m.[0;37;5;40;100m@[0;33;5;40;100m.[0;37;5;40;100m8[0;33;5;40;100m:[0;37;5;40;100m8[0;33;5;40;100m.[0;37;5;40;100m8[0;33;5;40;100m%..[0;37;5;40;100m8[0;33;5;40;100mt [0;1;30;90;47m::;[0;36;5;40;100m:[0;1;30;90;47m@[0;1;37;97;47m.:[0;1;30;90;47m:[0;1;37;97;47m:[0;1;30;90;47mt;[0;1;37;97;47m:;[0;1;30;90;47m;XS;;XXSSXX@@X@@8@XXX@@[0m
[0;33;5;40;100m [0;37;5;40;100m8[0;33;5;40;100m [0;1;30;90;47m@[0;33;5;40;100m.[0;1;30;90;47m%[0;1;30;90;43m8[0;1;30;90;47m@[0;33;5;40;100m [0;1;30;90;47m@[0;33;5;40;100m.[0;1;30;90;47mS[0;33;5;40;100m@[0;31;40mS[0;1;30;90;40m8[0;30;5;40;100m8[0;1;30;90;40mXX8[0;34;40mS[0;32;40mt.[0;34;40m:[0;32;40m.:[0;1;30;90;40mX@[0;34;40mt[0;31;40m;[0;34;40m;[0;32;40mt[0;34;40mt[0;31;40mt[0;34;40mt[0;31;40mt[0;34;40mt[0;32;40m;[0;34;40mt[0;32;40m;[0;34;40m;;;[0;31;40m;[0;34;40mt[0;32;40m;[0;34;40m;[0;32;40m;[0;34;40m;[0;31;40m;[0;34;40m;[0;32;40m;[0;34;40m;[0;32;40m;[0;34;40m;[0;32;40mt[0;34;40mtt[0;31;40m:[0;32;40m;[0;34;40m;:::;%[0;32;40mS[0;34;40m%[0;31;40mt[0;32;40mt[0;31;5;40;100m8[0;33;5;40;100m8[0;30;5;40;100m8[0;31;5;40;100m8[0;30;5;40;100m8[0;33;5;40;100m8[0;30;5;40;100m@[0;33;5;40;100mXSXX;t;tt%%t::;%::[0;1;30;90;40m8[0;32;5;40;100mX[0;35;5;40;100m%[0;32;40mt[0;34;40m%[0;1;30;90;40m@8[0;30;5;40;100mS[0;1;30;90;47mX%.[0;36;5;40;100m [0;32;40m@[0;34;40mt[0;32;40m%tt[0;36;5;40;100mt[0;1;30;90;47m88[0;37;5;40;100m@[0;33;5;40;100m      .[0;36;5;40;100m.:[0;33;5;40;100m;[0;36;5;40;100mt[0;33;5;40;100m:[0;36;5;40;100m:.[0;33;5;40;100m [0m
[0;33;5;40;100m..:t::[0;37;5;40;100m@[0;33;5;40;100m%::.:[0;31;5;40;100m8[0;32;40m.[0;34;40m;[0;32;40m;[0;34;40m;;[0;32;40m:[0;31;40m:[0;32;40m:[0;31;40m:[0;34;40m:[0;31;40m:[0;34;40m:[0;32;40m.[0;34;40m:[0;32;40m;[0;34;40m;[0;32;40m;[0;34;40mt[0;31;40mt[0;34;40mt[0;32;40mt[0;34;40m;[0;32;40m;[0;34;40mt[0;31;40mt[0;34;40mt[0;32;40m;[0;31;40m;[0;34;40m;[0;32;40mt[0;34;40m;[0;31;40m;[0;34;40m;[0;31;40m;[0;34;40mt[0;32;40mt[0;34;40mt[0;31;40m;[0;34;40m;[0;32;40m;[0;34;40m;[0;31;40mt[0;34;40m;[0;32;40m;[0;34;40m:[0;31;40m;[0;32;40mt[0;1;30;90;40mS[0;32;40m;[0;31;40m;[0;32;40mt[0;31;40m;[0;34;40m;[0;32;40mt[0;34;40mt:t[0;30;5;40;100m@8@8[0;1;30;90;40m8[0;31;5;40;100m8[0;1;30;90;40m8[0;30;5;40;100m8[0;1;30;90;40m8[0;31;5;40;100m8@S[0;33;5;40;100m8[0;31;5;40;100m8X[0;1;30;90;40m8[0;31;5;40;100mX8[0;30;5;40;100m8[0;31;40m8[0;30;5;40;100m@[0;31;40mX[0;1;30;90;40m8[0;31;40mS[0;36;5;40;100mt[0;1;30;90;40mX[0;32;40m:[0;31;40m:[0;32;40m:[0;34;40mt[0;1;30;90;40m@[0;37;5;40;100m@[0;1;30;90;47m@S[0;37;5;40;100m8[0;32;40mt[0;1;30;90;40m88[0;30;5;40;100m8[0;1;30;90;40m@[0;31;40m%[0;32;40m.[0;33;5;40;100m;[0;37;5;40;100m8@@@@[0;33;5;40;100m [0;37;5;40;100m8@[0;33;5;40;100m [0;1;30;90;47m8[0;33;5;40;100m [0;37;5;40;100m8@@@8X[0m
[0;31;5;40;100mS[0;33;5;40;100m8[0;31;5;40;100mS[0;33;5;40;100m88[0;31;5;40;100m@[0;33;5;40;100m8[0;31;5;40;100mX[0;33;5;40;100m8@@@[0;34;40m;[0;32;40m;[0;34;40mt[0;31;40m;[0;32;40m;[0;34;40m;[0;31;40m:[0;32;40m:[0;34;40m;[0;31;40mt[0;32;40mt[0;31;40m;[0;32;40mt[0;31;40m;[0;34;40m:[0;31;40m;[0;34;40m;[0;31;40mt[0;34;40mt[0;32;40mt[0;34;40m;[0;31;40m;[0;34;40mt[0;31;40mt[0;32;40mt[0;34;40mt[0;31;40m;[0;34;40mt[0;32;40mt[0;34;40mt[0;31;40mt[0;34;40mt[0;32;40mt[0;34;40mt[0;32;40mt[0;34;40mt[0;31;40m;[0;32;40mt[0;34;40mt[0;32;40m;[0;34;40mt[0;31;40mt[0;34;40mt[0;32;40mt[0;31;40m;[0;34;40m;[0;1;30;90;40mX8[0;30;5;40;100m8[0;1;30;90;40m88[0;31;40mt[0;34;40mt[0;31;40mt[0;32;40m;[0;31;40mt%[0;30;5;40;100m@[0;31;5;40;100m@[0;30;5;40;100m@[0;31;5;40;100m@[0;30;5;40;100mX[0;31;5;40;100mS[0;32;5;40;100m@[0;31;5;40;100m8[0;33;5;40;100m8[0;31;5;40;100m8[0;30;5;40;100m8[0;32;5;40;100mS[0;31;5;40;100m8[0;30;5;40;100mX[0;33;5;40;100mXSSSS%t@8[0;31;5;40;100m@[0;32;5;40;100mX[0;31;40m8[0;30;5;40;100m@[0;1;30;90;40m8[0;30;5;40;100m@[0;33;5;40;100m: [0;37;5;40;100m888[0;1;30;90;47m8[0;36;5;40;100mt[0;31;40m [0;1;30;90;40m@[0;30;5;40;100m8[0;33;5;40;100m%[0;30;5;40;100mX[0;1;30;90;40m8[0;32;40m.[0;30;5;40;100mX[0;37;5;40;100mX[0;33;5;40;100m. . [0;37;5;40;100m8[0;33;5;40;100m;    ..   [0;37;5;40;100m@[0m
[0;33;5;40;100m@[0;30;5;40;100m8[0;33;5;40;100mX[0;31;5;40;100m@[0;30;5;40;100m8[0;31;5;40;100mX[0;30;5;40;100mX[0;31;5;40;100m@[0;30;5;40;100m8[0;31;5;40;100m8@[0;30;5;40;100mS[0;1;30;90;40m@[0;31;40m%[0;32;40m%[0;34;40m%[0;31;40m;[0;32;40m:[0;34;40m;[0;31;40m%[0;30;5;40;100m888[0;1;30;90;40m@[0;31;40mt[0;34;40mt[0;32;40m;:[0;34;40m;[0;32;40mt[0;31;40mt[0;34;40m%[0;32;40m%[0;1;30;90;40mX[0;32;40mt[0;34;40mS[0;1;30;90;40mS[0;32;40mt[0;34;40m%[0;1;30;90;40mX[0;31;40mt[0;34;40m%[0;32;40mS[0;34;40mt[0;31;40mt[0;34;40mt[0;31;40mt[0;32;40mt[0;34;40m%[0;31;40mt[0;34;40mt[0;31;40mt[0;1;30;90;40mS[0;32;40mt[0;34;40m%[0;31;40mt[0;32;40m;[0;31;40m;[0;1;30;90;40m8[0;31;5;40;100m@[0;30;5;40;100m88[0;1;30;90;40m8X[0;32;40mt[0;1;30;90;40m8@[0;30;5;40;100m8[0;33;5;40;100m@[0;31;5;40;100mX[0;32;5;40;100mS[0;33;5;40;100m8[0;31;5;40;100mS[0;33;5;40;100m8@[0;31;5;40;100mS[0;33;5;40;100mt;;tt;:::::::;;t[0;31;5;40;100m@[0;30;5;40;100mXS[0;1;30;90;40m8[0;31;40m@[0;32;40m%[0;31;40m;[0;32;40m;[0;31;40m.[0;32;40m:..[0;31;40m .t[0;30;5;40;100m8[0;1;30;90;40m8@S[0;31;40m:[0;32;40m:;;[0;31;40mt[0;32;40mS[0;31;40mt[0;32;40mt;;t[0;31;40mt[0;32;40m%[0;31;40m:[0;32;40m;;[0;31;40m;[0;32;40mt[0;31;40m.[0m
[0;33;5;40;100m:. ..:::::.:t[0;1;30;90;40m8[0;34;40mt[0;31;40m;[0;34;40m;[0;32;40m;[0;31;40mt[0;32;40m%[0;1;30;90;40mX8[0;31;40m%[0;1;30;90;40m8[0;32;40mt[0;31;40mt[0;34;40m:[0;31;40m;[0;32;40mt[0;1;30;90;40m@[0;34;40mt[0;1;30;90;40m@[0;31;40mt[0;34;40m%[0;1;30;90;40mX[0;31;40mt[0;34;40mt[0;1;30;90;40mX[0;31;40m;[0;32;40mt[0;34;40mt[0;32;40m%[0;31;40mS[0;34;40m%[0;32;40m%[0;1;30;90;40mS[0;34;40m;[0;31;40m;[0;32;40m;[0;34;40m;[0;32;40mt[0;34;40m;[0;32;40m:[0;31;40m;[0;32;40mt[0;34;40m;:[0;32;40m:[0;1;30;90;40m@X@[0;31;40mS[0;1;30;90;40m8[0;31;40m;;t[0;1;30;90;40m8[0;30;5;40;100m88[0;33;5;40;100mX[0;35;5;40;100mS[0;33;5;40;100mXt[0;35;5;40;100mt[0;33;5;40;100m;:;::::;;:;t;;;;%[0;35;5;40;100mS[0;33;5;40;100m@SXSS[0;31;5;40;100mX[0;30;5;40;100mX8[0;1;30;90;40m8[0;31;40mS[0;1;30;90;40mX[0;32;40m;[0;31;40m;[0;32;40m:[0;34;40m:[0;31;40m:;[0;34;40m;[0;31;40m:[0;32;40m:[0;31;40m:;[0;34;40m:[0;32;40m;[0;31;40mt[0;32;40m%[0;31;40m%[0;1;30;90;40mS[0;31;40mt[0;1;30;90;40mS[0;32;40mt[0;31;40mS[0;1;30;90;40m@[0;31;40m%[0;1;30;90;40m@X@@[0m
[0;33;5;40;100m.   .::;:;;t[0;31;5;40;100mX[0;30;5;40;100m8[0;1;30;90;40m8[0;32;40m%[0;31;40mt[0;34;40m:[0;32;40m;[0;34;40m;[0;31;40mt[0;32;40mt[0;34;40mt[0;31;40mt[0;32;40mt[0;34;40m;[0;32;40m:[0;34;40m:[0;31;40m:[0;34;40m:[0;31;40m:[0;32;40m::[0;31;40m:[0;32;40m::[0;31;40m:[0;32;40m:[0;31;40m:[0;34;40m:[0;31;40m;[0;34;40m;[0;32;40m;[0;31;40mt[0;32;40m;[0;31;40m;[0;32;40mt[0;34;40m;[0;31;40mt[0;32;40mt[0;31;40m%[0;1;30;90;40mS[0;31;40mt[0;1;30;90;40mX[0;31;40mt[0;1;30;90;40mS[0;31;40mt[0;32;40mt[0;31;40mt[0;32;40mt[0;1;30;90;40m@X[0;32;40mt[0;1;30;90;40mX8[0;30;5;40;100mX[0;31;5;40;100mX[0;30;5;40;100mS[0;31;5;40;100mS[0;32;5;40;100mS[0;31;5;40;100mX[0;33;5;40;100mS[0;31;5;40;100m%[0;33;5;40;100mStt[0;35;5;40;100m;[0;33;5;40;100m%;t%[0;31;5;40;100mS[0;33;5;40;100mX[0;31;5;40;100mS[0;33;5;40;100m%[0;35;5;40;100mt[0;33;5;40;100mS[0;31;5;40;100mS[0;33;5;40;100m%[0;35;5;40;100m%[0;33;5;40;100m8[0;31;5;40;100mS[0;33;5;40;100mS[0;31;5;40;100mSS[0;30;5;40;100m@[0;31;5;40;100mX[0;32;5;40;100m@[0;31;5;40;100m@[0;33;5;40;100m@[0;31;5;40;100mX[0;32;5;40;100mS[0;31;5;40;100mX[0;33;5;40;100mX[0;30;5;40;100m@[0;31;5;40;100mS[0;30;5;40;100mXSS[0;31;5;40;100mS[0;30;5;40;100m8[0;31;5;40;100mS[0;30;5;40;100m8@8[0;31;5;40;100m@[0;30;5;40;100m88[0;1;30;90;40m8[0;30;5;40;100m8@[0;31;5;40;100m8[0;30;5;40;100m@S@[0;32;5;40;100mS[0;31;5;40;100m8[0;30;5;40;100m@[0;33;5;40;100m8[0;30;5;40;100m8[0m
[0;33;5;40;100m::..::;;;t%[0;31;5;40;100mS[0;32;5;40;100mX[0;31;5;40;100m@[0;30;5;40;100mX[0;31;5;40;100m@[0;30;5;40;100m8@8[0;1;30;90;40m8[0;30;5;40;100m8[0;1;30;90;40m8[0;30;5;40;100m8888[0;31;5;40;100m8[0;30;5;40;100m8X[0;31;5;40;100mX[0;30;5;40;100m@[0;31;5;40;100mX[0;30;5;40;100m@[0;31;5;40;100mS[0;30;5;40;100mS[0;31;5;40;100mS[0;30;5;40;100mS[0;31;5;40;100mS[0;32;5;40;100mS[0;31;5;40;100m@[0;33;5;40;100m8[0;31;5;40;100m8[0;32;5;40;100mS[0;31;5;40;100mX[0;33;5;40;100mX[0;31;5;40;100m@S[0;33;5;40;100m@[0;31;5;40;100mX[0;33;5;40;100mX[0;31;5;40;100mX[0;33;5;40;100mX[0;31;5;40;100mS[0;33;5;40;100mSS[0;31;5;40;100mS[0;33;5;40;100mS%[0;35;5;40;100m%[0;33;5;40;100m@[0;31;5;40;100mX[0;33;5;40;100mSS[0;31;5;40;100mS[0;33;5;40;100mX@[0;31;5;40;100mX[0;33;5;40;100m8S[0;31;5;40;100mS[0;33;5;40;100mtt;[0;35;5;40;100m:[0;33;5;40;100mt;t::;[0;35;5;40;100m;[0;33;5;40;100mS[0;35;5;40;100m%[0;33;5;40;100mXt%;:t%[0;35;5;40;100mt[0;33;5;40;100m%:;;;t[0;35;5;40;100mt[0;33;5;40;100mX[0;35;5;40;100m%[0;33;5;40;100m@[0;31;5;40;100mX[0;32;5;40;100m%[0;31;5;40;100mS[0;33;5;40;100mSX[0;31;5;40;100mS[0;33;5;40;100m88[0;30;5;40;100mS[0;33;5;40;100m8[0;30;5;40;100mX[0;33;5;40;100m8[0;31;5;40;100mX[0;33;5;40;100m8[0;30;5;40;100m@[0;33;5;40;100m@[0;31;5;40;100mX[0;33;5;40;100mX[0;31;5;40;100mX[0;32;5;40;100mX[0;31;5;40;100mX[0;32;5;40;100mS[0;31;5;40;100mX[0;33;5;40;100m8[0;30;5;40;100m8[0;33;5;40;100m@[0;30;5;40;100m8[0;31;5;40;100m@[0;33;5;40;100m@[0m
[0;33;5;40;100m;t;tttt%%[0;31;5;40;100mS[0;33;5;40;100mS[0;31;5;40;100mXS[0;32;5;40;100mX[0;31;5;40;100mX[0;32;5;40;100m@[0;31;5;40;100mX[0;33;5;40;100m8[0;31;5;40;100m@[0;33;5;40;100m8[0;31;5;40;100mX[0;33;5;40;100m8[0;31;5;40;100mX[0;33;5;40;100m8[0;31;5;40;100m@[0;33;5;40;100m8[0;30;5;40;100m8[0;33;5;40;100m8[0;31;5;40;100m@[0;32;5;40;100mX[0;31;5;40;100mX[0;32;5;40;100mX[0;31;5;40;100mX[0;32;5;40;100mS[0;31;5;40;100m@[0;32;5;40;100mS[0;31;5;40;100mS[0;33;5;40;100m8[0;31;5;40;100m8[0;30;5;40;100m8[0;32;5;40;100mS[0;31;5;40;100m8X[0;32;5;40;100mX[0;31;5;40;100m8[0;32;5;40;100m@[0;31;5;40;100m@[0;30;5;40;100mX[0;33;5;40;100m8[0;30;5;40;100m8[0;31;5;40;100mS[0;30;5;40;100mX[0;33;5;40;100m8[0;30;5;40;100m8[0;31;5;40;100m@[0;32;5;40;100mX[0;31;5;40;100mXX[0;30;5;40;100mS[0;31;5;40;100mS[0;33;5;40;100m8[0;30;5;40;100m@[0;31;5;40;100mX[0;33;5;40;100mS[0;31;5;40;100mX[0;30;5;40;100mX[0;33;5;40;100mX[0;31;5;40;100mS[0;33;5;40;100m%[0;31;5;40;100m%[0;33;5;40;100m%[0;35;5;40;100m%[0;33;5;40;100mXt[0;35;5;40;100m;[0;33;5;40;100mt..:.;:t:::::;t%;;;;;%%%S[0;35;5;40;100mt[0;33;5;40;100mX[0;35;5;40;100mt[0;33;5;40;100mS[0;35;5;40;100mS[0;33;5;40;100m@%[0;30;5;40;100mX[0;31;5;40;100mS[0;33;5;40;100mS[0;31;5;40;100mS[0;33;5;40;100mS[0;30;5;40;100mX[0;33;5;40;100mS[0;30;5;40;100m@[0;33;5;40;100mS[0;30;5;40;100mS[0;31;5;40;100mS[0;32;5;40;100mS[0;31;5;40;100mX[0;30;5;40;100mS[0;33;5;40;100m@[0;30;5;40;100m@[0;31;5;40;100mSS[0;33;5;40;100mS[0;31;5;40;100mS[0;33;5;40;100mt[0;30;5;40;100mS[0;31;5;40;100m%[0m
[0;33;5;40;100m;::;;;t[0;35;5;40;100mt[0;33;5;40;100mX[0;35;5;40;100mS[0;33;5;40;100m@[0;30;5;40;100mS[0;33;5;40;100mS[0;31;5;40;100mX[0;33;5;40;100m@[0;31;5;40;100m@[0;32;5;40;100mS[0;31;5;40;100m@[0;32;5;40;100mS[0;31;5;40;100mX[0;33;5;40;100mX[0;31;5;40;100mS[0;33;5;40;100mX[0;30;5;40;100mS[0;33;5;40;100mSS%%S%S%SS%t;@XS[0;31;5;40;100mX[0;33;5;40;100m%%[0;31;5;40;100mS[0;33;5;40;100m%[0;35;5;40;100mt[0;33;5;40;100mX;[0;35;5;40;100m;[0;33;5;40;100m%%%[0;35;5;40;100mS[0;33;5;40;100mXt[0;35;5;40;100m;[0;33;5;40;100m%t%t;t:::;.:.::; .::. [0;1;30;90;43m8[0;37;5;40;100mt[0;33;5;40;100m...;:;;:;;;[0;35;5;40;100m;[0;33;5;40;100mS[0;35;5;40;100mt[0;33;5;40;100m%[0;35;5;40;100m;[0;33;5;40;100m%[0;35;5;40;100m%[0;33;5;40;100m%[0;35;5;40;100mt[0;33;5;40;100mXt%tS[0;34;5;40;100mS[0;31;5;40;100mS[0;33;5;40;100mtt[0;35;5;40;100mt[0;33;5;40;100mX[0;35;5;40;100mS[0;33;5;40;100mX[0;35;5;40;100mX[0;33;5;40;100m@[0;35;5;40;100mX[0;33;5;40;100mX[0;34;5;40;100m%[0;33;5;40;100m@[0;31;5;40;100m%[0;33;5;40;100m%[0;35;5;40;100mS[0;33;5;40;100mX%[0;34;5;40;100mS[0;33;5;40;100mX[0;34;5;40;100mS[0;33;5;40;100mSt;[0m
[0;33;5;40;100m;:::: :t:; . ..::;::;::...:[0;35;5;40;100m:[0;33;5;40;100m:.:.    S[0;31;5;40;100mXX[0;33;5;40;100m%%[0;31;5;40;100mX[0;33;5;40;100m%[0;31;5;40;100mS[0;33;5;40;100mX[0;31;5;40;100mS[0;33;5;40;100mS%[0;31;5;40;100mS[0;33;5;40;100mS[0;35;5;40;100m%[0;33;5;40;100m8[0;31;5;40;100mS[0;33;5;40;100mS[0;31;5;40;100mS[0;33;5;40;100mS%%%[0;35;5;40;100m%[0;33;5;40;100mX[0;35;5;40;100m%[0;33;5;40;100m@tttt;;t;;;:;:[0;1;30;90;43m8[0;37;5;40;100mt[0;35;5;40;100m [0;33;5;40;100m:[0;1;30;90;43m8[0;37;5;40;100m;[0;33;5;40;100m;;;;tt[0;35;5;40;100mt[0;33;5;40;100mXt%%%%S[0;31;5;40;100mS[0;33;5;40;100mS%S[0;35;5;40;100m%[0;33;5;40;100mX[0;35;5;40;100mS[0;33;5;40;100mX[0;31;5;40;100mS[0;33;5;40;100mStt%S[0;31;5;40;100mS[0;33;5;40;100mS[0;31;5;40;100mS[0;32;5;40;100mS[0;31;5;40;100mS[0;33;5;40;100mX[0;31;5;40;100mS[0;33;5;40;100mX[0;35;5;40;100mS[0;33;5;40;100mX[0;31;5;40;100m%[0;33;5;40;100mS[0;35;5;40;100mS[0;33;5;40;100m8[0;31;5;40;100mX[0;33;5;40;100mSS[0;35;5;40;100mS[0;33;5;40;100mSt[0m
[0;33;5;40;100m;;:;[0;1;30;90;43m8[0;37;5;40;100m;[0;33;5;40;100m;;t;tttt%%S%[0;31;5;40;100mX[0;33;5;40;100mX[0;31;5;40;100mS[0;33;5;40;100mS%SS[0;31;5;40;100mS[0;33;5;40;100mSX[0;31;5;40;100mS[0;33;5;40;100mSSS%SSS[0;31;5;40;100mS[0;33;5;40;100m%%[0;31;5;40;100mS[0;33;5;40;100m%%[0;30;5;40;100mS[0;33;5;40;100m%[0;31;5;40;100mS[0;33;5;40;100m%[0;31;5;40;100mS[0;33;5;40;100mS%[0;31;5;40;100mS[0;33;5;40;100m@[0;31;5;40;100mS[0;33;5;40;100mS[0;31;5;40;100mS[0;33;5;40;100m%%[0;35;5;40;100mS[0;33;5;40;100m@[0;31;5;40;100mS[0;33;5;40;100mSSX[0;35;5;40;100mX[0;33;5;40;100m8[0;35;5;40;100mS[0;33;5;40;100mXtt%[0;35;5;40;100mt[0;33;5;40;100mXS;tt:.t;:[0;35;5;40;100m.[0;33;5;40;100mttt;t[0;35;5;40;100mt[0;33;5;40;100mX%[0;35;5;40;100mt[0;33;5;40;100m%[0;35;5;40;100mt[0;33;5;40;100mS[0;35;5;40;100m%[0;33;5;40;100m%[0;35;5;40;100m;[0;33;5;40;100m%t[0;35;5;40;100m%[0;33;5;40;100mS%%%[0;35;5;40;100m;[0;33;5;40;100m%;t[0;35;5;40;100mt[0;33;5;40;100mS[0;35;5;40;100mt[0;33;5;40;100mSt;tt[0;35;5;40;100mt[0;33;5;40;100mS%S[0;35;5;40;100mt[0;33;5;40;100m%t%[0;35;5;40;100m;[0;33;5;40;100m%[0;35;5;40;100m;[0;33;5;40;100m%t[0;35;5;40;100m;[0;33;5;40;100m;[0m
