[0;1;37;97;47mSSSSSSXXXX[0;37;5;47;107m8[0;1;37;97;47mX@[0;37;5;47;107m8[0;1;37;97;47m@[0;37;5;47;107m888888888@8@8@88888888@@@XSSS%%%%%%%t%%%%%%S%%%%SSSXXSSSSSXXX@S%;tt%t;t;;tttttttt%%%%%%%%%%%%ttttt%tt;t;;ttt%X@8@XX[0m
[0;1;37;97;47m%S%S%SSSXSS@XX[0;37;5;47;107m8[0;1;37;97;47mX[0;37;5;47;107m8[0;1;37;97;47m@[0;37;5;47;107m88888888888888888@XXXXXXXXSSSSS%%%%S%SSSSS%%SSXSS%%%SSXX@@SX%tt%ttt;tt;t%%%t%%%%%t%%%tt%t%tttt%ttt%%SSXX88888@X8[0m
[0;1;37;97;47m%%%%%%%SSXXXXX@[0;37;5;47;107m8[0;1;37;97;47mX[0;37;5;47;107m8[0;1;37;97;47mX[0;37;5;47;107m88888888888@@XX@XXXSSSXSSSSSSSSSSS%S%S%%SSSSSSSt%SXX@@@@XS%%%%ttt;%t%%%%SSS%%%%%%S%%%%t%tttt%XSSXX@888888888888[0m
[0;1;37;97;47m;tttt%%%SXXX[0;37;5;47;107m8[0;1;37;97;47mSXX[0;37;5;47;107m8[0;1;37;97;47mX[0;37;5;47;107m8[0;1;37;97;47mX[0;37;5;47;107m8[0;1;37;97;47mX[0;37;5;47;107m8[0;1;37;97;47mX[0;37;5;47;107m888888@@XXXXXSSSSSS%%SSXXSS%%SXSSS%SSSSS%%%SXX@@@@@XX%tt%t%%%tS%%%S%%%%%t%%%%tttttt%tSSXSX@@@88@8888888888[0m
[0;1;37;97;47m:;;tt;%%SSXXX[0;37;5;47;107m8[0;1;37;97;47mX[0;37;5;47;107m8[0;1;37;97;47mS[0;37;5;47;107m888[0;1;37;97;47m@[0;37;5;47;107m888888888@@XSSSSSSSS%S%SXXSXXS%SXXS%XX@@@@XXXXX@@@@8@8@XXS%%SS%%%%%%%%%t%t%t%t%tt%ttt%t%%SSSSXXXXSSSXX@@8@@@@[0m
[0;1;37;97;47m;;;;t%%%SSX[0;37;5;47;107m8[0;1;37;97;47m%XXX[0;37;5;47;107m8[0;1;37;97;47mS[0;37;5;47;107m88888888888XXXXSXSSSXSS%SXXSXXXXSSSXXSSX@@@@XXXX@@@@X@88@@XXSSS%%%%%ttttt%t%t%t%%S%%%%SSS%SSSt%SSXS%%%%%SXXX@XXX[0m
[0;1;37;97;47m;;ttt%SSSXXX[0;37;5;47;107m8[0;1;37;97;47mX[0;37;5;47;107m8[0;1;37;97;47mX[0;37;5;47;107m88[0;1;37;97;47mS[0;37;5;47;107m888888888XXXSSSSSXXSS%SSSX@X@XXXXXXSSXXX@@XXX@@@@@X@888@XXXSS%%t%t%tt%%ttttttt%%S%%%SSXS%%%t%t%%%%tt;t%SXXSXXXX[0m
[0;1;37;97;47m%%SSSSXXXX@[0;37;5;47;107m8[0;1;37;97;47mS[0;37;5;47;107m8[0;1;37;97;47mX[0;37;5;47;107m8[0;1;37;97;47mX[0;37;5;47;107m88[0;1;37;97;47mX[0;37;5;47;107m88[0;1;37;97;47mX[0;37;5;47;107m888@XXXXXXSSSSSS%%t%XXXXX@XXSSSSXXX@X@@X@@88@@@88@@SSSS%%ttttttt%%%S%tt;ttt%tt%%%%%%%tttttt%%t;tttSXSSXXX@8[0m
[0;1;37;97;47mXXXSSXSXXXXX[0;37;5;47;107m8[0;1;37;97;47mS[0;37;5;47;107m8[0;1;37;97;47mX[0;37;5;47;107m88888888888@XX@8@XS%%%S%%%%%S%SSSXS%SX@@88@XXSX@@@8888@@XS%%%%t%tt;::;;;;t;;;;ttt;;ttt%t%tt;;:tS%%%%%SSXSSXSXXX@@@[0m
[0;1;37;97;47mSSXSSXSXXXX@@[0;37;5;47;107m8[0;1;37;97;47mS[0;37;5;47;107m8[0;1;37;97;47mXX[0;37;5;47;107m8[0;1;37;97;47mS[0;37;5;47;107m8[0;1;37;97;47mS[0;37;5;47;107m8888888@X@XXSt;;:...;;ttttSSSSXX@88@@XStSX@8888@XS%%tttt%tt;:;::.:::::::;;;;;;t;t;;;ttt;%%%%%t%X@@XSS%SSSXXX[0m
[0;1;37;97;47m%S%SXSSSXXXXXX[0;37;5;47;107m8[0;1;37;97;47mS[0;37;5;47;107m8[0;1;37;97;47mX[0;37;5;47;107m8[0;1;37;97;47mX[0;37;5;47;107m8[0;1;37;97;47mSX[0;37;5;47;107m8[0;1;37;97;47mS[0;37;5;47;107m888@XXXS[0;37;5;40;100mS[0;36;5;40;100mt.[0;1;30;90;47m8[0;36;5;40;100m:[0;1;30;90;47m888@%[0;1;37;97;47m.[0;37;5;47;107m;;t%SXXXXXXXXXX%%%%SS@@@X%ttttt;;;;;:;:::..:::.:::;;;;::;::;;;tt;;tt%t%%SSS%%%ttt%%SX8[0m
[0;1;37;97;47m%SSSSXXXSXSX@XXX[0;37;5;47;107m8[0;1;37;97;47mX[0;37;5;47;107m8[0;1;37;97;47mXX[0;37;5;47;107m8[0;1;37;97;47mSX[0;37;5;47;107m88888@XS8[0;36;5;40;100m%t%S;%t;[0;1;30;90;46m8[0;36;5;40;100m [0;1;30;90;47m8[0;37;5;47;107mt%%%XSXSSSS%tt%%%tt%SSS;:::.:.::;::::::...::.::::;;:::::.:::;;:::::;;;tSSSt;;;;;tX@88[0;1;37;97;47m8[0m
[0;1;37;97;47mSSSSXSSXSXXXXXX@X[0;37;5;47;107m8[0;1;37;97;47mS@XX[0;37;5;47;107m8[0;1;37;97;47mS[0;37;5;47;107m888@@XX@%[0;35;5;40;100m;[0;34;40m8XX@@8[0;34;5;40;100m8[0;34;40m8[0;1;30;90;44m@[0;36;5;40;100m [0;37;5;47;107m:SXS%t;;;t;t;;%XXSSStt;;... ...::;:::.:..:t;;:;;;tttt;:::::;;:::;;;;;;SS%t;;;;;tX@88[0;1;37;97;47m88[0m
[0;1;37;97;47mXXXXXXXSX[0;37;5;47;107m8[0;1;37;97;47mX[0;37;5;47;107m8[0;1;37;97;47m@[0;37;5;47;107m8[0;1;37;97;47mX@XX[0;37;5;47;107m8[0;1;37;97;47mS@XX[0;37;5;47;107m8[0;1;37;97;47mX[0;37;5;47;107m888@@Xt[0;1;37;97;47mS[0;36;5;40;100m;::[0;35;5;40;100m;[0;36;5;40;100mt[0;35;5;40;100m%[0;32;5;40;100mX[0;30;5;40;100mXX[0;1;30;90;40m8[0;36;5;40;100m [0;37;5;47;107m%Xttt;;;;;:;:t%%%t%tt;;: . .::;;;;:::.::;ttt;tttt%S%%t;;;;;;;;;ttt;ttt%t;:::;%S888[0;1;37;97;47m888[0;37;5;47;107m8[0m
[0;1;30;90;47mt[0;1;37;97;47m@SXXXX@@[0;37;5;47;107m8888[0;1;37;97;47m@[0;37;5;47;107m8[0;1;37;97;47mX[0;37;5;47;107m8[0;1;37;97;47mSXXXXXS[0;37;5;47;107m8888@X@t[0;1;37;97;47m [0;36;5;40;100mX.::::.  ;[0;1;30;90;47m%[0;37;5;47;107mX8888%t;%;:::.:.::;:::... ..:::::::::::;t%%ttttt%ttt;ttt;;;tt%t%tttttt;;;%%tS@8[0;1;37;97;47m88[0;37;5;47;107m8[0;1;37;97;47m8[0;37;5;47;107m88@[0m
[0;1;30;90;47mS[0;1;37;97;47m@SSX[0;37;5;47;107m8[0;1;37;97;47mX[0;37;5;47;107m888888[0;1;37;97;47m@@[0;37;5;47;107m8[0;1;37;97;47mS[0;37;5;47;107m8[0;1;37;97;47mX[0;37;5;47;107m8[0;1;37;97;47mSXXXX[0;37;5;47;107m888@X@t[0;1;30;90;47m@[0;36;5;40;100mS;:;:..:.;[0;1;30;90;47m8S[0;35;5;40;100m.[0;37;5;40;100m8[0;35;5;40;100m  [0;1;30;90;47m%: [0;37;5;40;100m8[0;1;37;97;47m;%[0;1;30;90;47m;[0;1;37;97;47m8[0;37;5;47;107mSX%;;;..:...: :;:;:;;;;;::;;;;tttttt;tt;;ttttttttttttt%%%t%S@@888[0;1;37;97;47m88[0;37;5;47;107m888@SX[0m
[0;33;5;40;100m [0;1;37;97;47m8@@88[0;37;5;47;107m8[0;1;37;97;47m@[0;37;5;47;107m88[0;1;37;97;47m8[0;37;5;47;107m888[0;1;37;97;47m@@[0;37;5;47;107m8[0;1;37;97;47mX[0;37;5;47;107m8[0;1;37;97;47m@[0;37;5;47;107m88888888@XS;[0;1;30;90;47mS[0;37;5;40;100mS[0;1;30;90;47m888888888[0;36;5;40;100m@[0;34;5;40;100m@[0;33;5;40;100mt[0;37;5;40;100m%[0;1;30;90;47m88[0;33;5;40;100m.[0;1;30;90;47m8[0;33;5;40;100m [0;1;30;90;47m8[0;33;5;40;100m [0;1;30;90;47m8[0;37;5;40;100m%[0;1;30;90;47m8[0;37;5;40;100mS[0;1;30;90;47m88888@S%%8;SS[0;1;37;97;47m;:%XX888[0;37;5;47;107m@8[0;1;37;97;47mX[0;37;5;47;107m@[0;1;37;97;47m8[0;37;5;47;107m@%St%%ttt;;;;;t;;t;t;;t;%%%SXXSSX@@8[0;1;37;97;47m88[0;37;5;47;107m88888@X@[0m
[0;1;30;90;40m8[0;1;30;90;47m@[0;1;37;97;47m888[0;37;5;47;107m8[0;1;37;97;47m@[0;37;5;47;107m8[0;1;37;97;47m8[0;37;5;47;107m888888888888888888XXS%t[0;1;30;90;47m88[0;37;5;40;100mSX[0;1;30;90;47m8[0;37;5;40;100mSX[0;1;30;90;47m88[0;37;5;40;100mS[0;1;30;90;47m8[0;35;5;40;100mX[0;1;30;90;40mX[0;33;5;40;100mt[0;37;5;40;100mX[0;33;5;40;100mX:. [0;1;30;90;47mX8[0;33;5;40;100m:[0;37;5;40;100mS[0;33;5;40;100m:[0;1;30;90;47m8[0;33;5;40;100m:[0;37;5;40;100mX[0;33;5;40;100m:[0;37;5;40;100mSS[0;1;30;90;47m8[0;37;5;40;100mSX[0;1;30;90;47m8[0;37;5;40;100mS[0;1;30;90;47m8[0;37;5;40;100mX[0;1;30;90;47m88[0;37;5;40;100mS[0;1;30;90;47m8[0;37;5;40;100mS[0;1;30;90;47m8[0;33;5;40;100m [0;1;30;90;47m8[0;37;5;40;100mS[0;1;30;90;47m8[0;37;5;40;100m%[0;1;30;90;47m8[0;33;5;40;100m [0;1;30;90;47m8[0;33;5;40;100m [0;1;30;90;47m8[0;37;5;40;100mS[0;1;30;90;47m88[0;37;5;40;100mX[0;1;30;90;47m8888X8XXt[0;1;37;97;47m.;%%X8X8%X8X[0;37;5;47;107m@X@@S@X@8@@888[0;1;37;97;47m8[0;37;5;47;107m8888[0;1;37;97;47m8[0m
[0;32;40m.[0;33;5;40;100m%[0;1;37;97;47m%@@@[0;37;5;47;107m8[0;1;37;97;47m@[0;37;5;47;107m8[0;1;37;97;47m@@@8[0;37;5;47;107m8888888XXX@@XXSXXSX[0;1;30;90;47m8[0;37;5;40;100mX[0;1;30;90;47m8[0;37;5;40;100m@[0;1;30;90;47m888[0;37;5;40;100mX[0;1;30;90;47m888[0;34;5;40;100mS[0;1;30;90;40m8[0;33;5;40;100m%[0;1;30;90;47m8[0;33;5;40;100mX[0;31;5;40;100m8S[0;33;5;40;100m [0;1;37;97;47m [0;1;30;90;47mt[0;33;5;40;100m [0;1;30;90;47m8[0;33;5;40;100m [0;1;30;90;47mS[0;1;37;97;47m [0;1;30;90;47m8[0;33;5;40;100m. [0;37;5;40;100mX[0;1;37;97;47m [0;1;30;90;47mS[0;33;5;40;100mt;:[0;1;30;90;47m8@[0;33;5;40;100m: .[0;1;30;90;47m8[0;33;5;40;100m.[0;1;30;90;47m8[0;33;5;40;100m;[0;37;5;40;100mS[0;33;5;40;100m:[0;1;30;90;47m8[0;33;5;40;100m%[0;37;5;40;100mS[0;33;47m8[0;37;5;40;100mt[0;33;47m8[0;33;5;40;100m [0;1;30;90;47m8[0;1;30;90;43m8[0;1;30;90;47m8[0;33;5;40;100m [0;33;47m8[0;37;5;40;100m%[0;1;30;90;47m88[0;1;30;90;43m8[0;1;30;90;47m888[0;37;5;40;100mXXXS[0;33;5;40;100m   [0;37;5;40;100mX[0;33;5;40;100m.    [0;37;5;40;100mXSX[0;1;30;90;47m888%%[0;37;5;40;100m8[0;1;30;90;47mt8[0;1;37;97;47m:SS8[0;37;5;47;107m8[0;1;37;97;47m8[0;37;5;47;107m8[0;1;37;97;47m8[0;37;5;47;107m8[0m
[0;32;40m.[0;1;30;90;40m8[0;1;30;90;47m8888@X%:..[0;1;37;97;47m. ::%%XX[0;37;5;47;107m888888@@@St8[0;36;5;40;100m%:::::..   X[0;31;40m8[0;33;5;40;100m.[0;33;47m8[0;33;5;40;100m [0;1;30;90;47m8[0;37;5;40;100m@[0;33;47m8[0;33;5;40;100m [0;33;47m8[0;1;30;90;47m8[0;1;30;90;43m8[0;1;30;90;47m8[0;1;30;90;43m8[0;1;30;90;47m8[0;33;47m8[0;1;30;90;47m8[0;33;5;40;100m.[0;33;47m8[0;1;30;90;47m88[0;33;5;40;100m:[0;37;5;40;100mS[0;33;5;40;100m [0;1;30;90;47m8S[0;33;5;40;100m.  [0;1;30;90;47m8[0;33;47mX[0;33;5;40;100m t.[0;1;30;90;47m8@[0;33;5;40;100m ;[0;30;41m@[0;35;5;40;100m [0;1;30;90;47m%[0;33;5;40;100m.[0;35;5;40;100m;.[0;1;30;90;47m88[0;33;5;40;100m [0;37;5;40;100m%[0;33;5;40;100m;[0;1;30;90;47m88[0;33;5;40;100m.  [0;1;30;90;47m8[0;1;30;90;43m8[0;33;5;40;100m .[0;1;30;90;47m8[0;37;43m8[0;37;5;40;100mt[0;33;5;40;100m.[0;1;30;90;47m8[0;1;30;90;43m8[0;1;30;90;47m8[0;1;30;90;43m8[0;1;30;90;47m8[0;33;5;40;100mt..[0;1;30;90;43m8[0;37;5;40;100m%[0;33;5;40;100m;...::..  [0;37;5;40;100m8[0;33;5;40;100m.[0;37;5;40;100m@[0;33;5;40;100m [0;37;5;40;100m8[0m
[0;32;40m.[0;1;30;90;40m@[0;33;5;40;100m. .::.......   [0;37;5;40;100m@[0;33;5;40;100m [0;37;5;40;100mX[0;33;5;40;100m   [0;37;5;40;100mS%SSXS[0;35;5;40;100m [0;37;5;40;100mXS[0;1;30;90;47m8[0;37;5;40;100m%[0;1;30;90;47m8[0;37;5;40;100mS[0;1;30;90;47m8[0;37;5;40;100m%[0;1;30;90;47m8[0;37;5;40;100mX[0;1;30;90;47m8[0;37;5;40;100m@[0;36;5;40;100m [0;34;5;40;100mS[0;30;5;40;100mX[0;33;5;40;100m:[0;1;30;90;47m8[0;37;43m8[0;1;30;90;47m8[0;1;30;90;43m8[0;1;30;90;47m8[0;33;47m88[0;1;30;90;47m8[0;33;47m8[0;1;30;90;47m8[0;33;47m@[0;1;30;90;47m8[0;33;47m88[0;1;30;90;47m8[0;33;47m888[0;1;30;90;47m8[0;33;47m8@8@@X@8[0;1;30;90;47m8[0;33;47m@[0;37;5;40;100m;[0;33;47m8[0;1;30;90;47m8[0;33;47m8[0;1;30;90;47m8888[0;33;47m8[0;37;5;40;100m%[0;33;47m8[0;33;5;40;100m [0;33;47m8[0;1;30;90;47m8[0;1;30;90;43m8[0;1;30;90;47m8[0;33;5;40;100m;[0;1;30;90;47m8[0;1;30;90;43m8[0;1;30;90;47m8[0;33;5;40;100m;[0;33;47m8[0;1;30;90;47m8[0;33;5;40;100m tt[0;37;5;40;100m%[0;1;30;90;47m8[0;31;5;40;100m8[0;33;5;40;100m; [0;1;30;90;47m8[0;37;5;40;100mt[0;35;5;40;100m [0;33;5;40;100m.[0;1;30;90;47m8[0;37;5;40;100mX[0;33;5;40;100m.[0;35;5;40;100m [0;37;5;40;100mX[0;1;30;90;47m8[0;33;5;40;100m%: [0;1;30;90;47m8[0;33;5;40;100m%: [0;37;5;40;100m8[0;33;5;40;100mSt::tt[0m
[0;32;40m [0;31;5;40;100m@[0;37;5;40;100m8[0;33;5;40;100m.[0;1;30;90;47m@88[0;33;5;40;100m:. . [0;1;30;90;47mX88[0;33;5;40;100mt :.[0;37;5;40;100m88[0;33;5;40;100m .:.. [0;1;30;90;47m8[0;33;5;40;100m%[0;34;5;40;100mS[0;36;5;40;100mX[0;35;5;40;100m.[0;1;30;90;47m8[0;37;5;40;100mXXX[0;1;30;90;47m8[0;37;5;40;100mX@[0;1;30;90;47m8[0;37;5;40;100m@[0;1;30;90;47m88[0;30;5;40;100m8@[0;33;5;40;100m;[0;33;47m8[0;35;5;40;100m:[0;1;30;90;47m8[0;37;5;40;100m;[0;1;30;90;47m888[0;35;5;40;100m:[0;37;5;40;100m::[0;1;30;90;47m88[0;35;5;40;100m;[0;33;5;40;100m;:[0;35;5;40;100m:[0;1;30;90;47m88[0;1;30;90;43m8[0;37;45m8[0;33;5;40;100m:[0;1;30;90;47m888[0;1;30;90;43m8[0;35;47m8[0;33;47m8[0;1;30;90;47m8[0;33;47m8[0;35;5;40;100m.[0;33;5;40;100m [0;33;47m@[0;1;30;90;47m8[0;37;43m8[0;1;30;90;47m8[0;1;30;90;43m8[0;1;30;90;47m8[0;33;47m8[0;1;30;90;47m8[0;33;47m8[0;1;30;90;47m8[0;37;43m8[0;1;30;90;47m88[0;33;47m88[0;1;30;90;47m88[0;33;47m8[0;1;30;90;47m8[0;33;47m8[0;1;30;90;47m8[0;33;47m8[0;1;30;90;47m8[0;33;47m8[0;1;30;90;47m8[0;1;30;90;43m8[0;1;30;90;47m8[0;33;47m8[0;1;30;90;47m8[0;1;30;90;43m8[0;1;30;90;47m8[0;33;47m8[0;37;5;40;100mt[0;37;43m8[0;37;5;40;100mt[0;33;47m8[0;37;5;40;100mt[0;1;30;90;43m8[0;37;5;40;100mt[0;33;5;40;100m.[0;33;47m8[0;33;5;40;100m;t[0;1;30;90;47m8[0;33;5;40;100m:[0;33;47m8[0;33;5;40;100m::; [0;37;5;40;100m@[0;33;5;40;100m@[0;31;5;40;100mS[0m
[0;32;40m [0;33;5;40;100m%[0;37;5;40;100m8[0;1;30;90;47m8[0;33;5;40;100m:[0;37;5;40;100m8[0;33;5;40;100m.[0;1;30;90;47mX8888@S8[0;33;5;40;100m;[0;37;5;40;100m@[0;33;5;40;100m [0;37;5;40;100m@[0;1;30;90;47mX[0;1;37;97;47m  [0;33;5;40;100mX[0;31;5;40;100mS[0;33;5;40;100m;. [0;33;47m8[0;33;5;40;100mS[0;31;40m8[0;34;5;40;100mX[0;37;5;40;100m8[0;1;30;90;47m8[0;37;5;40;100m8[0;1;30;90;47m8[0;37;5;40;100m@[0;1;30;90;47m8[0;37;5;40;100m8@[0;1;30;90;47m888[0;37;5;40;100m%[0;30;5;40;100m8[0;31;5;40;100mS[0;33;5;40;100m.[0;1;30;90;47m8888888[0;33;5;40;100m. [0;37;5;40;100m:[0;1;30;90;47m8[0;1;37;97;47m [0;1;30;90;47m8[0;37;5;40;100mt[0;1;30;90;47m88X[0;1;37;97;47m [0;1;30;90;47m88[0;37;5;40;100m%[0;1;30;90;47mX[0;1;37;97;47m [0;1;30;90;47m8[0;35;5;40;100m@[0;33;5;40;100m%[0;37;5;40;100mX[0;1;30;90;47m88[0;37;5;40;100mt[0;35;5;40;100m.[0;1;30;90;47m88[0;35;5;40;100m. [0;37;5;40;100m;[0;35;5;40;100m [0;1;30;90;47m8[0;35;5;40;100m .. [0;1;30;90;47m8[0;1;30;90;43m8[0;1;30;90;45m8[0;37;5;40;100m%[0;1;30;90;43m8[0;1;30;90;47m8[0;33;5;40;100m%..[0;33;47m8[0;35;5;40;100m:[0;33;47m8[0;35;5;40;100m [0;33;47m8[0;1;30;90;47m8[0;33;47m8[0;1;30;90;47m8[0;33;47m8[0;1;30;90;47m8[0;1;30;90;43m8[0;1;30;90;47m8[0;33;47m8[0;1;30;90;47m8[0;33;47m8[0;1;30;90;47m8[0;33;47m8[0;1;30;90;47m8[0;33;47m8[0;1;30;90;47m8[0;1;30;90;43m8[0;1;30;90;47m8[0;33;5;40;100mt[0;33;47m8[0;1;30;90;47m8[0;1;30;90;43m8[0;1;30;90;47m8[0;33;47m8[0;37;5;40;100m%[0;33;47m8[0;33;5;40;100m:[0;37;5;40;100mX[0;33;5;40;100m:[0m
[0;31;40m;[0;33;5;40;100m;.[0;1;30;90;43m8[0;1;30;90;47m8[0;1;30;90;43m88[0;33;5;40;100m.[0;1;30;90;43m88[0;33;5;40;100m:[0;1;30;90;43m88[0;33;5;40;100m:[0;1;30;90;43m8[0;37;5;40;100mX[0;1;30;90;43m8[0;37;5;40;100mX[0;1;30;90;43m8[0;33;5;40;100m [0;37;43m8[0;33;5;40;100m. .  [0;33;47m8[0;1;30;90;47m8[0;33;5;40;100mX[0;30;5;40;100mX[0;31;5;40;100m%[0;36;5;40;100m:     [0;37;5;40;100mX[0;36;5;40;100m  [0;37;5;40;100mX@[0;36;5;40;100m:[0;30;5;40;100m8[0;33;5;40;100m@ [0;37;43m8[0;1;30;90;43m8[0;1;30;90;47m8[0;1;30;90;43m8[0;33;47m@88[0;1;30;90;47m8[0;33;47m888[0;1;30;90;43m8[0;1;30;90;47m8[0;33;47m8[0;37;5;40;100m.[0;33;47m8[0;1;30;90;47m8[0;1;30;90;43m8[0;1;30;90;47m8[0;37;5;40;100m%[0;33;47m8[0;1;30;90;47m8[0;33;47m8[0;1;30;90;47m8[0;33;5;40;100m:[0;1;30;90;47m8888[0;33;5;40;100m..[0;1;30;90;47m88888888[0;33;5;40;100m%[0;35;5;40;100m.[0;1;30;90;47m888[0;33;5;40;100mX[0;35;5;40;100m.[0;1;30;90;47m88[0;35;5;40;100mS[0;31;5;40;100m8X[0;37;5;40;100mS[0;1;30;90;47m8[0;35;5;40;100m8[0;33;5;40;100m@[0;35;5;40;100m8[0;1;30;90;47m8[0;35;5;40;100m;[0;31;5;40;100m8S[0;1;30;90;47m88[0;35;5;40;100m.:[0;33;5;40;100m:[0;35;5;40;100m [0;33;5;40;100m.[0;35;5;40;100m:[0;33;5;40;100m;  [0;37;5;40;100m:[0;33;5;40;100m:;t.[0;37;5;40;100m:[0;33;5;40;100m.[0;37;5;40;100m%[0;1;30;90;43m8[0;35;5;40;100m [0;33;47m8[0;33;5;40;100m;.[0m
[0;1;30;90;40m8[0;33;5;40;100m:[0;33;47m8[0;37;5;40;100mS[0;1;30;90;43m8[0;1;30;90;47m88[0;1;30;90;43m8[0;1;30;90;47m88[0;1;30;90;43m8[0;1;30;90;47m88[0;1;30;90;43m8[0;1;30;90;47m8[0;1;30;90;43m8[0;1;30;90;47m8[0;1;30;90;43m8[0;1;30;90;47m8[0;33;47m8[0;33;5;40;100m [0;33;47m8[0;1;30;90;47m8[0;37;43m8[0;1;30;90;47m8[0;37;43m8[0;33;5;40;100m [0;33;47m8[0;31;5;40;100m@[0;30;5;40;100m8[0;36;5;40;100mX[0;37;5;40;100mS[0;1;30;90;47m8[0;37;5;40;100m@8[0;1;30;90;47m8[0;37;5;40;100m@@[0;1;30;90;47m8[0;37;5;40;100m@@[0;1;30;90;47m8[0;36;5;40;100m%[0;30;5;40;100m8[0;31;5;40;100mX[0;1;30;90;47m8[0;33;5;40;100m.[0;33;47m8[0;1;31;91;47m8[0;1;30;90;47m8[0;33;47m8[0;1;30;90;45m8[0;33;47m88[0;35;47m8[0;37;43m8[0;35;47m8[0;33;47m8[0;1;30;90;47m8[0;33;47m8[0;1;31;91;47m@[0;1;30;90;47m8[0;33;47m8[0;35;47m8[0;33;47m88[0;1;30;90;47m8[0;33;47m8[0;1;30;90;47m8[0;37;43m8[0;1;30;90;47m8[0;33;47m8888@[0;35;5;40;100m:[0;33;47m8888[0;1;30;90;43m8[0;33;47m@88[0;1;30;90;47m8[0;1;31;91;43m8[0;1;30;90;47m8[0;1;30;90;43m8[0;1;30;90;47m8[0;33;47m8[0;37;5;40;100m:[0;33;47m8[0;1;30;90;43m8[0;1;30;90;47m8[0;1;30;90;43m8[0;1;30;90;47m8[0;1;30;90;43m8[0;1;30;90;47m8[0;1;30;90;43m8[0;33;5;40;100m [0;1;30;90;43m8[0;1;30;90;47m8[0;1;30;90;43m8[0;37;5;40;100m%[0;33;5;40;100m:[0;1;30;90;47m8[0;1;30;90;43m8[0;1;30;90;47m8[0;1;30;90;43m8[0;1;30;90;47m88[0;1;30;90;43m8[0;35;5;40;100m.[0;1;30;90;43m8[0;1;30;90;47m8[0;33;47m8[0;37;5;40;100m:[0;1;30;90;47m8[0;33;5;40;100m;[0;35;5;40;100m;[0;33;5;40;100m;t[0;31;5;40;100mX[0;33;5;40;100mt[0;31;5;40;100m88@8X[0m
[0;30;5;40;100mS[0;33;5;40;100mt[0;35;5;40;100mt.:[0;33;5;40;100m;[0;35;5;40;100m; [0;33;5;40;100m;[0;35;5;40;100m. [0;33;5;40;100m. [0;1;30;90;47m8[0;33;5;40;100m%[0;35;5;40;100m.[0;33;5;40;100m.[0;37;5;40;100m;[0;1;30;90;43m8[0;1;30;90;47m8[0;33;5;40;100m;[0;1;30;90;43m8[0;37;5;40;100m;[0;33;5;40;100m.[0;37;43m8[0;37;5;40;100m;[0;33;47m8[0;37;5;40;100m;[0;31;5;40;100m@[0;34;5;40;100m@[0;36;5;40;100m;[0;1;30;90;47m@X@Xt;t:[0;1;37;97;47m. .[0;35;5;40;100m [0;30;5;40;100m8[0;31;5;40;100mS[0;33;5;40;100m.[0;33;47m8[0;35;5;40;100m%[0;33;5;40;100m;[0;35;5;40;100m;[0;37;5;40;100mt[0;33;47m@[0;35;5;40;100m.[0;33;5;40;100m [0;1;30;90;43m8[0;35;5;40;100m:[0;1;30;90;47m8[0;33;5;40;100m:[0;1;30;90;43m8[0;1;30;90;45m8[0;1;30;90;43m8[0;37;5;40;100m:[0;33;47m8[0;33;5;40;100m;.[0;37;43m8[0;1;30;90;45m8[0;37;43m8[0;1;30;90;45m8[0;33;47m8[0;37;43m8[0;1;30;90;45m8[0;33;47m8[0;1;30;90;45m8[0;33;47m88[0;35;5;40;100mt[0;33;47m8[0;1;31;91;47m8[0;1;30;90;47m88[0;1;31;91;47m@[0;1;30;90;47m8[0;33;47m8[0;35;5;41;101mS[0;1;30;90;47m.X[0;33;47m8[0;1;30;90;47m8[0;33;47m8[0;1;31;91;47m8[0;1;30;90;47m8[0;33;47m8[0;35;47m8[0;37;43m8[0;1;30;90;47m8[0;33;47m8[0;1;30;90;47m8[0;33;47m8[0;1;30;90;47m8[0;33;47m8[0;1;30;90;47m8[0;1;30;90;43m8[0;1;30;90;47m8[0;33;47m8[0;1;30;90;47m8[0;37;43m8[0;1;30;90;47m8[0;37;43m8[0;35;47m8[0;1;30;90;43m8[0;1;30;90;47m8[0;33;47m8[0;1;30;90;47m8[0;33;47m8[0;35;5;40;100m:[0;33;47m8[0;1;30;90;43m8[0;33;47m8[0;33;5;40;100m.[0;1;30;90;43m8[0;1;30;90;41m888[0;31;5;40;100m8[0;1;30;90;40m@8[0;31;5;40;100m@[0;32;40mX[0;30;5;40;100m8[0m
[0;30;5;40;100m@[0;34;5;40;100mS[0;36;5;40;100m@[0;35;5;40;100mS[0;36;5;40;100mX[0;35;5;40;100mX[0;36;5;40;100mt[0;35;5;40;100m%;::::@[0;31;5;40;100m88[0;35;5;40;100m:. [0;1;30;90;47m%[0;1;37;97;47m [0;1;30;90;47m8[0;37;5;40;100m;[0;1;30;90;47m8[0;35;5;40;100m.[0;1;30;90;47m8[0;37;5;40;100mt[0;33;47m8[0;31;5;40;100m8[0;30;5;40;100m@[0;33;5;40;100m [0;1;30;90;47m;tt%;ttt::[0;1;37;97;47m:[0;35;5;40;100m [0;30;5;40;100m8[0;33;5;40;100mS[0;1;30;90;47m8[0;33;5;40;100m [0;1;30;90;47m8[0;37;5;40;100mS[0;1;30;90;47m8S[0;1;37;97;47m  [0;1;30;90;47m8888[0;1;37;97;47m [0;1;30;90;47m8888888[0;37;5;40;100mt[0;1;30;90;47m88[0;1;37;97;47m [0;1;30;90;47m8888S88[0;31;5;40;100mS[0;37;5;40;100m%[0;1;30;90;47m88[0;33;5;40;100m; [0;37;5;40;100m:[0;1;30;90;47m8%[0;33;5;40;100mt [0;37;5;40;100mt[0;1;30;90;47m8[0;33;5;40;100m :;:[0;33;47m8[0;35;5;40;100m:[0;33;5;40;100m:[0;35;5;40;100m.[0;1;30;90;43m8[0;35;47m8[0;1;30;90;43m8[0;35;5;40;100m;[0;33;5;40;100m.[0;1;30;90;47m8[0;1;30;90;43m8[0;1;30;90;47m8[0;33;5;40;100mS[0;35;5;40;100m.[0;33;47m8[0;35;5;40;100m;[0;37;43m8[0;35;5;40;100m [0;33;47m8[0;1;30;90;45m8[0;1;30;90;43m8[0;1;30;90;47m8[0;1;31;91;43m8[0;1;30;90;47m88[0;1;30;90;43m8[0;35;47m8[0;1;30;90;41m8[0;33;5;40;100mS[0;31;5;40;100m8[0;32;40mX[0;30;5;40;100m8[0;31;5;40;100m8[0;1;30;90;40m88[0;31;5;40;100m8[0;30;5;40;100m8[0m
[0;36;5;40;100mSX[0;34;5;40;100mX[0;36;5;40;100m8[0;34;5;40;100m@[0;36;5;40;100mX[0;34;5;40;100mS[0;36;5;40;100mXS%t[0;34;5;40;100mS[0;36;5;40;100mt[0;30;5;40;100mX[0;1;30;90;40m8[0;30;5;40;100m8@[0;31;5;40;100m8S[0;33;5;40;100mt;:[0;1;30;90;43m8[0;1;30;90;47m8[0;1;30;90;43m8[0;1;30;90;47m8[0;1;30;90;43m8[0;35;5;40;100m [0;31;5;40;100mS[0;33;5;40;100m;t[0;30;5;40;100mX[0;33;5;40;100m: [0;1;30;90;47m@8@@@SXX[0;33;5;40;100mt[0;1;30;90;40m8[0;31;5;40;100mS[0;1;30;90;43m8[0;1;30;90;47m8[0;33;47m8[0;33;5;40;100m.[0;33;47m8[0;1;30;90;47m8[0;33;47m8[0;1;30;90;43m8[0;35;47m@[0;33;47m8[0;1;30;90;47m8[0;33;47m8[0;1;30;90;47m8[0;37;43m8[0;33;5;40;100m%[0;1;30;90;41m@[0;30;41m8[0;1;30;90;41m8[0;31;40m8[0;30;41m8[0;1;30;90;41m8[0;33;5;40;100m@[0;37;5;40;100m%t[0;1;30;90;47m@tSXX8X88@8@@8SSX@88X8888@[0;37;5;40;100m;[0;1;30;90;47m88888[0;35;5;40;100m [0;1;30;90;47m88[0;35;5;40;100m.[0;1;30;90;47m8[0;35;5;40;100m [0;1;30;90;47mX8[0;35;5;40;100m [0;1;30;90;47m8[0;35;5;40;100m.[0;1;30;90;47m8[0;35;5;40;100mt[0;31;5;40;100mX[0;35;5;40;100m [0;37;5;40;100m%[0;35;5;40;100m:S[0;33;5;40;100m@%[0;30;5;40;100m8@@[0;1;30;90;40m8888[0;32;40mS[0;31;5;40;100m8[0m
[0;36;5;40;100m [0;33;5;40;100m.: ::[0;36;5;40;100m.[0;35;5;40;100m:t[0;30;5;40;100m888[0;36;5;40;100m:[0;1;30;90;40m8[0;32;40m8[0;30;5;40;100mS[0;32;40mX[0;1;30;90;40m88[0;31;5;40;100mS[0;30;41m8[0;33;5;40;100m8[0;30;41m8[0;31;5;40;100m@[0;1;30;90;41m8[0;30;41m8[0;33;5;40;100m8[0;1;30;90;41m8[0;32;40mX[0;1;30;90;40m8[0;31;40m%[0;1;30;90;40m88[0;31;40mS[0;1;30;90;40m8[0;32;5;40;100mX[0;30;5;40;100mX[0;36;5;40;100m%[0;30;5;40;100mS[0;36;5;40;100mt[0;30;5;40;100m8[0;31;40m@[0;30;5;40;100mX[0;1;30;90;40m8[0;31;5;40;100m@8S[0;1;30;90;43m8[0;1;30;90;47m8[0;1;30;90;43m8[0;1;30;90;47m8[0;33;47m8[0;1;30;90;47m8[0;37;43m8[0;1;30;90;47m8[0;1;31;91;43m8[0;37;5;40;100mt[0;1;30;90;43m8[0;1;30;90;41mS[0;31;40m8[0;32;40mX[0;1;30;90;40mX[0;32;40m8[0;1;30;90;40m@[0;32;40mS:[0;31;40mS[0;1;30;90;40m8[0;31;40m8[0;31;5;40;100mX[0;37;5;40;100mX[0;1;30;90;47m:;t;:[0;37;5;40;100m8[0;1;30;90;47mS..   :;;. [0;1;37;97;47m;[0;1;30;90;47m  .     . .: %..:.;:;S%[0;37;5;40;100mt[0;31;5;40;100m8[0;30;5;40;100m8[0;31;40m@[0;1;30;90;40m8[0;31;40m8S%[0;1;30;90;40mX[0;31;40m%[0;32;40m%[0;31;40mX[0;32;40m%[0;31;40mX[0;1;30;90;40m8[0;31;40mS[0;1;30;90;40mX[0;32;40m%[0m
[0;33;5;40;100m:[0;36;5;40;100m:[0;33;5;40;100m  [0;36;5;40;100m;[0;33;5;40;100m%[0;34;5;40;100mS[0;30;5;40;100m88[0;32;40m:[0;34;40mt[0;36;5;40;100mt[0;33;5;40;100mt[0;32;40mS[0;31;40m8[0;32;40m@[0;1;30;90;41m8[0;30;42m8[0;1;30;90;41m8[0;30;42m8[0;32;40m8[0;30;5;40;100m8[0;32;40m8S[0;1;30;90;40m8[0;32;40m8[0;1;30;90;40m@[0;32;40m%[0;31;40m@[0;1;30;90;40mX[0;32;40mX[0;31;40mS[0;32;40mX[0;1;30;90;40m@[0;32;40m;[0;31;40m%[0;32;40mt[0;31;40mX[0;32;40mS[0;31;40mX[0;1;30;90;40m8[0;32;40m@[0;31;40m8[0;32;40m@%[0;31;40mX[0;1;30;90;40m8[0;30;41m8[0;31;40m8[0;1;30;90;41m8[0;31;40m8[0;30;41m8[0;31;40m8[0;30;41m8[0;31;40m8[0;30;5;40;100mX[0;31;40m8[0;1;30;90;40m@8[0;32;40m%[0;1;30;90;40m@S@[0;31;40mt[0;1;30;90;40mX[0;32;40mt[0;1;30;90;40mS[0;31;40m%[0;30;5;40;100m8[0;32;5;40;100mX[0;35;5;40;100m  ..:[0;37;5;40;100m8[0;1;30;90;47m8[0;37;5;40;100m@888[0;35;5;40;100m;[0;37;5;40;100m@[0;1;30;90;47m88[0;37;5;40;100m8[0;1;30;90;47m8[0;37;5;40;100m888[0;35;5;40;100m : [0;1;30;90;47m%[0;35;5;40;100m [0;1;30;90;47mS[0;37;5;40;100m8[0;1;30;90;47mX[0;35;5;40;100m [0;1;30;90;47mS[0;35;5;40;100m:[0;1;30;90;47mS[0;37;5;40;100m88[0;1;30;90;47m@[0;37;5;40;100m8[0;1;30;90;47mX[0;37;5;40;100m88[0;1;30;90;47mXXS[0;33;5;40;100m;[0;31;40mS[0;32;40m%[0;1;30;90;40mX[0;32;40m;S[0;1;30;90;40mX[0;32;40m;[0;31;40m;[0;32;40mS[0;31;40mX[0;1;30;90;40m@[0;31;40mt[0;32;40m%[0;31;40m%[0;32;40mS[0;31;40m%[0;34;40mt[0m
[0;36;5;40;100mt[0;30;5;40;100mX[0;33;5;40;100m. [0;30;5;40;100mX8[0;1;30;90;40m@[0;33;5;40;100mS[0;1;30;90;40m8X@[0;33;5;40;100m;[0;1;30;90;40mX[0;31;40mt[0;1;30;90;40m88[0;32;40m%[0;31;40mS[0;32;40m%[0;31;40m;t%[0;1;30;90;40m8[0;31;40mX[0;32;40m@[0;31;40m8[0;1;30;90;40m@[0;31;40m%[0;32;40m@[0;1;30;90;40mS[0;31;40mt[0;32;40m%[0;31;40mS[0;32;40mt[0;1;30;90;40m@[0;31;40mt[0;32;40mt[0;1;30;90;40mS[0;31;40mt[0;32;40mS[0;31;40mS[0;1;30;90;40mX[0;32;40m%[0;31;40mX[0;1;30;90;40m8[0;32;40mS[0;1;30;90;40mX[0;32;40mSt[0;34;40m;[0;32;40m%[0;31;40mt[0;32;40m%[0;1;30;90;40mX[0;34;40mt[0;32;40m;[0;31;40m%[0;1;30;90;40mX[0;32;40mt[0;31;40mS[0;1;30;90;40mS[0;32;40m%[0;31;40m%[0;32;40mS[0;31;40mt[0;34;40mt[0;32;5;40;100mS[0;33;5;40;100m%[0;32;5;40;100mS[0;35;5;40;100mt[0;33;5;40;100m%[0;36;5;40;100m%[0;33;5;40;100m;[0;36;5;40;100mt[0;33;5;40;100mS[0;36;5;40;100m;[0;33;5;40;100m;:[0;37;5;40;100mX[0;33;5;40;100m. [0;36;5;40;100m.;tS[0;35;5;40;100m;[0;36;5;40;100mX[0;33;5;40;100m:[0;35;5;40;100m [0;37;5;40;100m8[0;36;5;40;100m .[0;33;5;40;100m [0;35;5;40;100m. .;[0;36;5;40;100m%[0;35;5;40;100m; [0;37;5;40;100m8X@[0;1;30;90;47m8[0;37;5;40;100m@[0;1;30;90;47m8[0;37;5;40;100m8X[0;35;5;40;100m. [0;37;5;40;100m88X[0;33;5;40;100m%[0;34;40mt[0;31;40m;;;[0;32;40m:[0;31;40m;[0;32;40mt[0;34;40m%[0;1;30;90;40mS[0;32;40mt[0;31;40mt[0;1;30;90;40mS[0;34;40mt[0;1;30;90;40mX[0;31;40mt[0;32;40mt[0m
[0;33;5;40;100m [0;37;5;40;100m@[0;33;5;40;100m [0;1;30;90;47m;[0;33;5;40;100m%[0;1;30;90;40m@[0;32;5;40;100mS[0;35;5;40;100m [0;36;5;40;100m%[0;1;30;90;40m8[0;36;5;40;100mt[0;33;5;40;100m :[0;32;5;40;100mX[0;31;40mt[0;32;40m;[0;31;40m;[0;32;40m;[0;31;40m;[0;32;40m:.::[0;1;30;90;40m88[0;32;40mX[0;31;40m%[0;32;40mS[0;34;40m%[0;31;40m;[0;32;40mt[0;34;40m%[0;32;40mt[0;31;40m%[0;32;40m%[0;34;40mt[0;31;40mt[0;32;40mt[0;34;40mt[0;1;30;90;40mS[0;32;40m;[0;31;40m;[0;34;40m%[0;32;40mt[0;31;40mtt[0;1;30;90;40mS[0;31;40m;[0;34;40mt[0;31;40mt[0;32;40m%[0;34;40m%[0;31;40mt[0;32;40mt[0;31;40m;[0;32;40m;[0;34;40m;[0;32;40mt[0;1;30;90;40mX[0;32;40mt[0;1;30;90;40mX[0;31;40mt[0;1;30;90;40m@8[0;32;40m%[0;30;5;40;100m8[0;33;5;40;100m [0;37;5;40;100m%8[0;1;30;90;47m8[0;37;5;40;100m8[0;1;30;90;47m8[0;37;5;40;100m888[0;1;30;90;47m888@X@[0;37;5;40;100m8888888[0;1;30;90;47m88[0;37;5;40;100m88[0;1;30;90;47m@[0;37;5;40;100m888[0;33;5;40;100m [0;37;5;40;100m8[0;33;5;40;100m [0;1;30;90;47m@888888888[0;37;5;40;100mS@[0;1;30;90;47m88[0;35;5;40;100m [0;33;5;40;100m.[0;30;5;40;100m8[0;32;40m:;[0;34;40m:[0;31;40m;[0;34;40mt[0;31;40m%[0;32;40mt[0;31;40m%[0;34;40m%[0;32;40mt[0;31;40m%[0;32;40mt[0;31;40mt[0;34;40mt[0m
[0;33;5;40;100m:  t[0;32;5;40;100mS[0;35;5;40;100m t[0;30;5;40;100mX[0;1;30;90;40m8[0;30;5;40;100mX[0;33;5;40;100m [0;1;30;90;47m@[0;33;5;40;100mt[0;31;5;40;100mX[0;32;40mS[0;31;40m;[0;34;40m:[0;31;40mt[0;32;40mt[0;34;40m:[0;31;40m::[0;32;40m:[0;31;40m;[0;32;40mS[0;31;40mX[0;34;40m%[0;1;30;90;40m@[0;31;40mt[0;32;40mt[0;31;40mtt[0;1;30;90;40mS[0;32;40mt[0;31;40m%[0;1;30;90;40mX[0;32;40m;[0;31;40m;[0;32;40mt[0;31;40mt[0;34;40mt[0;32;40m%[0;31;40mS[0;1;30;90;40mS[0;32;40m;[0;34;40mt[0;32;40m%[0;1;30;90;40mS[0;32;40m%[0;31;40m%[0;1;30;90;40mS[0;32;40m;[0;34;40m;[0;31;40mt[0;32;40mt[0;34;40mt[0;31;40mt[0;1;30;90;40mX[0;31;40m;[0;1;30;90;40m@@[0;32;40mX[0;1;30;90;40m8[0;31;40m%[0;1;30;90;40m88[0;33;5;40;100m;[0;35;5;40;100m.[0;33;5;40;100m. .     [0;37;5;40;100mS[0;33;5;40;100m   [0;37;5;40;100m8[0;1;30;90;47m8[0;33;5;40;100m [0;37;5;40;100m@[0;33;5;40;100m:  [0;37;5;40;100m8[0;33;5;40;100m [0;37;5;40;100m@[0;33;5;40;100m   [0;37;5;40;100m8[0;33;5;40;100m [0;37;5;40;100m8[0;33;5;40;100m [0;37;5;40;100m8[0;1;30;90;47m@[0;37;5;40;100m8[0;33;5;40;100m:. [0;1;30;90;47m8[0;33;5;40;100m   t[0;35;5;40;100m:[0;33;5;40;100m..:[0;37;5;40;100mXX[0;36;5;40;100m:[0;33;5;40;100m;[0;31;40m;[0;1;30;90;40mX[0;32;40m::;[0;31;40m;[0;34;40m;[0;32;40m%[0;31;40m%[0;32;40m;[0;34;40m;[0;31;40mt[0;32;40m%[0;31;40mt[0m
[0;33;5;40;100m%S[0;36;5;40;100mt[0;30;5;40;100m8[0;35;5;40;100m;[0;33;5;40;100m@[0;30;5;40;100mX[0;37;5;40;100mX[0;1;30;90;47mSS[0;33;5;40;100m;%S[0;30;5;40;100m8[0;1;30;90;40mX[0;34;40m:[0;1;30;90;40m@[0;32;40m;[0;31;40m;[0;34;40m:[0;32;40m:[0;31;40m;[0;32;40mt[0;31;40mt[0;32;40m;[0;1;30;90;40mS[0;32;40mt[0;31;40mt[0;32;40mt[0;34;40m;[0;32;40m%[0;1;30;90;40mS[0;31;40mt[0;1;30;90;40mX[0;32;40m;[0;31;40m:[0;32;40m;[0;34;40mt[0;31;40m%[0;1;30;90;40m8[0;30;5;40;100m8[0;31;40mt[0;32;40m%[0;34;40mt[0;31;40mt[0;32;40mS[0;31;40mS[0;1;30;90;40mS[0;31;40mt[0;32;40m%[0;31;40mt[0;32;40mt[0;31;40mt[0;32;40mt[0;34;40mt[0;31;40mt[0;32;40m%[0;31;40mt[0;32;40m%[0;1;30;90;40mX8[0;31;40mX[0;32;40m8[0;1;30;90;40m8[0;32;40m%[0;31;40m@[0;30;5;40;100m8[0;33;5;40;100mS[0;35;5;40;100m.[0;33;5;40;100m:   [0;37;5;40;100m8[0;33;5;40;100m [0;1;30;90;47mX[0;37;5;40;100m8[0;33;5;40;100m [0;1;30;90;47m@[0;33;5;40;100m.[0;37;5;40;100m8[0;1;30;90;47mS[0;33;5;40;100m  [0;1;30;90;47m8[0;33;5;40;100m [0;37;5;40;100m8[0;33;5;40;100m  [0;37;5;40;100m88[0;33;5;40;100m [0;37;5;40;100m8[0;33;5;40;100m:.;[0;37;5;40;100m8[0;33;5;40;100m% [0;1;30;90;47m@[0;33;5;40;100m: ..   .    [0;37;5;40;100mX[0;33;5;40;100m ;[0;36;5;40;100m [0;33;5;40;100m.[0;1;30;90;40m8[0;31;40m%[0;32;40mt[0;31;40m;[0;32;40m;[0;31;40mt[0;34;40m;[0;32;40mt[0;31;40mt[0;32;40mt[0;34;40mt[0;31;40mt[0;32;40mt[0m
[0;30;5;40;100mS[0;31;5;40;100mS[0;33;5;40;100mS[0;35;5;40;100m%[0;33;5;40;100m%[0;34;5;40;100mX[0;33;5;40;100m [0;1;30;90;47m;[0;33;5;40;100mtX;t[0;34;40mt[0;32;40mt[0;31;40mt[0;32;40mt[0;31;40m;[0;34;40m:[0;32;40m;[0;31;40m:[0;32;40m:[0;34;40m:[0;32;40m;[0;31;40mt[0;34;40mt[0;32;40m%[0;31;40mt[0;32;40m;[0;34;40m;[0;31;40mt[0;34;40m;[0;1;30;90;40m88[0;31;40mt[0;32;40m;[0;34;40mt[0;31;40mt[0;32;40mt[0;1;30;90;40m8[0;30;5;40;100m@[0;32;40m;[0;31;40m;[0;34;40m;[0;32;40m%[0;31;40m%[0;1;30;90;40mX[0;32;40mt[0;1;30;90;40mX[0;32;40mt[0;1;30;90;40mXSS@[0;31;40m;[0;32;40mt[0;34;40m;[0;31;40m;[0;32;40mt[0;34;40m%[0;31;40mS[0;32;40m8[0;30;5;40;100m@[0;1;30;90;40m8[0;31;40mS[0;32;40m@[0;1;30;90;40m8[0;32;40m%[0;31;40mt[0;1;30;90;40m@[0;32;40mX[0;30;5;40;100m8@[0;33;5;40;100m8[0;30;5;40;100mX[0;33;5;40;100m8 [0;1;30;90;47m;[0;33;5;40;100m8[0;37;5;40;100m8[0;1;30;90;47m;[0;37;5;40;100m8[0;1;30;90;47mS[0;33;5;40;100mS[0;1;30;90;47m%[0;37;5;40;100m88[0;1;30;90;47m;t%[0;33;5;40;100m8X  [0;37;5;40;100m8[0;33;5;40;100m8%[0;37;5;40;100m8[0;33;5;40;100m. [0;37;5;40;100m8[0;1;30;90;47mt[0;33;5;40;100m  [0;1;30;90;47m:@8[0;33;5;40;100m.[0;1;30;90;47m@8[0;33;5;40;100mX[0;31;5;40;100mS[0;33;5;40;100mt@[0;30;5;40;100m8S[0;32;5;40;100mX[0;31;40m;[0;32;40mt[0;31;40mt[0;1;30;90;40mX[0;34;40mt[0;1;30;90;40m@[0;32;40mt[0;31;40m%[0;34;40mt[0;32;40mt[0;31;40mt[0;32;40m;[0;34;40m;[0;31;40m;[0m
[0;30;5;40;100m@[0;36;5;40;100mX[0;1;30;90;40m8[0;32;5;40;100mX[0;30;5;40;100mX[0;33;5;40;100m%.%:[0;30;5;40;100m8[0;1;30;90;40mX@[0;31;40m%[0;32;40mS[0;31;40m%[0;32;40mt[0;31;40m;[0;32;40m:[0;31;40m;[0;34;40m:[0;32;40m;[0;31;40mt[0;32;40mt[0;34;40m;[0;31;40mt[0;32;40m;[0;34;40m:[0;31;40m;[0;32;40m;[0;31;40mt[0;32;40mt[0;31;40m%[0;30;5;40;100m88[0;32;40m:[0;31;40mt[0;32;40mt[0;1;30;90;40m88[0;31;40m%[0;32;40m%[0;1;30;90;40m@[0;31;40m%[0;1;30;90;40mX[0;32;40m%[0;31;40mt[0;1;30;90;40mX[0;31;40m;[0;1;30;90;40m@X[0;31;40m%[0;1;30;90;40mX888[0;32;40m;[0;34;40m;[0;31;40mt[0;32;40mS[0;1;30;90;40m88[0;31;40mX[0;32;40m8[0;1;30;90;40m8[0;31;40mX[0;32;40m%[0;31;40mS[0;32;40mS[0;31;40m%[0;1;30;90;40mS[0;31;40m%[0;32;40mt[0;31;40mt[0;32;40mt[0;31;40mt[0;30;5;40;100m@[0;31;40mX[0;32;40m@[0;1;30;90;40m8[0;31;40m8[0;32;5;40;100m8[0;31;40m@[0;32;40m8[0;31;40m@[0;32;40m8[0;31;40m8[0;32;5;40;100mX[0;31;40m8[0;32;40m8[0;31;40mt[0;32;40m%[0;30;5;40;100m8[0;32;40m@[0;31;40m8[0;32;40m@[0;1;30;90;40m@8[0;30;5;40;100mX[0;31;40m@[0;33;5;40;100m8[0;1;30;90;40m8[0;30;5;40;100mX[0;31;40m@[0;32;5;40;100mX[0;31;5;40;100m@[0;30;5;40;100m@S[0;31;40m@[0;30;5;40;100m8[0;32;40mS[0;1;30;90;40m@[0;31;40m;[0;32;40m;[0;31;40m%[0;32;40m%[0;31;40mS[0;1;30;90;40m@@X[0;32;40m%[0;1;30;90;40m@[0;31;40m%[0;1;30;90;40mX[0;32;40mt[0;31;40m;[0;34;40m:[0;31;40m::[0;32;40m;[0;31;40m;[0m
[0;33;5;40;100mt[0;31;5;40;100mS[0;33;5;40;100mt[0;35;5;40;100mX[0;30;5;40;100mX[0;33;5;40;100m.[0;37;5;40;100m@[0;33;5;40;100mX[0;34;40m.[0;31;40m:[0;32;40m::;[0;31;40mt[0;34;40m%[0;32;40mt[0;31;40mt[0;34;40m;[0;32;40m;[0;31;40m;[0;34;40m:[0;32;40m:[0;31;40m;[0;32;40m;:[0;31;40mt[0;1;30;90;40mX[0;32;40m;[0;31;40m;[0;32;40mt[0;34;40mt[0;32;40mS[0;30;5;40;100m88[0;1;30;90;40m@[0;32;40m:[0;1;30;90;40m@[0;30;5;40;100m88[0;1;30;90;40m8[0;31;40mS[0;32;40mS[0;1;30;90;40mS[0;31;40m;[0;34;40mt[0;32;40mt[0;1;30;90;40m@X88@8[0;32;40m%[0;1;30;90;40m@[0;31;5;40;100mX[0;32;40mS[0;1;30;90;40m8[0;31;40m%[0;1;30;90;40mX[0;31;40m%[0;32;40m8[0;1;30;90;40m8[0;31;40mX[0;32;40mS[0;1;30;90;40m@S[0;34;40m;[0;1;30;90;40mS[0;32;40m;[0;31;40m:[0;32;40mt[0;31;40mt[0;32;40m%[0;31;40m%[0;32;40m%%[0;1;30;90;40m8[0;31;40mS[0;32;40mX[0;1;30;90;40m8[0;31;40m;[0;1;30;90;40m8[0;31;40mX[0;1;30;90;40m88[0;32;40mS[0;31;40mX[0;1;30;90;40m888[0;31;40m@[0;1;30;90;40m8[0;31;40m@[0;32;40m@[0;1;30;90;40m88[0;31;5;40;100mS[0;33;5;40;100m8[0;36;5;40;100mt[0;33;5;40;100m [0;1;30;90;47m888[0;37;5;40;100m@[0;33;5;40;100m   [0;37;5;40;100mS[0;33;5;40;100m [0;35;5;40;100m [0;36;5;40;100m .[0;35;5;40;100m.[0;36;5;40;100m:[0;35;5;40;100m;[0;36;5;40;100mX[0;30;5;40;100mX[0;34;5;40;100m%[0;33;5;40;100m%[0;35;5;40;100mX[0;32;5;40;100mS[0;36;5;40;100mt[0;35;5;40;100m;[0;36;5;40;100m  ;[0;34;40m;[0;31;40m:[0;34;40m;[0;32;40m;[0m
[0;33;5;40;100mt[0;36;5;40;100mS[0;30;5;40;100mX[0;33;5;40;100mS[0;30;5;40;100mS[0;33;5;40;100m [0;37;5;40;100m@[0;31;40mt[0;32;40m:[0;34;40m:[0;31;40m::[0;34;40m;[0;32;40m%[0;31;40mt[0;34;40m;[0;32;40mt[0;31;40m;[0;32;40m;[0;31;40m:[0;32;40mt[0;31;40mt[0;32;40mt[0;31;40m%[0;32;40m%[0;1;30;90;40mS[0;31;40mt[0;32;40mS[0;1;30;90;40mX[0;31;40m%[0;32;40mX[0;31;40m8[0;1;30;90;40m8[0;30;5;40;100m8[0;31;40m@[0;30;5;40;100m88[0;31;5;40;100m@[0;32;40m%%[0;1;30;90;40m8[0;31;40mX[0;32;40m@[0;1;30;90;40m8[0;32;40mX[0;31;40m8[0;32;40m8[0;31;40m@[0;32;40m8[0;31;40m8[0;32;40m8[0;31;40m8[0;32;40m8[0;31;40m8[0;32;40m8[0;30;41m8[0;32;40m8[0;30;5;40;100m@[0;31;40mX[0;32;5;40;100m@[0;31;40m@[0;32;40mS[0;1;30;90;40m8[0;31;40m%[0;32;40m;[0;31;40m;[0;32;40m%[0;31;40mt[0;32;40mt[0;34;40mt[0;31;40mt[0;32;40mt[0;34;40m;[0;31;40m;;t[0;32;40mt[0;1;30;90;40mS[0;31;40m%[0;32;40mt[0;31;40m;[0;32;40m%t[0;31;40m%[0;32;40m%[0;31;40m@[0;32;40mS[0;31;40mt[0;32;40mt[0;31;40m;[0;32;40mS[0;30;5;40;100m8[0;33;5;40;100mt[0;36;5;40;100m [0;37;5;40;100m8[0;1;30;90;47m8@t;t@[0;37;5;40;100m@[0;36;5;40;100m.%[0;30;5;40;100mX@8[0;1;30;90;40m8@[0;32;40mt[0;1;30;90;40m@[0;34;40m%[0;1;30;90;40mX[0;34;40mt[0;31;40m%[0;34;40m;[0;31;40m;[0;32;40m:[0;34;40m ..[0;31;40m [0;34;40m ;[0;1;30;90;40m8[0;34;5;40;100mS[0;33;5;40;100m.[0;36;5;40;100m%[0;31;40mt:[0m
[0;33;5;40;100m%[0;30;5;40;100m@[0;31;5;40;100mS[0;36;5;40;100mX[0;33;5;40;100m%  [0;32;40mS[0;31;40mt[0;32;40m;[0;34;40m;[0;32;40mt[0;31;40m%[0;34;40m;[0;32;40m;[0;31;40m;[0;32;40m:[0;31;40m:[0;32;40m;[0;31;40m;[0;32;40mt[0;31;40mt[0;32;40m%[0;31;40m%[0;32;40mS[0;31;40mS[0;32;40m@[0;31;40mX[0;32;40m@[0;31;40mX[0;32;40m8[0;1;30;90;40m88[0;31;40mX[0;32;40m@[0;31;5;40;100mX[0;32;40mS[0;31;40m%[0;32;40m@[0;30;41m8[0;30;42m8[0;30;5;40;100mX[0;31;40m8[0;30;42m8[0;1;30;90;41m8[0;30;42m8[0;31;5;40;100m@[0;32;40m8[0;31;5;40;100mS[0;30;42m8[0;31;5;40;100m@[0;30;42m8[0;31;5;40;100m@[0;32;40m8[0;31;5;40;100mS[0;30;42m8[0;1;30;90;41m8[0;30;42m8[0;31;40m8[0;30;5;40;100m@[0;1;30;90;40m8[0;31;40m;[0;32;40mt[0;1;30;90;40mS[0;32;40mt[0;1;30;90;40mX[0;31;40m;[0;34;40m;[0;31;40m;[0;32;40m%[0;31;40mt[0;34;40m;[0;32;40mt[0;1;30;90;40mX[0;32;40mt[0;1;30;90;40mX[0;31;40m%[0;32;40m%[0;34;40mt[0;31;40mt[0;32;40mt[0;31;40m%[0;34;40mt[0;32;40mt[0;31;40mt[0;34;40mt[0;32;40m;[0;34;40m:[0;31;40m;[0;36;5;40;100mX[0;33;5;40;100m:X[0;36;5;40;100m;[0;1;30;90;47mttStS%@[0;36;5;40;100mX[0;1;30;90;40mX@8[0;30;5;40;100m88[0;1;30;90;40m8[0;30;5;40;100m8[0;1;30;90;40m8S[0;31;40mt[0;1;30;90;40m@XXX[0;32;40m%[0;1;30;90;40m@[0;34;40mt[0;32;40m;[0;31;40m.[0;34;40m;[0;31;40m:[0;32;40m..[0;31;40m.[0;32;40m.[0;31;40m:[0;36;5;40;100m;.[0;1;30;90;40m@[0m
[0;33;5;40;100m.:[0;36;5;40;100mt[0;30;5;40;100m88[0;33;5;40;100m  [0;30;5;40;100m8[0;31;40m.[0;1;30;90;40mS@[0;30;5;40;100m@[0;36;5;40;100m%[0;33;5;40;100m%[0;35;5;40;100m:[0;36;5;40;100m [0;37;5;40;100mSS@88[0;1;30;90;47m8888888[0;37;5;40;100m88[0;33;5;40;100m .@[0;1;30;90;40mX88[0;31;40mS[0;1;30;90;40m@8[0;32;40m8[0;30;41m8[0;30;42m8[0;31;5;40;100mX[0;32;40m@[0;30;41m8[0;1;30;90;42m8[0;31;40m8[0;30;42m8[0;30;41m8[0;30;42m8[0;31;40m8[0;1;30;90;42m8[0;31;40m8[0;1;30;90;42m8[0;30;41m8[0;32;5;40;100mS[0;31;40m8[0;32;5;40;100mS[0;32;40m8[0;30;41m8[0;30;42m8[0;31;40m8[0;1;30;90;40m@[0;31;40mt[0;32;40mt[0;31;40mt[0;32;40mt[0;1;30;90;40mS[0;31;40m;[0;32;40m%[0;31;40mt[0;1;30;90;40mX[0;31;40mS[0;1;30;90;40m8[0;31;40mS[0;1;30;90;40m8[0;30;5;40;100m@[0;1;30;90;40m8[0;31;40m@[0;1;30;90;40m88[0;32;40m@[0;31;40m8[0;1;30;90;40m8[0;32;40mX[0;31;40m@[0;30;5;40;100m8[0;32;5;40;100mS[0;33;5;40;100m;[0;30;5;40;100m8[0;33;5;40;100m:[0;37;5;40;100m@[0;1;30;90;47mtS@XtS[0;36;5;40;100m@[0;1;30;90;40mXS@8@@X@@8X[0;32;40m;[0;34;40mt[0;32;40m%[0;31;40mt[0;34;40m%[0;31;40m%[0;32;40mt[0;1;30;90;40mX[0;31;40mt[0;34;40mt[0;1;30;90;40m@[0;32;40mt[0;1;30;90;40m888[0;30;5;40;100m@@[0;36;5;40;100mS[0;35;5;40;100m [0;36;5;40;100m [0m
[0;33;5;40;100m. [0;37;5;40;100m@X8[0;1;30;90;47m:.tS8[0;37;5;40;100mX[0;35;5;40;100m .t[0;36;5;40;100mX[0;31;5;40;100mX[0;36;5;40;100m@[0;30;5;40;100m@[0;35;5;40;100m%[0;30;5;40;100m88[0;1;30;90;40m88[0;36;5;40;100mX[0;30;5;40;100m8[0;32;5;40;100mS[0;30;5;40;100mX[0;32;5;40;100m%[0;31;5;40;100mS[0;36;5;40;100m%[0;33;5;40;100m:[0;35;5;40;100m  [0;33;5;40;100m @[0;1;30;90;40mS[0;32;40mS[0;31;40mX[0;32;5;40;100m@[0;30;41m8[0;1;30;90;42m8[0;30;41m8[0;30;42m8[0;33;41m8[0;32;40m8[0;30;41m8[0;1;30;90;42m8[0;30;41m8[0;1;30;90;42m8[0;1;30;90;41m8[0;30;42m8[0;33;41m@[0;30;5;40;100m@[0;30;41m8[0;33;42m8[0;31;40m8[0;32;43m8[0;30;41m8[0;33;5;40;100m8[0;32;40m8[0;31;5;40;100mX[0;1;30;90;42m8[0;31;40m8[0;32;5;40;100mX[0;31;40m8[0;32;5;40;100m@[0;31;40m8[0;32;5;40;100m@[0;31;40m8[0;32;5;40;100mS[0;31;40m@[0;1;30;90;42m8[0;31;40m8[0;1;30;90;42m8[0;32;40m8[0;1;30;90;41m8[0;30;42m8[0;33;41m8[0;30;42m8[0;30;5;40;100mS[0;31;40m8[0;1;30;90;42m8[0;31;40m8[0;32;5;40;100m@[0;33;5;40;100m8[0;36;5;40;100mt[0;30;5;40;100mS8X[0;33;5;40;100m [0;1;30;90;47mSX@XtX[0;36;5;40;100m8[0;32;40m%[0;1;30;90;40m8[0;34;40m%[0;33;5;40;100m.[0;36;5;40;100m.:[0;1;30;90;40mX[0;32;40m%[0;1;30;90;40m8@8[0;30;5;40;100m88@[0;35;5;40;100mt[0;36;5;40;100m%[0;35;5;40;100m:[0;36;5;40;100m:   [0;37;5;40;100mX[0;36;5;40;100m  [0;35;5;40;100m [0;36;5;40;100m:[0;35;5;40;100m;[0;36;5;40;100mX[0;30;5;40;100mXXX@[0;34;5;40;100mX[0m
[0;37;5;40;100m8[0;1;37;97;47mSt::[0;1;30;90;47mS[0;33;5;40;100m.[0;30;5;40;100mS[0;1;30;90;40m@X[0;30;5;40;100mS[0;36;5;40;100m;[0;34;5;40;100mS[0;30;5;40;100mXXXXX@[0;32;5;40;100mX[0;1;30;90;40m8X8[0;30;5;40;100m8X8[0;34;5;40;100mX[0;32;5;40;100m@[0;30;5;40;100m@[0;32;5;40;100mS[0;33;5;40;100mS[0;30;5;40;100m@[0;1;30;90;40m88[0;36;5;40;100m%[0;37;5;40;100m@X[0;30;5;40;100m@[0;32;40m;S[0;31;40m@[0;32;5;40;100mX[0;30;41m8[0;1;30;90;42m8[0;31;40m8[0;1;30;90;42m8[0;31;40m8[0;1;30;90;42m8[0;31;40m8[0;30;42m8[0;1;30;90;41m8[0;30;42m8[0;32;40m8[0;1;30;90;43m:[0;31;40m@[0;33;5;40;100m8[0;31;40m@[0;32;5;40;100mS[0;30;41m8[0;1;30;90;43m.[0;31;40mX[0;1;30;90;41m8[0;30;42m8[0;33;41m@[0;32;40m8[0;1;30;90;41m8[0;32;40m8[0;33;41m8[0;32;40m8[0;1;30;90;41m8[0;30;42m8[0;33;41m8[0;30;42m8[0;33;41m@[0;30;42m8[0;33;41m8[0;32;40m88[0;30;41m8[0;30;42m@[0;31;43m8[0;32;5;40;100m8[0;33;5;40;100m:[0;35;5;40;100m [0;37;5;40;100m@[0;1;30;90;47m88XSX8[0;37;5;40;100m8[0;1;30;90;47m@t[0;36;5;40;100mt[0;34;40m%[0;1;30;90;40mX8S[0;31;40m;[0;34;40m;[0;1;30;90;40m8[0;30;5;40;100mX[0;36;5;40;100m.[0;35;5;40;100m [0;37;5;40;100m@8888[0;36;5;40;100m   ....:;:[0;34;5;40;100mS[0;30;5;40;100m8@XS[0;34;5;40;100mS[0;30;5;40;100m@88[0;1;30;90;40m8[0m
[0;1;30;90;47mtX[0;37;5;40;100mS[0;35;5;40;100m %[0;30;5;40;100m88[0;1;30;90;40m8[0;32;40m;[0;34;40m:[0;30;5;40;100m@XX@@@XX8[0;1;30;90;40m8@[0;34;40mS[0;1;30;90;40m8[0;30;5;40;100m8[0;1;30;90;40m@[0;32;40m;[0;31;40m;[0;32;40mt[0;1;30;90;40m@[0;32;40m%[0;1;30;90;40m@[0;32;5;40;100m8[0;30;5;40;100m@[0;32;5;40;100m8[0;1;30;90;40m88[0;30;5;40;100m@[0;33;5;40;100m. [0;37;5;40;100m@[0;33;5;40;100mX[0;32;40m%[0;1;30;90;40m8[0;32;40mX[0;31;5;40;100mS[0;32;40m@[0;31;5;40;100mS[0;1;30;90;42m8[0;1;30;90;41m8[0;30;42m8[0;1;30;90;41m8[0;32;40m8[0;1;30;90;41m8[0;32;40mS[0;1;30;90;40m8[0;31;40m8[0;1;30;90;42m8[0;30;41m8[0;1;30;90;42m8[0;31;40m@[0;32;5;40;100mX[0;31;40m8[0;33;5;40;100m8[0;32;40mX[0;1;30;90;41m8[0;32;40m8[0;1;30;90;41m8[0;32;40m8[0;1;30;90;41m8[0;30;42m8[0;1;30;90;41m8[0;1;30;90;40m8[0;1;30;90;41m8[0;32;40m8[0;31;5;40;100m@[0;32;40m8[0;31;5;40;100m@[0;33;5;40;100m88[0;36;5;40;100m: [0;37;5;40;100m8[0;1;30;90;47mS;;[0;1;37;97;47m    [0;1;30;90;47m:%X[0;37;5;40;100m8[0;1;30;90;47m@[0;37;5;40;100m8[0;36;5;40;100m; [0;37;5;40;100mX[0;36;5;40;100m [0;37;5;40;100m@[0;36;5;40;100mt  [0;37;5;40;100mX[0;36;5;40;100m .::%[0;34;5;40;100m@[0;36;5;40;100mt[0;35;5;40;100mt[0;36;5;40;100m%[0;35;5;40;100m%[0;32;5;40;100mS[0;34;5;40;100mS[0;30;5;40;100mS[0;34;5;40;100mX[0;30;5;40;100m8@88@[0;36;5;40;100m%[0;35;5;40;100mt[0;32;5;40;100mS[0;34;5;40;100mX[0;30;5;40;100mXS[0;1;30;90;40m8[0m
[0;30;5;40;100m8[0;1;30;90;40m8@[0;34;40m;[0;32;40m;t[0;1;30;90;40m@[0;31;40m:[0;34;40m:[0;31;40mt[0;30;5;40;100mX[0;1;30;90;40m8[0;30;5;40;100m8[0;1;30;90;40m8[0;30;5;40;100m8[0;1;30;90;40m8888@[0;34;40m%[0;31;40mS[0;32;40m%[0;34;40m.[0;32;40m;[0;34;40mt[0;31;40m:[0;34;40m:[0;31;40m:[0;32;40m:[0;34;40m.[0;31;40m.[0;34;40m:[0;1;30;90;40m8[0;30;5;40;100m8[0;36;5;40;100mS[0;1;30;90;47m8[0;37;5;40;100m8[0;31;5;40;100mS[0;34;40mt[0;36;5;40;100m.[0;1;30;90;47m8[0;37;5;40;100m8[0;33;5;40;100m.[0;30;5;40;100mX[0;31;5;40;100mS[0;32;5;40;100mS[0;37;5;40;100m8[0;1;30;90;47mS@8[0;37;5;40;100m8@[0;33;5;40;100m t@8[0;1;30;90;40m8[0;31;5;40;100mX[0;32;40m8[0;33;5;40;100m8[0;1;30;90;40m8[0;31;5;40;100mS[0;30;5;40;100mX[0;1;30;90;40m8[0;33;5;40;100m8[0;31;5;40;100mX[0;33;5;40;100m8[0;31;5;40;100mS[0;33;5;40;100m8[0;31;5;40;100mS[0;33;5;40;100m8[0;32;5;40;100m@[0;33;5;40;100m8@X;[0;34;5;40;100m@[0;36;5;40;100m [0;1;30;90;47mS;[0;1;37;97;47m [0;1;30;90;47mtS@X[0;37;5;40;100m@@[0;1;30;90;47m8888[0;36;5;40;100m.[0;1;30;90;47m@[0;36;5;40;100m:[0;37;5;40;100m8[0;36;5;40;100m .:%[0;35;5;40;100mS[0;36;5;40;100mX[0;35;5;40;100mS[0;36;5;40;100m8[0;34;5;40;100mSS[0;30;5;40;100mS[0;34;5;40;100mX[0;30;5;40;100m888[0;1;30;90;40m8[0;30;5;40;100m8[0;1;30;90;40m8[0;30;5;40;100m88X@@@8[0;1;30;90;40m8[0;30;5;40;100m@S[0;1;30;90;40m8[0;31;40mt[0;32;40m;[0;31;40m;[0;1;30;90;40m@8[0m
[0;1;30;90;40m8[0;34;40m::[0;32;40m:[0;1;30;90;40mX[0;34;40m%[0;1;30;90;40mS[0;34;40m:[0;32;40m:[0;34;40m%[0;1;30;90;40m@@[0;34;40m%[0;1;30;90;40m@@[0;34;40mS[0;1;30;90;40m8@[0;34;40m%[0;32;40mt[0;1;30;90;40m@[0;32;40m%[0;34;40mS[0;31;40m%[0;34;40m%[0;1;30;90;40mX[0;32;40mt[0;1;30;90;40mS[0;34;40mt[0;31;40mt[0;34;40m%[0;32;40m%[0;1;30;90;40mX[0;34;40mt[0;1;30;90;40m88[0;31;5;40;100mS[0;32;40mS[0;34;40m:[0;32;40mt[0;1;30;90;40mX[0;34;40m.[0;35;5;40;100m.[0;1;30;90;47m :;..:... [0;1;37;97;47m;[0;1;30;90;47m.%S8[0;33;5;40;100mS%SS@@X%t;;:::: . [0;1;30;90;47m8[0;30;5;40;100m8[0;36;5;40;100m: [0;1;30;90;47m8[0;36;5;40;100m: [0;1;30;90;47m:[0;36;5;40;100m [0;1;30;90;47m;8[0;36;5;40;100m.[0;37;5;40;100m@[0;36;5;40;100m.[0;1;30;90;47m8[0;36;47m8[0;1;30;90;47m@8[0;36;5;40;100m [0;37;5;40;100m8[0;36;5;40;100m;t[0;30;5;40;100mX888[0;1;30;90;40m8[0;30;5;40;100m88@XXS[0;33;5;40;100mS[0;30;5;40;100mX[0;36;5;40;100m%[0;30;5;40;100m8[0;36;5;40;100m%[0;30;5;40;100m8@8[0;1;30;90;40m88@X8[0;30;5;40;100m@[0;1;30;90;40mX[0;32;40m.[0;1;30;90;40mX@X[0;34;40m .[0m
[0;1;30;90;47m.:t;;:;;::;::::::::.;t;t%S%%%ttt%;t%[0;37;5;40;100m@[0;36;5;40;100m [0;1;30;90;47m@;%;t.:..  ...:@[0;37;5;40;100m8[0;1;30;90;47mS%S[0;37;5;40;100m@[0;33;5;40;100m.   .  .  ...::.;;[0;30;5;40;100mS8[0;34;5;40;100m@[0;36;5;40;100m::; ;;: [0;37;5;40;100mX[0;1;30;90;47m@[0;36;5;40;100m:[0;34;5;40;100m@[0;34;40m@XX[0;1;30;90;40m88[0;34;5;40;100mX[0;30;5;40;100m88@@@888[0;1;30;90;40m8[0;30;5;40;100m8[0;1;30;90;40m8X@X[0;31;40mS[0;1;30;90;40mXXXSXSSSX@[0;31;40m.[0;34;40m;[0;1;30;90;40m8[0;30;5;40;100m88[0;1;30;90;40m8[0;32;40m:[0m
[0;37;5;40;100m@XXXXX[0;33;5;40;100m  [0;37;5;40;100mSSS[0;33;5;40;100m [0;37;5;40;100m@[0;33;5;40;100m [0;37;5;40;100mS[0;33;5;40;100m [0;37;5;40;100m%[0;33;5;40;100m          .     .   [0;37;5;40;100mS[0;33;5;40;100m    [0;37;5;40;100mXX[0;1;30;90;47m8@X8[0;37;5;40;100m8[0;1;30;90;47m8XSSX8[0;33;5;40;100m .  [0;37;5;40;100mX[0;33;5;40;100m.::::::[0;1;30;90;43m8[0;37;5;40;100m8[0;33;5;40;100mt.[0;1;30;90;43m8[0;37;5;40;100m@[0;33;5;40;100m%:;[0;31;5;40;100mX[0;33;5;40;100m;[0;30;5;40;100m@[0;32;5;40;100mS[0;35;5;40;100mt[0;36;5;40;100m%[0;35;5;40;100mS[0;36;5;40;100mX[0;30;5;40;100m@[0;35;5;40;100m@[0;32;5;40;100mS[0;34;5;40;100mX[0;36;5;40;100mS[0;34;5;40;100m8[0;34;40m.[0;32;40m;[0;1;30;90;40m888[0;32;40mt[0;31;40m..[0;1;30;90;40m@@XX[0;31;40mt[0;1;30;90;40mX[0;32;40mt[0;31;40mS[0;1;30;90;40mX[0;32;40mt[0;34;40mt[0;1;30;90;40mX[0;31;40m;[0;1;30;90;40mX[0;34;40m%[0;32;40m%[0;1;30;90;40m@[0;31;40mt[0;1;30;90;40m@[0;32;40mt[0;1;30;90;40m@[0;31;40mt[0;1;30;90;40m@[0;32;40mt[0;34;40m;[0;31;40m:[0;32;40mS[0;30;5;40;100m8[0;31;5;40;100mX[0;32;5;40;100m@[0;1;30;90;40m8@[0m
[0;1;30;90;47m@[0;37;5;40;100m8[0;33;5;40;100m  ..  ..            .::;.:.......       [0;37;5;40;100m@[0;33;5;40;100m [0;37;5;40;100m8[0;33;5;40;100m;[0;1;30;90;40m8[0;31;40m;[0;32;40m:[0;31;40m:[0;32;40mt[0;33;5;40;100mt[0;37;5;40;100mS8[0;33;5;40;100m  [0;37;5;40;100m@[0;33;5;40;100m [0;37;5;40;100m8[0;33;5;40;100m ;;;;;[0;1;30;90;43m8[0;37;5;40;100mX[0;33;5;40;100m;%t;:XX[0;31;5;40;100m8X[0;32;40m%[0;34;40m:.%[0;31;40mt[0;32;40m:[0;31;40m:;[0;32;40m;[0;1;30;90;40m8[0;30;5;40;100m8@8[0;31;40m.[0;32;40m.[0;1;30;90;40m8888[0;30;5;40;100m8[0;31;40mt[0;32;40m:[0;31;40m:[0;1;30;90;40mS[0;32;40m;[0;1;30;90;40mSSX@@@88@@[0;32;40m%[0;1;30;90;40m@[0;31;40mt[0;34;40mt[0;32;40mt[0;34;40m;[0;31;40m:[0;34;40m.[0;32;40m.[0;34;40m.[0;31;40m:[0;32;40m:[0;31;40m:[0;34;40m:[0;30;5;40;100m88[0;1;30;90;40m@[0;30;5;40;100m8[0;31;40mS[0m
[0;1;30;90;47m@X@8[0;37;5;40;100mS[0;33;5;40;100m .::::::.::::..;t;[0;36;5;40;100mt[0;31;5;40;100mS[0;32;5;40;100mS[0;35;5;40;100m%[0;33;5;40;100m%[0;36;5;40;100m;[0;33;5;40;100m%;t[0;35;5;40;100mt[0;33;5;40;100mS[0;36;5;40;100mt[0;33;5;40;100mS[0;35;5;40;100m;[0;33;5;40;100m%:::  ;[0;1;30;90;40mX[0;32;40m.[0;34;40m.[0;32;40m;[0;34;40mt[0;31;40mt[0;34;40m;[0;31;40m.;[0;33;5;40;100m:[0;37;5;40;100m@[0;33;5;40;100m .;[0;30;5;40;100mX@[0;31;5;40;100m@@[0;30;5;40;100m@[0;1;30;90;41m8[0;30;5;40;100m@[0;30;41m8[0;1;30;90;40m8[0;31;40m8[0;1;30;90;40m8[0;31;40m8[0;1;30;90;40m8[0;31;40m8Xt[0;32;40mt[0;34;40mt[0;1;30;90;40m@XX@SSXXS@[0;30;5;40;100m@@[0;1;30;90;40m@[0;31;40m :[0;1;30;90;40m88[0;30;5;40;100mSS[0;1;30;90;40m8@[0;32;40m:.[0;31;40mt[0;1;30;90;40mX[0;34;40m;[0;32;40mt[0;31;40m;[0;34;40m;[0;32;40m;[0;34;40m:[0;31;40m.[0;32;40m.[0;34;40m..[0;31;40m:[0;34;40m:[0;32;40m:[0;31;40m:[0;34;40m:[0;31;40m:[0;32;40m:[0;34;40m:[0;31;40m.[0;34;40m.:[0;31;40m.[0;34;40m:[0;31;40m:[0;32;40m.[0;31;40mt[0;1;30;90;40m@[0;31;40mt[0;32;40mt[0m
[0;32;40mt[0;1;30;90;40m8[0;30;5;40;100mS[0;33;5;40;100m:   :t[0;36;5;40;100m%[0;33;5;40;100mX[0;34;5;40;100mS[0;33;5;40;100mX[0;36;5;40;100mS[0;31;5;40;100mS[0;32;5;40;100mS[0;33;5;40;100mt[0;34;5;40;100mS[0;33;5;40;100m@[0;36;5;40;100mS[0;30;5;40;100m8SXXXS[0;32;5;40;100mX[0;30;5;40;100m@[0;31;5;40;100mX[0;30;5;40;100mX[0;34;5;40;100mX[0;30;5;40;100mX@XXXXS[0;33;5;40;100mS[0;30;5;40;100mX[0;33;5;40;100mt:[0;30;5;40;100mX[0;31;40m.[0;32;40m.[0;31;40m;[0;32;40m:[0;30;5;40;100m@[0;33;5;40;100mS[0;34;40m:[0;1;30;90;40m8[0;32;40m%[0;34;40m;[0;32;40m:[0;33;5;40;100mS.X[0;34;40mt[0;1;30;90;40m8[0;30;5;40;100m@[0;1;30;90;40m@[0;32;40m8[0;31;5;40;100m@[0;32;40m8[0;31;5;40;100mS[0;32;5;40;100m@[0;31;5;40;100m@[0;32;5;40;100mS[0;31;5;40;100mX[0;32;5;40;100mS[0;31;5;40;100mX[0;32;5;40;100mS[0;33;5;40;100mS[0;31;5;40;100mS[0;33;5;40;100mS[0;30;5;40;100m88[0;1;30;90;40m8[0;31;40mt[0;32;40m:[0;31;40m.[0;34;40m..:[0;32;40m:[0;34;40m;[0;31;40m;[0;32;40m;[0;34;40m:[0;31;40m.[0;32;40m.[0;1;30;90;40mX8[0;30;5;40;100m@[0;1;30;90;40m8[0;31;40mS[0;32;40mS[0;31;40m;[0;34;40m:[0;32;40m:[0;34;40m.[0;31;40m;[0;34;40m;[0;32;40mt[0;31;40m;[0;34;40m:[0;31;40m;[0;32;40m;[0;31;40m;[0;32;40m;[0;31;40mt[0;32;40mt[0;31;40m%[0;1;30;90;40mX[0;32;40mt[0;1;30;90;40mXX@888[0;30;5;40;100m88[0;1;30;90;40m8[0;30;5;40;100m@8@@[0;31;5;40;100mS[0;30;5;40;100mX[0m
[0;32;40m;[0;31;40m;[0;32;40m:[0;34;40m:[0;30;5;40;100mS[0;33;5;40;100m;:t[0;30;5;40;100m8@@S@XX@@X8[0;31;5;40;100m8[0;30;5;40;100m8XXSX@[0;31;5;40;100m8[0;30;5;40;100mX[0;32;5;40;100mS[0;30;5;40;100m@[0;31;5;40;100mS[0;32;5;40;100m8[0;31;5;40;100mX[0;32;5;40;100mX[0;31;5;40;100mS[0;32;5;40;100mX[0;31;5;40;100mS[0;30;5;40;100mSX[0;35;5;40;100m%[0;30;5;40;100m88[0;32;40m:[0;31;40m.[0;1;30;90;40mS[0;33;5;40;100m.[0;35;5;40;100m;[0;1;30;90;40m8@[0;33;5;40;100m%[0;30;5;40;100mS8[0;31;40m;[0;34;40m.[0;1;30;90;40mS[0;30;5;40;100mX@@[0;1;30;90;40m8[0;30;5;40;100mX[0;33;5;40;100m8[0;30;5;40;100m8[0;33;5;40;100m@[0;31;5;40;100mX[0;33;5;40;100mX[0;30;5;40;100m@[0;33;5;40;100mSSX[0;31;5;40;100mS[0;33;5;40;100mX[0;31;5;40;100mS[0;33;5;40;100m%[0;34;5;40;100m%[0;33;5;40;100m@X[0;31;5;40;100mX[0;33;5;40;100m8[0;30;5;40;100m@@[0;1;30;90;40m88[0;31;40m%[0;1;30;90;40m@@[0;31;40mt[0;32;40mt[0;31;40m;[0;34;40m;[0;32;40m;[0;31;40m:[0;32;40m.[0;31;40m;[0;32;40m;[0;31;40m%[0;32;40mS[0;31;40m%[0;1;30;90;40m8@8[0;30;5;40;100m8X[0;31;5;40;100mX[0;30;5;40;100m8SX@8[0;31;5;40;100m8[0;1;30;90;40m8[0;30;5;40;100mX@X@[0;31;5;40;100m@[0;30;5;40;100m@[0;31;5;40;100m@[0;1;30;90;40m8[0;33;5;40;100m8[0;1;30;90;40m8[0;31;5;40;100mX[0;30;5;40;100mS[0;31;5;40;100mS[0;33;5;40;100m8[0;30;5;40;100m8[0;33;5;40;100m8[0;31;5;40;100m@[0;32;5;40;100mS[0;31;5;40;100mX[0;33;5;40;100m@[0m
