[0;1;37;97;47m%%S%%S%SSX[0;37;5;47;107m8[0;1;37;97;47m%X[0;37;5;47;107m8[0;1;37;97;47mX[0;37;5;47;107m8[0;1;37;97;47m%[0;37;5;47;107m8[0;1;37;97;47mX[0;37;5;47;107m8[0;1;37;97;47mX[0;37;5;47;107m8[0;1;37;97;47mX[0;37;5;47;107m8888888888888888888888888888888888888888[0;1;37;97;47m;[0;37;5;47;107m8[0;1;37;97;47m%[0;37;5;47;107m888888X@XXXSSXXXSSXSSSSSSSSSSSSSS%%%%%%%SSXXXX@@@@XX@X@8888@XXS%[0m
[0;1;37;97;47m;;t%%%%SSSX[0;37;5;47;107m8[0;1;37;97;47mSX[0;37;5;47;107m8[0;1;37;97;47mS[0;37;5;47;107m88888[0;1;37;97;47mX[0;37;5;47;107m8[0;1;37;97;47mX[0;37;5;47;107m8888888888888888888888888[0;1;37;97;47mt[0;37;5;47;107m8888888888[0;1;37;97;47m;[0;37;5;47;107m888888888@@@@XX@XXXXXXS%%t%%S%S%%%ttttttttt%%%SSSSSXXSSSSSSX@@88@X%%%[0m
[0;1;37;97;47m;t%%%%SSX[0;37;5;47;107m8[0;1;37;97;47m%X[0;37;5;47;107m8[0;1;37;97;47m%[0;37;5;47;107m8[0;1;37;97;47mS[0;37;5;47;107m8[0;1;37;97;47mS[0;37;5;47;107m8[0;1;37;97;47mS[0;37;5;47;107m88[0;1;37;97;47mS[0;37;5;47;107m8[0;1;37;97;47mS[0;37;5;47;107m8888888888888888888[0;1;37;97;47mt[0;37;5;47;107m88[0;1;37;97;47m:[0;37;5;47;107m888888888[0;1;37;97;47mt[0;37;5;47;107m8[0;1;37;97;47m;[0;37;5;47;107m8[0;1;37;97;47mt[0;37;5;47;107m8[0;1;37;97;47m;[0;37;5;47;107m8888@@@@@88@@XXSSXSS%%%ttttt;;ttt;;;;;ttt%%%%%%S%SXXXS%%X888@SS%t%[0m
[0;1;37;97;47mt%%XXXX[0;37;5;47;107m8[0;1;37;97;47m%[0;37;5;47;107m8[0;1;37;97;47mS[0;37;5;47;107m8[0;1;37;97;47m%[0;37;5;47;107m8[0;1;37;97;47m%[0;37;5;47;107m8[0;1;37;97;47mS[0;37;5;47;107m88[0;1;37;97;47mX[0;37;5;47;107m8[0;1;37;97;47m%[0;37;5;47;107m8[0;1;37;97;47mS[0;37;5;47;107m8[0;1;37;97;47mS[0;37;5;47;107m8888888888888888[0;1;37;97;47m;[0;37;5;47;107m88[0;1;37;97;47mt[0;37;5;47;107m88[0;1;37;97;47m;[0;37;5;47;107m88[0;1;37;97;47m;[0;37;5;47;107m888[0;1;37;97;47m;[0;37;5;47;107m888888[0;1;37;97;47m;[0;37;5;47;107m8888888@@@@@XSSSSSSS%%tt;;t;;;;t;t;t;tttt%%%%%%%%%SXXXXX@88@XS%%%%%[0m
[0;1;37;97;47mSSX@XXSS[0;37;5;47;107m8[0;1;37;97;47m%[0;37;5;47;107m8[0;1;37;97;47mS[0;37;5;47;107m8[0;1;37;97;47mS[0;37;5;47;107m8[0;1;37;97;47mS[0;37;5;47;107m8[0;1;37;97;47mt[0;37;5;47;107m8[0;1;37;97;47m%[0;37;5;47;107m8[0;1;37;97;47m%[0;37;5;47;107m8[0;1;37;97;47mS[0;37;5;47;107m8[0;1;37;97;47mX[0;37;5;47;107m8[0;1;37;97;47mS[0;37;5;47;107m888888888888888888[0;1;37;97;47m:[0;37;5;47;107m88[0;1;37;97;47m:[0;37;5;47;107m88888888[0;1;37;97;47m:[0;37;5;47;107m8[0;1;37;97;47m:[0;37;5;47;107m88888888@XXS%%%%%%%%%tt;;;;:::;;:;;;ttt%%%%tt%%tt%S@@88@8@@XS%SS%SSSX[0m
[0;1;37;97;47mS@X@X[0;37;5;47;107m8[0;1;37;97;47m%SS[0;37;5;47;107m8[0;1;37;97;47mt[0;37;5;47;107m8[0;1;37;97;47mt[0;37;5;47;107m8[0;1;37;97;47mt[0;37;5;47;107m8[0;1;37;97;47mt[0;37;5;47;107m8[0;1;37;97;47mt[0;37;5;47;107m8[0;1;37;97;47m%[0;37;5;47;107m8[0;1;37;97;47mt[0;37;5;47;107m8[0;1;37;97;47m%[0;37;5;47;107m88888[0;1;37;97;47m%[0;37;5;47;107m8[0;1;37;97;47m%[0;37;5;47;107m8888888888[0;1;37;97;47mt[0;37;5;47;107m888[0;1;37;97;47m;[0;37;5;47;107m8888888888888[0;1;37;97;47m:[0;37;5;47;107m888888XS%%%S%%%tt%ttt;;;::::::;t;t;t%%SS%%%t%%t%S888@@@XXXSSSXSXXX@X[0m
[0;1;37;97;47mXXSSS%[0;37;5;47;107m8[0;1;37;97;47m%SS[0;37;5;47;107m8[0;1;37;97;47m;[0;37;5;47;107m8[0;1;37;97;47m;[0;37;5;47;107m8[0;1;37;97;47m;[0;37;5;47;107m8[0;1;37;97;47mt[0;37;5;47;107m8[0;1;37;97;47mt[0;37;5;47;107m8[0;1;37;97;47mt[0;37;5;47;107m8[0;1;37;97;47mt[0;37;5;47;107m8[0;1;37;97;47mtSSS[0;37;5;47;107m88[0;1;37;97;47m%[0;37;5;47;107m8[0;1;37;97;47m%[0;37;5;47;107m8[0;1;37;97;47m%[0;37;5;47;107m88888888[0;1;37;97;47m:[0;37;5;47;107m88888888888[0;1;37;97;47m:[0;37;5;47;107m8[0;1;37;97;47m:[0;37;5;47;107m88888888SSttt%tS%%tttttt;;;;;;:;;tt%%XXX@@@XSX@XSX@88@88@@XXXX@@@@@@@8@[0m
[0;1;37;97;47m%%%S%%t[0;37;5;47;107m8[0;1;37;97;47mtS%S%S%S%S%[0;37;5;47;107m8[0;1;37;97;47m;[0;37;5;47;107m8[0;1;37;97;47m;S%[0;37;5;47;107m8[0;1;37;97;47m%[0;37;5;47;107m8[0;1;37;97;47m%[0;37;5;47;107m8[0;1;37;97;47m%[0;37;5;47;107m888[0;1;37;97;47m%[0;37;5;47;107m8888888[0;1;37;97;47mt[0;37;5;47;107m888888888888888888888X%tt;;ttt%t%t%t;tttttt%%%%%%%%SXX@@88@8888888888888@@@@@@@8888888[0;1;37;97;47mX[0m
[0;1;37;97;47m%SSSXXS%[0;37;5;47;107m8[0;1;37;97;47m%[0;37;5;47;107m8[0;1;37;97;47m%[0;37;5;47;107m8[0;1;37;97;47mt[0;37;5;47;107m8[0;1;37;97;47mt[0;37;5;47;107m8[0;1;37;97;47m%[0;37;5;47;107m8[0;1;37;97;47m;[0;37;5;47;107m8[0;1;37;97;47m;[0;37;5;47;107m8[0;1;37;97;47mt%tS%[0;37;5;47;107m8[0;1;37;97;47mt[0;37;5;47;107m8[0;1;37;97;47mt[0;37;5;47;107m8[0;1;37;97;47mt[0;37;5;47;107m88[0;1;37;97;47m%[0;37;5;47;107m8[0;1;37;97;47m%[0;37;5;47;107m888888888888888888888888@ttt;;;;;;;;t;;;t%ttttt%SSSS%%SSXX@8888888888888888888888888888[0;1;37;97;47mt[0;37;5;47;107m8[0;1;37;97;47m;X[0m
[0;1;37;97;47mSXX@[0;37;5;47;107m8[0;1;37;97;47m%[0;37;5;47;107m8[0;1;37;97;47mt%S%[0;37;5;47;107m8[0;1;37;97;47m;[0;37;5;47;107m8[0;1;37;97;47m:StS%[0;37;5;47;107m8[0;1;37;97;47m;S%[0;37;5;47;107m8[0;1;37;97;47mt[0;37;5;47;107m8[0;1;37;97;47mt[0;37;5;47;107m8[0;1;37;97;47mt[0;37;5;47;107m88[0;1;37;97;47m%[0;37;5;47;107m888[0;1;37;97;47m%[0;37;5;47;107m888888@XXXXXXXXX@8888888888X%t;;;;tt;t;;;;;%%%S%%%%SXXSSXXX@@888888888888888888888888888[0;1;37;97;47mt[0;37;5;47;107m8[0;1;37;97;47m%[0;37;5;47;107m8[0;1;37;97;47m%[0;37;5;47;107m8[0m
[0;1;37;97;47mXX@XS[0;37;5;47;107m8[0;1;37;97;47mt[0;37;5;47;107m8[0;1;37;97;47m%[0;37;5;47;107m8[0;1;37;97;47mt[0;37;5;47;107m8[0;1;37;97;47mt[0;37;5;47;107m8[0;1;37;97;47m%[0;37;5;47;107m8[0;1;37;97;47m%[0;37;5;47;107m8[0;1;37;97;47mt%[0;37;5;47;107m8[0;1;37;97;47mt[0;37;5;47;107m8[0;1;37;97;47m;[0;37;5;47;107m8[0;1;37;97;47m:[0;37;5;47;107m8[0;1;37;97;47m;[0;37;5;47;107m8[0;1;37;97;47mt[0;37;5;47;107m88[0;1;37;97;47m%[0;37;5;47;107m8888[0;1;37;97;47mt[0;37;5;47;107m8888@XX@XXXSSXX@@88888@XSS%%tt;tttt;;;ttt%S%SSSSSXXXX@@@88888888888888888888888[0;1;37;97;47m%[0;37;5;47;107m88[0;1;37;97;47m%[0;37;5;47;107m8[0;1;37;97;47m%[0;37;5;47;107m88[0;1;37;97;47m%[0;37;5;47;107m8[0;1;37;97;47m;[0;37;5;47;107m8[0;1;37;97;47mt[0m
[0;1;37;97;47mXX@XSS[0;37;5;47;107m888[0;1;37;97;47m%[0;37;5;47;107m8[0;1;37;97;47m%[0;37;5;47;107m888[0;1;37;97;47m%[0;37;5;47;107m8888[0;1;37;97;47mt[0;37;5;47;107m8[0;1;37;97;47m;[0;37;5;47;107m8[0;1;37;97;47m;[0;37;5;47;107m8[0;1;37;97;47m:[0;37;5;47;107m8[0;1;37;97;47m;[0;37;5;47;107m8[0;1;37;97;47mt[0;37;5;47;107m888[0;1;37;97;47mt[0;37;5;47;107m8888888XSXSXXXXXXX@@@88@X%%%%tttt%tttt;t;t%S%S%S%SSXXX@@88888888888[0;1;37;97;47mt[0;37;5;47;107m888888888888888[0;1;37;97;47mt[0;37;5;47;107m88[0;1;37;97;47m%[0;37;5;47;107m8[0;1;37;97;47m%[0;37;5;47;107m8[0;1;37;97;47m%[0;37;5;47;107m8[0;1;37;97;47m%[0;37;5;47;107m8[0;1;37;97;47m%[0m
[0;1;37;97;47mXXXX[0;37;5;47;107m8[0;1;37;97;47mS[0;37;5;47;107m8[0;1;37;97;47m%[0;37;5;47;107m88[0;1;37;97;47mt[0;37;5;47;107m8[0;1;37;97;47mt[0;37;5;47;107m8[0;1;37;97;47m%[0;37;5;47;107m88888888[0;1;37;97;47m%[0;37;5;47;107m8[0;1;37;97;47mt[0;37;5;47;107m8[0;1;37;97;47m;[0;37;5;47;107m8[0;1;37;97;47mt[0;37;5;47;107m888888888@X%SSS%%%SSXXXX@@88@@X%%%ttttt%tt;tttt%%SS%SSSXX@@8888888888[0;1;37;97;47m%[0;37;5;47;107m8888[0;1;37;97;47mt[0;37;5;47;107m88888888[0;1;37;97;47m%[0;37;5;47;107m8[0;1;37;97;47mt[0;37;5;47;107m8[0;1;37;97;47m%[0;37;5;47;107m8[0;1;37;97;47m%[0;37;5;47;107m88[0;1;37;97;47m%[0;37;5;47;107m8[0;1;37;97;47m%[0;37;5;47;107m88[0;1;37;97;47m%SX[0m
[0;1;37;97;47m@8@X[0;37;5;47;107m8[0;1;37;97;47m%[0;37;5;47;107m888[0;1;37;97;47m%[0;37;5;47;107m8[0;1;37;97;47mS[0;37;5;47;107m8888888888888888888888888X%S%%%%%t;ttt%XX@XX@X@@XX%%t%%%t%t;;ttt%SS%SSSSXX@@@888888888888[0;1;37;97;47mt[0;37;5;47;107m888[0;1;37;97;47mt[0;37;5;47;107m8[0;1;37;97;47mt[0;37;5;47;107m8[0;1;37;97;47m%[0;37;5;47;107m8[0;1;37;97;47m%[0;37;5;47;107m88[0;1;37;97;47mt[0;37;5;47;107m8[0;1;37;97;47m%[0;37;5;47;107m88[0;1;37;97;47m%[0;37;5;47;107m8[0;1;37;97;47mt[0;37;5;47;107m8[0;1;37;97;47m%[0;37;5;47;107m8[0;1;37;97;47mt[0;37;5;47;107m8[0;1;37;97;47m%[0;37;5;47;107m8[0;1;37;97;47m%[0m
[0;1;30;90;47m8[0;37;5;40;100m8[0;35;5;40;100m [0;37;5;40;100m%%[0;36;5;40;100m.[0;1;30;90;47m888X@SSX[0;1;37;97;47m [0;1;30;90;47mX8[0;37;5;40;100mt[0;1;30;90;47mS[0;37;5;40;100m%[0;1;30;90;47m8[0;1;37;97;47m [0;1;30;90;47mS[0;1;37;97;47m [0;1;30;90;47mS[0;1;37;97;47m     [0;1;30;90;47mS[0;37;5;40;100m%[0;1;30;90;47m888[0;1;37;97;47m ;tt[0;37;5;47;107m8[0;1;37;97;47m;[0;37;5;47;107m8[0;1;37;97;47m;[0;37;5;47;107m88[0;1;37;97;47m [0;1;30;90;47m@[0;1;37;97;47m:.[0;1;30;90;47mS[0;37;5;47;107m8888[0;1;37;97;47m:[0;37;5;47;107mS%XXXXXSS%%%%S%%%%t%%%%%SSSX@@@@88888888888[0;1;37;97;47m%[0;37;5;47;107m888[0;1;37;97;47mt[0;37;5;47;107m8[0;1;37;97;47mt[0;37;5;47;107m88[0;1;37;97;47mt[0;37;5;47;107m88[0;1;37;97;47mt[0;37;5;47;107m8[0;1;37;97;47m%[0;37;5;47;107m88[0;1;37;97;47mt[0;37;5;47;107m8[0;1;37;97;47mt[0;37;5;47;107m8[0;1;37;97;47mt[0;37;5;47;107m8[0;1;37;97;47mt[0;37;5;47;107m8[0;1;37;97;47mt[0;37;5;47;107m8[0;1;37;97;47m;%[0;37;5;47;107m8[0;1;37;97;47m;X[0m
[0;33;5;40;100m. [0;37;5;40;100m8[0;33;5;40;100m [0;37;5;40;100m@[0;33;5;40;100m [0;37;5;40;100mSS88@@@[0;35;5;40;100m [0;37;5;40;100m88[0;35;5;40;100m [0;1;30;90;47m8[0;37;5;40;100mX8@[0;35;5;40;100m [0;37;5;40;100m8XX[0;35;5;40;100m [0;37;5;40;100m8[0;35;5;40;100m [0;37;5;40;100m8[0;35;5;40;100m [0;1;30;90;47m@[0;37;5;40;100m8888888[0;35;5;40;100m [0;37;5;40;100m88[0;35;5;40;100m [0;37;5;40;100m8[0;35;5;40;100m [0;37;5;40;100m88[0;1;30;90;47mS[0;37;5;40;100m88[0;1;30;90;47mX[0;35;5;40;100m.[0;37;5;40;100m8[0;35;5;40;100m.[0;37;5;40;100m8[0;35;5;40;100m [0;1;37;97;47m@[0;37;5;47;107mt@XXXXXS%SSSS%%%%S%%%%%SX@@@888888888888[0;1;37;97;47mt[0;37;5;47;107m888[0;1;37;97;47mt[0;37;5;47;107m88[0;1;37;97;47m;[0;37;5;47;107m8[0;1;37;97;47m:[0;37;5;47;107m8[0;1;37;97;47mt[0;37;5;47;107m8[0;1;37;97;47m:[0;37;5;47;107m88[0;1;37;97;47mt[0;37;5;47;107m8[0;1;37;97;47mt[0;37;5;47;107m888[0;1;37;97;47mt[0;37;5;47;107m8[0;1;37;97;47mt[0;37;5;47;107m8[0;1;37;97;47m;[0;37;5;47;107m8[0;1;37;97;47m:[0;37;5;47;107m8[0;1;37;97;47m:tSS[0m
[0;33;5;40;100m  :  [0;1;30;90;47m8[0;33;5;40;100m:..[0;35;5;40;100m [0;33;5;40;100m [0;37;5;40;100m%[0;33;5;40;100m.[0;35;5;40;100m  [0;33;5;40;100m [0;37;5;40;100mX[0;33;5;40;100m.  [0;37;5;40;100mSX[0;33;5;40;100m . [0;37;5;40;100mS[0;33;5;40;100m [0;37;5;40;100m@[0;33;5;40;100m [0;37;5;40;100mS[0;33;5;40;100m.[0;37;5;40;100mSS[0;33;5;40;100m  [0;37;5;40;100mS[0;33;5;40;100m [0;37;5;40;100m@S[0;33;5;40;100m [0;37;5;40;100mSSS[0;1;30;90;47m8[0;33;5;40;100m [0;37;5;40;100m%[0;33;5;40;100m [0;37;5;40;100mSt%[0;1;30;90;47m8[0;37;5;40;100mt[0;1;30;90;47m8[0;37;5;40;100mS[0;1;30;90;47m8@[0;1;37;97;47m8[0;37;5;47;107m8888888@%SS%%%%%tt;tt%SX@8888888888[0;1;37;97;47m%[0;37;5;47;107m8[0;1;37;97;47mt[0;37;5;47;107m88[0;1;37;97;47m;[0;37;5;47;107m888[0;1;37;97;47m;[0;37;5;47;107m8[0;1;37;97;47mt[0;37;5;47;107m8[0;1;37;97;47mt[0;37;5;47;107m8[0;1;37;97;47mt[0;37;5;47;107m88[0;1;37;97;47mt[0;37;5;47;107m88[0;1;37;97;47mt[0;37;5;47;107m8[0;1;37;97;47mt[0;37;5;47;107m8[0;1;37;97;47m:[0;37;5;47;107m8[0;1;37;97;47m;[0;37;5;47;107m8[0;1;37;97;47m;%%%t[0;37;5;47;107m8[0;1;37;97;47m;S%[0m
[0;37;5;40;100m@[0;33;5;40;100m [0;37;5;40;100m8[0;33;5;40;100m: [0;1;30;90;47m@[0;33;5;40;100m  [0;37;5;40;100mS[0;33;5;40;100m [0;1;30;90;47mX[0;37;5;40;100m8[0;33;5;40;100mt[0;35;5;40;100m:[0;33;5;40;100mt[0;37;5;40;100m@[0;1;30;90;47m8[0;33;5;40;100mt: [0;1;30;90;47m8@8[0;33;5;40;100m [0;37;5;40;100m8@[0;1;30;90;47mX8[0;33;5;40;100m [0;1;30;90;47m8[0;33;5;40;100m [0;1;30;90;47m%%[0;37;5;40;100mX[0;33;5;40;100m. [0;1;30;90;47m@S@88888[0;37;5;40;100mX%S[0;1;30;90;47m8X[0;37;5;40;100mS[0;31;5;40;100mX[0;35;5;40;100mt[0;33;5;40;100mS[0;1;30;90;47m8[0;37;5;40;100mS[0;1;30;90;47m8[0;35;5;40;100m [0;34;5;40;100mS[0;30;44m8[0;34;40m8[0;30;44m8[0;34;40m88[0;36;5;40;100m%[0;1;30;90;47mSSXt[0;1;37;97;47m     [0;1;30;90;47mtSS%[0;1;37;97;47m  [0;1;30;90;47mt[0;1;37;97;47m [0;37;5;47;107m@888888888[0;1;37;97;47m%[0;37;5;47;107m888[0;1;37;97;47m;[0;37;5;47;107m8[0;1;37;97;47mt[0;37;5;47;107m8[0;1;37;97;47m.[0;37;5;47;107m8[0;1;37;97;47m  ;:::[0;37;5;47;107m8[0;1;37;97;47mt[0;37;5;47;107m88[0;1;37;97;47m:[0;37;5;47;107m8[0;1;37;97;47mt[0;37;5;47;107m8[0;1;37;97;47m:t[0;37;5;47;107m8[0;1;37;97;47m [0;37;5;47;107m8[0;1;37;97;47m.%S%%t;%tt[0m
[0;33;5;40;100m.[0;1;30;90;43m8[0;1;30;90;47m8[0;1;30;90;43m8[0;1;30;90;47m8[0;1;30;90;43m8[0;1;30;90;47m8[0;1;30;90;43m8[0;1;30;90;47m8[0;1;30;90;43m8[0;37;5;40;100mX[0;1;30;90;43m8[0;37;5;40;100mS[0;33;5;40;100m [0;1;30;90;47m8[0;1;30;90;43m8[0;33;5;40;100m [0;1;30;90;47m8[0;1;30;90;43m8[0;1;30;90;47m8[0;1;30;90;43m8[0;33;5;40;100m.[0;33;47m8[0;33;5;40;100m.[0;33;47m8[0;33;5;40;100m;[0;1;30;90;43m8[0;1;30;90;47m8[0;1;30;90;43m8[0;1;30;90;47m8[0;1;30;90;43m8[0;1;30;90;47m8[0;1;30;90;43m8[0;1;30;90;47m8[0;33;47m8[0;1;30;90;47m8[0;1;30;90;43m8[0;1;30;90;47m8[0;1;30;90;43m8[0;1;30;90;47m8[0;1;30;90;43m8[0;1;30;90;47m8[0;1;30;90;43m8[0;1;30;90;47m8[0;33;5;40;100m.[0;33;47m8[0;33;5;40;100m [0;33;47m8[0;33;5;40;100m [0;1;30;90;47m8[0;33;5;40;100m:[0;1;30;90;47m8[0;33;5;40;100m;[0;33;47m8[0;1;30;90;47m8[0;33;47m@[0;35;5;40;100m.[0;31;5;40;100m8S[0;32;5;40;100mX[0;35;5;40;100mt[0;30;5;40;100m@[0;1;30;90;40m8[0;35;5;40;100m:[0;37;5;40;100mS[0;35;5;40;100m:[0;37;5;40;100m88[0;35;5;40;100m.[0;37;5;40;100m88[0;35;5;40;100m [0;37;5;40;100m88[0;35;5;40;100m [0;37;5;40;100m88[0;35;5;40;100m  [0;37;5;40;100m8[0;1;30;90;47mS888[0;1;37;97;47m [0;37;5;47;107m888[0;1;37;97;47mt[0;37;5;47;107m8[0;1;37;97;47m;[0;37;5;47;107m8[0;1;37;97;47m;[0;37;5;47;107m8[0;1;37;97;47m;[0;37;5;47;107m8[0;1;37;97;47m;[0;37;5;47;107m8[0;1;37;97;47m.t [0;1;30;90;47m88[0;1;37;97;47m      ;[0;37;5;47;107m8[0;1;37;97;47m;[0;37;5;47;107m8[0;1;37;97;47m.;[0;37;5;47;107m8[0;1;37;97;47m.;  %ttttt;;;;[0m
[0;33;5;40;100m.[0;1;30;90;47m8[0;1;30;90;43m8[0;1;30;90;47m8[0;1;30;90;43m8[0;1;30;90;47m8[0;1;30;90;43m8[0;1;30;90;47m88[0;37;43m8[0;1;30;90;47m88[0;37;43m8[0;1;30;90;47m8[0;1;30;90;43m8[0;1;30;90;47m8[0;33;47m8[0;1;30;90;47m8[0;37;43m8[0;1;30;90;47m88[0;37;43m8[0;1;30;90;47m8[0;33;47m8[0;1;30;90;47m8[0;33;47m8[0;1;30;90;47m8[0;33;47m8[0;1;30;90;47m8[0;33;47m8[0;1;30;90;47m8[0;33;47m8[0;1;30;90;47m8[0;33;47m8[0;1;30;90;47m8[0;33;47m8[0;1;30;90;47m88[0;33;47m@[0;1;30;90;47m88[0;33;47m@[0;1;30;90;47m8[0;33;47m@[0;1;30;90;47m8[0;33;47m8[0;1;30;90;47m8[0;33;47m8@8[0;1;30;90;47m8[0;33;47m8[0;1;30;90;47m8[0;33;47m8[0;1;30;90;47m88[0;33;5;40;100mS[0;31;5;40;100m@[0;33;5;40;100m [0;37;5;40;100mX[0;1;30;90;47m%[0;33;5;40;100m [0;37;5;40;100m88[0;35;5;40;100m  [0;1;30;90;47m88[0;35;5;40;100m [0;37;5;40;100m@[0;1;30;90;47m8[0;35;5;40;100m  [0;1;30;90;47mX[0;37;5;40;100mS[0;35;5;40;100m:[0;1;30;90;47m8[0;37;5;40;100mX[0;35;5;40;100m;[0;33;5;40;100m [0;37;5;40;100mS[0;35;5;40;100m%[0;36;5;40;100mS[0;30;44m8[0;37;5;40;100m%[0;1;37;97;47m%[0;37;5;47;107m8[0;1;37;97;47m;[0;37;5;47;107m8[0;1;37;97;47m;[0;37;5;47;107m8[0;1;37;97;47m;[0;37;5;47;107m8[0;1;37;97;47m.[0;37;5;47;107m8[0;1;37;97;47m.[0;37;5;47;107m8[0;1;37;97;47m:[0;37;5;47;107m8[0;1;37;97;47mt:[0;1;30;90;47mXX8X@[0;1;37;97;47m [0;1;30;90;47mX[0;1;37;97;47m  ;[0;37;5;47;107m8[0;1;37;97;47m [0;37;5;47;107m8[0;1;37;97;47m :ttt.;;;;:;;;::[0m
[0;33;5;40;100m  [0;35;5;40;100m [0;37;5;40;100m%[0;1;30;90;47m8[0;35;5;40;100m ;[0;33;5;40;100m%[0;31;5;40;100mX[0;37;5;40;100m%t[0;33;5;40;100mt[0;35;5;40;100mt[0;33;5;40;100mt[0;1;30;90;47m88[0;33;5;40;100m;[0;35;5;40;100m;:[0;33;5;40;100m.[0;1;30;90;47mX8[0;33;5;40;100m:. [0;1;30;90;47m8[0;37;5;40;100mt[0;33;5;40;100m [0;37;5;40;100mt[0;33;5;40;100m [0;1;30;90;47m8[0;37;5;40;100mtt[0;33;5;40;100m:.[0;37;5;40;100m;[0;33;47m8[0;37;5;40;100m;[0;1;30;90;47m8[0;1;30;90;43m8[0;1;30;90;47m8[0;37;5;40;100m:[0;1;30;90;47m88[0;1;30;90;43m8[0;1;30;90;47m8[0;33;5;40;100m.[0;1;30;90;47m88[0;33;5;40;100m.[0;33;47m8[0;35;5;40;100m.[0;33;47m8[0;1;30;90;47m8[0;33;47m8[0;1;30;90;47m8[0;33;5;40;100mS[0;35;5;40;100mS[0;33;5;40;100m [0;1;30;90;47m@88[0;33;5;40;100m [0;1;30;90;47m@8[0;37;5;40;100mX[0;1;30;90;47m888[0;37;5;40;100m@[0;1;30;90;47m88[0;33;5;40;100m [0;1;30;90;47m88[0;1;30;90;43m8[0;1;30;90;47m88[0;33;5;40;100m.[0;1;30;90;47m8[0;37;5;40;100m@[0;1;30;90;47mt[0;1;37;97;47m:[0;35;5;40;100m;[0;37;5;40;100mS[0;1;37;97;47m .[0;37;5;47;107m8[0;1;37;97;47m;[0;37;5;47;107m8[0;1;37;97;47m;[0;37;5;47;107m8[0;1;37;97;47m:[0;37;5;47;107m8[0;1;37;97;47mt[0;37;5;47;107m8[0;1;37;97;47m;[0;37;5;47;107m8[0;1;37;97;47m;[0;37;5;47;107m8[0;1;37;97;47mt:[0;1;30;90;47m@[0;1;37;97;47m [0;1;30;90;47m88@8[0;36;5;40;100m [0;1;30;90;47m8[0;37;5;40;100mt[0;1;30;90;47m@@8S[0;1;37;97;47m.;;; ;   :t;t;:[0m
[0;33;5;40;100m::. [0;1;30;90;47m8[0;33;5;40;100m;;:.[0;1;30;90;47m8[0;33;5;40;100m:;;; [0;1;30;90;47m8[0;33;5;40;100m%:;[0;1;30;90;47m8[0;33;47mX[0;1;30;90;47m8[0;33;5;40;100m [0;1;30;90;47m8[0;33;47m8[0;1;30;90;47m88[0;1;30;90;43m8[0;1;30;90;47m8[0;33;5;40;100m.[0;1;30;90;47m8[0;33;47mX[0;1;30;90;47m88888888[0;37;5;40;100m:[0;1;30;90;47m8[0;1;37;97;47m [0;1;30;90;47m8[0;35;5;40;100m;[0;33;5;40;100m [0;1;30;90;47m8888[0;37;5;40;100m%[0;1;30;90;47m8[0;37;5;40;100m:[0;33;47m@[0;35;47m@[0;33;47m8[0;31;5;40;100m8S[0;33;5;40;100m8[0;31;5;40;100m@[0;33;5;40;100m8 [0;1;30;90;47m@[0;37;5;40;100m@[0;33;5;40;100m.:[0;1;30;90;47m8[0;33;47m8[0;1;30;90;47m8[0;33;47m8[0;1;30;90;47m8[0;1;30;90;43m8[0;1;30;90;47m88[0;33;5;40;100mt[0;35;5;40;100m [0;1;30;90;47m8[0;37;5;40;100mX[0;33;5;40;100m:[0;33;47m8[0;37;5;40;100mX[0;35;5;40;100m:[0;1;30;90;47mt[0;35;5;40;100m  [0;1;30;90;47mXS88888[0;1;37;97;47m [0;1;30;90;47mS[0;1;37;97;47m  ;tt ..[0;1;30;90;47mX[0;37;5;40;100m;[0;35;5;40;100mS[0;34;5;40;100m@[0;36;5;40;100m%[0;35;5;40;100mS[0;36;5;40;100mt[0;34;5;40;100m@[0;35;5;40;100m%[0;1;30;90;47m88[0;37;5;40;100mt[0;1;30;90;47m8[0;1;37;97;47m [0;1;30;90;47m8[0;1;37;97;47m : [0;36;5;40;100m;[0;1;30;90;44m8[0;34;5;40;100mX[0;1;30;90;47m8@[0;37;5;40;100mS[0;36;5;40;100m:[0;1;30;90;47m8[0;1;37;97;47m [0;1;30;90;47mX[0m
[0;33;5;40;100m.[0;33;47m8[0;33;5;40;100m.[0;33;47m8[0;1;30;90;43m8[0;1;30;90;47m8[0;1;30;90;43m8[0;1;30;90;47m8[0;1;30;90;43m8[0;1;30;90;47m8[0;37;43m8[0;1;30;90;47m8[0;1;30;90;43m8[0;1;30;90;47m8[0;37;43m8[0;1;30;90;47m8[0;37;43m8[0;1;30;90;47m8[0;33;47m8[0;1;30;90;43m8[0;1;30;90;47m8[0;33;47m88[0;1;30;90;47m8[0;1;30;90;43m8[0;1;30;90;47m8[0;33;47m8[0;1;30;90;47m8[0;33;47m88[0;1;30;90;43m8[0;37;5;40;100m:[0;1;30;90;43m8[0;37;43m8[0;1;30;90;41m8[0;1;30;90;43m8[0;1;30;90;47m8[0;1;31;91;43m8[0;1;30;90;47m8[0;33;47m888[0;1;30;90;43m8[0;33;47m888888[0;1;30;90;47m8[0;37;43m8[0;1;30;90;47m8[0;33;47m8[0;1;30;90;47m8[0;33;47m8[0;1;30;90;47m8[0;31;5;40;100m8[0;33;5;40;100mX[0;30;5;40;100m8[0;33;5;40;100m ;[0;37;5;40;100m@[0;33;47m8[0;37;5;40;100m%[0;1;30;90;47m8[0;33;47m88[0;1;30;90;47m8[0;1;30;90;43m8[0;1;30;90;47m8[0;33;47m8[0;1;30;90;47m8[0;1;30;90;43m8[0;1;30;90;47m8[0;33;5;40;100m:[0;1;30;90;43m8[0;37;5;40;100m;[0;33;47m8[0;1;30;90;47m8[0;1;30;90;43m8[0;1;30;90;47m8[0;31;5;40;100m%[0;37;5;40;100m8[0;35;5;40;100m;[0;36;5;40;100m [0;37;5;40;100m@[0;35;5;40;100mt[0;34;5;40;100mS%[0;1;30;90;47m88[0;34;5;40;100m8[0;36;5;40;100m;[0;37;5;40;100mS[0;34;5;40;100m8[0;36;5;40;100mS[0;35;5;40;100m [0;37;5;40;100m%[0;1;30;90;47m8[0;36;5;40;100m.[0;37;5;40;100mt[0;1;30;90;47m8[0;1;37;97;47m [0;34;5;40;100m@[0;36;5;40;100m@[0;31;5;40;100m8[0;30;5;40;100mX[0;35;5;40;100m:[0;1;30;90;40m8[0;30;5;40;100m88[0;36;5;40;100m%[0;35;5;40;100m;[0;36;5;40;100m.[0;1;30;90;44m@[0;34;40m%[0;34;5;40;100m8[0;1;30;90;47m@[0;1;37;97;47m [0;36;5;40;100m [0;1;30;90;44m@[0;31;40mX[0;32;40mS[0;1;30;90;40m8[0;34;5;40;100m8[0;1;30;90;40m8[0;34;5;40;100m8[0;30;5;40;100m8[0;34;5;40;100m8[0;30;5;40;100m8[0m
[0;33;5;40;100m:.[0;33;47m8[0;33;5;40;100m:[0;33;47m8[0;33;5;40;100m:[0;33;47m8[0;33;5;40;100m.[0;33;47m8[0;33;5;40;100m.[0;33;47m8[0;33;5;40;100m.[0;33;47m8[0;33;5;40;100m.[0;33;47m8[0;33;5;40;100m.[0;33;47m8[0;33;5;40;100m.[0;33;47m@[0;1;30;90;47m8[0;1;30;90;43m8[0;35;47m8[0;1;30;90;43m8[0;1;30;90;47m8[0;33;47m8[0;1;30;90;47m8[0;1;31;91;43m8[0;37;5;40;100m%[0;33;5;40;100mt[0;1;30;90;45m8[0;1;30;90;43m8[0;35;41m8[0;31;5;40;100m8[0;35;5;40;100m@[0;31;5;40;100m8X@[0;33;5;40;100mt[0;31;5;40;100mX[0;33;5;40;100mt[0;35;5;40;100m.[0;1;30;90;47m8[0;1;31;91;47m@[0;1;30;90;47m88[0;33;47m8[0;35;47m8[0;33;47m8[0;35;47m8[0;37;43m8[0;35;47m8[0;37;43m@[0;35;47m8[0;33;47m8[0;1;30;90;47m88[0;31;5;40;100m8[0;33;5;40;100mt[0;31;5;40;100mSS[0;33;5;40;100mtS[0;35;5;40;100m%[0;33;5;40;100m   [0;1;30;90;47m8[0;37;5;40;100m;t[0;1;30;90;47m8[0;37;5;40;100m:[0;33;5;40;100m.[0;35;5;40;100m:[0;33;5;40;100mt[0;35;5;40;100m::[0;37;5;40;100m;[0;33;5;40;100m;;[0;35;5;40;100m [0;37;5;40;100m%[0;31;5;40;100m@[0;30;5;40;100m8[0;1;30;90;40m8[0;31;5;40;100mS[0;36;5;40;100m%[0;1;30;90;40m@[0;30;5;40;100m88[0;35;5;40;100m%[0;36;5;40;100m;[0;35;5;40;100m%[0;36;5;40;100m.[0;37;5;40;100m@[0;30;5;40;100mS@[0;34;5;40;100mS[0;30;5;40;100m8[0;34;5;40;100m8X[0;1;30;90;47m@S[0;37;5;40;100mS[0;35;5;40;100m;.[0;30;5;40;100mXSS[0;1;30;90;40mX[0;31;40mt[0;1;30;90;40mX@8@[0;31;40mS[0;1;30;90;40m@[0;32;40m%[0;34;5;40;100m8@[0;30;5;40;100m@[0;31;40mX[0;30;5;40;100m88[0;1;30;90;40m8[0;31;40m@[0;1;30;90;40m88888[0m
[0;36;5;40;100m [0;33;5;40;100m [0;37;5;40;100mS[0;1;30;90;47m88[0;35;5;40;100m;:[0;37;5;40;100mt[0;1;30;90;47m88[0;35;5;40;100m:[0;1;30;90;47m8[0;35;5;40;100m:[0;1;30;90;47m888[0;35;5;40;100m [0;1;30;90;47m888[0;1;37;97;47m [0;33;5;40;100m.[0;1;30;90;47m8[0;33;5;40;100m.[0;1;30;90;47m8[0;31;5;40;100mS[0;35;5;40;100m%[0;1;30;90;41m88[0;31;5;40;100mX@[0;30;5;40;100m8[0;1;30;90;40m8[0;30;5;40;100m8[0;31;5;40;100m8[0;30;5;40;100m8[0;31;5;40;100m8@@8[0;1;30;90;41m8[0;31;5;40;100m88[0;33;5;40;100m:[0;1;30;90;47m8[0;33;5;40;100m:[0;1;30;90;47m88[0;1;30;90;43m8[0;1;30;90;47m8[0;33;5;40;100m:[0;1;30;90;47m8[0;37;43m8[0;1;30;90;47m8[0;33;47m8[0;1;30;90;41m8[0;31;5;40;100m@[0;30;5;40;100m@[0;33;5;40;100m:;[0;30;5;40;100m88[0;31;5;40;100m@[0;33;5;40;100mSX[0;31;5;40;100m8@[0;33;5;40;100m8[0;1;30;90;41m8[0;33;5;40;100mSt[0;1;30;90;41mX8[0;31;5;40;100m8[0;33;5;40;100mSX[0;31;5;40;100m@[0;33;5;40;100mS[0;1;30;90;41mX[0;31;40m8[0;31;5;40;100m8[0;1;30;90;40m@[0;31;40mX[0;1;30;90;40m8[0;31;40m%[0;30;5;40;100m8[0;31;40mX[0;1;30;90;40m8@[0;31;40mS[0;30;5;40;100m8[0;31;40mS[0;1;30;90;40m8[0;30;5;40;100m8[0;31;40mX[0;1;30;90;40m888[0;32;40mS[0;1;30;90;40m8[0;30;5;40;100m@[0;36;5;40;100mS[0;30;5;40;100m@[0;1;30;90;40m8888[0;30;5;40;100mXX@[0;1;30;90;40m8[0;31;40m@[0;30;5;40;100m8[0;1;30;90;40m8[0;32;5;40;100m@[0;30;5;40;100m8[0;31;5;40;100m@[0;32;40m@[0;31;5;40;100mX[0;32;40m@[0;30;5;40;100m@[0;32;40mX[0;31;5;40;100m8[0;30;5;40;100m8[0;33;5;40;100m8[0;30;5;40;100m8[0;32;5;40;100mS[0;31;40m8[0;32;5;40;100mS[0;31;40m@[0m
[0;33;5;40;100m [0;37;5;40;100m8[0;33;5;40;100m [0;1;30;90;47m8[0;33;5;40;100m:[0;1;30;90;47m8[0;33;5;40;100m;[0;1;30;90;47m888[0;33;5;40;100m:[0;1;30;90;47m8888[0;37;5;40;100m;[0;1;30;90;47m888[0;1;37;97;47m [0;1;30;90;47m888[0;33;5;40;100mS[0;31;5;40;100m8[0;33;5;40;100mt[0;31;5;40;100m@[0;1;30;90;40m8[0;30;5;40;100m8[0;33;5;40;100m@[0;1;30;90;40m8[0;30;5;40;100m8[0;1;30;90;40m8[0;31;40mX[0;32;5;40;100m@[0;30;5;40;100m88[0;1;30;90;40m8[0;36;5;40;100mS[0;1;30;90;40m8[0;30;5;40;100m@@[0;31;5;40;100mS[0;33;5;40;100mX[0;35;5;40;100m.[0;1;30;90;47m@@[0;1;37;97;47m  [0;1;30;90;47m8888[0;33;47m@[0;31;5;40;100m8[0;31;40m%[0;32;40m:.[0;31;40m;[0;32;40m%[0;31;40m@[0;32;40mS[0;31;40mt[0;34;40mt[0;31;40mX[0;32;40mX[0;30;5;40;100m8[0;31;40m%[0;1;30;90;40m@[0;31;40m8[0;31;5;40;100m@[0;1;30;90;40m8[0;32;40m@[0;1;30;90;40m8[0;1;30;90;41m@[0;31;40mtX[0;30;5;40;100m@[0;32;5;40;100mX[0;1;30;90;40m88[0;30;5;40;100m@[0;1;30;90;40m88888[0;31;40m@[0;1;30;90;40m888[0;32;40mS[0;31;40m8[0;1;30;90;40m88[0;31;40mX[0;1;30;90;40m8[0;31;40mSS[0;32;40m@[0;1;30;90;40m8[0;31;40mX[0;1;30;90;42m8[0;31;40m@[0;32;40m@[0;31;40m@[0;30;5;40;100m8[0;32;40m8[0;31;40m8[0;30;42m8[0;30;5;40;100m@[0;32;40m8[0;31;5;40;100mX[0;32;40mS[0;31;40m8[0;1;30;90;42m8[0;31;40mS[0;30;5;40;100m8[0;32;40m8[0;31;5;40;100m8[0;32;40m@[0;31;5;40;100mX[0;30;42m8[0;33;5;40;100m8[0;32;40mS[0;31;5;40;100m@[0;32;40m8[0;31;5;40;100mS[0;32;40m@[0;1;30;90;40m8[0m
[0;33;5;40;100mS@S%[0;33;47m8[0;1;30;90;43m8[0;1;30;90;47m8[0;1;30;90;43m8[0;33;5;40;100m;[0;33;47m88[0;1;30;90;43m8[0;1;30;90;47m8[0;31;43m@[0;33;5;40;100m:[0;1;30;90;43m8[0;31;5;40;100mX[0;1;30;90;41m@88[0;31;5;40;100mX[0;1;30;90;41m8[0;31;5;40;100m@8@S[0;33;5;40;100mX[0;31;5;40;100mX[0;1;30;90;40m8[0;30;5;40;100m@[0;31;5;40;100mX[0;30;5;40;100m8[0;31;5;40;100mS[0;1;30;90;40m88[0;31;5;40;100m8[0;1;30;90;40m8[0;33;5;40;100m8[0;31;5;40;100m8[0;30;5;40;100m8[0;31;5;40;100m@[0;30;5;40;100m8[0;31;5;40;100mSS[0;33;5;40;100m;[0;1;30;90;47m8[0;33;47m8[0;1;30;90;47m88[0;33;47m8[0;1;30;90;47m88[0;1;30;90;43m8[0;35;5;40;100m8[0;30;41m8[0;30;5;40;100m8[0;32;40mS[0;30;5;40;100m8[0;1;30;90;40m8[0;31;40mS[0;1;30;90;40m@8[0;32;40mS[0;1;30;90;40m88[0;31;40mS[0;32;40mS[0;33;5;40;100m X[0;1;30;90;40m@[0;30;5;40;100m8[0;1;30;90;40m8[0;31;5;40;100m8[0;32;40m8[0;33;5;40;100m@[0;32;5;40;100m@[0;33;5;40;100m8[0;30;5;40;100mX[0;31;40m8[0;33;5;40;100m8[0;31;40mX[0;1;30;90;40m8[0;31;40mX[0;30;5;40;100m8[0;31;40mS[0;32;40mX[0;31;40mX[0;30;5;40;100m8[0;32;40mS[0;31;40mX[0;1;30;90;40m8[0;31;40mX[0;1;30;90;40m8[0;32;40mS[0;1;30;90;40m8888[0;30;5;40;100m@[0;1;30;90;40m8[0;32;40m8[0;30;5;40;100m8[0;31;40mX[0;32;5;40;100mX[0;30;5;40;100m8[0;1;30;90;40m8[0;32;40m@[0;31;5;40;100m8[0;32;40m8[0;31;5;40;100m@[0;1;30;90;40m8[0;30;5;40;100m@[0;32;40mS[0;30;5;40;100m8[0;1;30;90;40m88[0;32;5;40;100mS[0;31;40m8[0;32;5;40;100m8[0;32;40mX[0;31;5;40;100mX[0;32;40m8[0;31;5;40;100m8[0;32;40mS[0;31;5;40;100m@[0;32;40m8[0;31;5;40;100m8[0;32;40mX[0;30;41m8[0;1;30;90;40m8[0m
[0;31;40mt%X@[0;1;30;90;41m8[0;31;5;40;100m8@[0;33;5;40;100m%[0;1;30;90;41m8[0;31;5;40;100m8[0;1;30;90;41m8@[0;31;40mS[0;1;30;90;40mX[0;30;41m8[0;31;40m8[0;1;30;90;40m8[0;32;40mS%[0;31;40mt[0;32;40m%[0;31;40mt[0;32;40mS[0;31;40mS[0;32;40mX[0;31;5;40;100mS[0;33;5;40;100mX[0;1;30;90;40m8[0;31;5;40;100mS[0;30;5;40;100mX[0;1;30;90;40m8[0;31;40m%[0;32;40mX[0;31;40mS[0;32;40m%[0;1;30;90;40mX@S@[0;32;40m%[0;31;40m%[0;32;5;40;100mS[0;33;5;40;100m%.[0;1;30;90;47m8[0;33;47m8[0;1;30;90;47m8[0;37;43m8[0;1;30;90;47m8[0;33;47m8[0;33;5;40;100mS[0;1;30;90;41m%[0;31;40m8[0;1;30;90;40m8[0;32;40mS[0;31;40m%[0;1;30;90;40m88[0;32;40mS[0;30;5;40;100m8[0;32;40m;[0;31;40mtt[0;30;5;40;100m8[0;33;5;40;100mt[0;32;5;40;100mS[0;31;5;40;100mX[0;37;5;40;100mX[0;1;30;90;47mXSSS%8[0;37;5;40;100m@[0;1;30;90;47m@8SX[0;37;5;40;100m@[0;33;5;40;100m.X[0;30;5;40;100m8[0;33;5;40;100m8[0;36;5;40;100m [0;31;5;40;100mS[0;1;30;90;40m8[0;30;5;40;100mS[0;31;5;40;100mS[0;36;5;40;100m.[0;33;5;40;100mt[0;36;5;40;100mt[0;33;5;40;100mt[0;31;5;40;100mX[0;30;5;40;100m8[0;33;5;40;100m%t8[0;30;5;40;100m@[0;33;5;40;100m@t%;;tt   [0;37;5;40;100m8888[0;33;5;40;100m8[0;1;30;90;40m8[0;33;5;40;100m8[0;30;5;40;100m8[0;33;5;40;100m8@%t:   [0;37;5;40;100m8[0;33;5;40;100m.[0;37;5;40;100m8[0;1;30;90;47m88[0m
[0;31;40m;[0;32;40mt[0;1;30;90;40mXS[0;32;40mt[0;31;40m%%S[0;1;30;90;40mX[0;32;40m;:[0;34;40m;[0;32;40mt[0;31;40mt[0;32;40m%[0;34;40mt[0;31;40mt%[0;32;40m%[0;31;40mt[0;32;40m;[0;31;40m%[0;1;30;90;40m8@[0;30;5;40;100m88[0;35;5;40;100mt[0;32;5;40;100mX[0;1;30;90;40mX[0;31;40mS[0;32;40mX[0;1;30;90;40m@[0;31;40mS[0;1;30;90;40m@[0;31;40mt[0;32;40m%[0;31;40mS[0;1;30;90;40m88[0;31;40mS[0;1;30;90;40mX[0;31;40m%[0;33;5;40;100m% [0;1;30;90;47m8888[0;37;5;40;100m.[0;1;30;90;47m8[0;31;5;40;100m8[0;31;40m%[0;32;40m%[0;31;40mt[0;1;30;90;40mS[0;32;40m%[0;31;40m;[0;32;40mt[0;31;40mS[0;1;30;90;40mX@[0;32;40m.[0;1;30;90;40m@[0;30;5;40;100mX[0;36;5;40;100mt[0;35;5;40;100mS[0;36;5;40;100mS[0;37;5;40;100m8[0;1;30;90;47mS@@XS88@@S%%[0;37;5;40;100m8[0;33;5;40;100m%[0;30;5;40;100m8[0;1;30;90;40m@[0;37;5;40;100mS[0;36;5;40;100m;[0;31;40mt[0;32;5;40;100mX[0;34;5;40;100mS[0;33;5;40;100m:[0;30;5;40;100m@[0;33;5;40;100m [0;35;5;40;100m.[0;1;30;90;40m@[0;33;5;40;100m;[0;35;5;40;100m;:[0;37;5;40;100m@@[0;1;30;90;47m@X88%[0;33;5;40;100m:X[0;1;30;90;47mS8@[0;37;5;40;100m8[0;33;5;40;100m;[0;1;30;90;47mS88@8S@88@X%%%XX888[0m
[0;32;40m%[0;31;40mS[0;32;40m%[0;1;30;90;40mXXX[0;32;40mX[0;1;30;90;40m8[0;31;40m;[0;1;30;90;40mS[0;32;40mt[0;1;30;90;40mX[0;31;40mt[0;32;40m%[0;1;30;90;40mX[0;32;40mt[0;1;30;90;40mX[0;32;40m%[0;1;30;90;40mX[0;34;40m;[0;32;40mt[0;1;30;90;40mX[0;31;40m%[0;1;30;90;40m88[0;31;40mS[0;1;30;90;40m@88[0;31;40mS[0;1;30;90;40m8@[0;32;40mt[0;1;30;90;40mSSXS[0;31;40m%[0;1;30;90;40mX[0;32;40mS[0;1;30;90;40m@[0;31;40mt[0;1;30;90;40mS[0;31;5;40;100m8[0;33;5;40;100m8[0;1;30;90;41m8[0;33;5;40;100m8[0;31;5;40;100m8[0;33;5;40;100mt[0;31;5;40;100mX[0;33;5;40;100mt[0;1;30;90;40m@[0;31;40mt[0;32;40m;[0;34;40m;[0;31;40m;[0;32;40m;[0;1;30;90;40mS[0;32;40mt[0;31;40m%[0;32;40mt[0;30;5;40;100mX[0;33;5;40;100m:[0;31;40mt[0;1;30;90;40m@[0;31;40m%[0;1;30;90;40m8[0;37;5;40;100m8[0;1;30;90;47m%XX8X8888@@S@[0;37;5;40;100mX[0;33;5;40;100m:[0;30;5;40;100m8[0;33;5;40;100mt[0;35;5;40;100m [0;1;30;90;40m@[0;30;5;40;100m8[0;33;5;40;100m;[0;35;5;40;100m %[0;33;5;40;100m:[0;31;5;40;100mS[0;1;30;90;40m8[0;33;5;40;100m :[0;37;5;40;100mXX[0;1;30;90;47m8X@8[0;35;5;40;100m [0;33;5;40;100m.[0;1;30;90;40m@[0;32;40m;[0;1;30;90;40m8[0;31;40mS[0;32;40mX[0;1;30;90;40m8[0;31;40mS[0;32;40mS[0;31;40mX[0;32;40mX[0;1;30;90;40m8[0;31;40mS[0;32;5;40;100m8[0;30;5;40;100m8[0;37;5;40;100m8[0;1;30;90;47mS8@@@@@@@88[0m
[0;32;40mt[0;1;30;90;40m8S[0;31;40mt[0;32;40m%[0;31;40mS[0;1;30;90;40m8@[0;32;40mX[0;1;30;90;40mX888@@888[0;30;5;40;100m88888[0;1;30;90;40m8[0;30;5;40;100mX[0;32;5;40;100mS[0;31;40m8[0;30;5;40;100mX@[0;1;30;90;40m8@[0;31;40mS[0;30;5;40;100m8[0;1;30;90;40mS[0;31;40mt[0;1;30;90;40mX@@[0;32;40m%[0;1;30;90;40m8888[0;32;40m%[0;31;40mX[0;30;5;40;100m8[0;1;30;90;40m8[0;1;30;90;41m8[0;1;30;90;40m88[0;31;40m8[0;1;30;90;40m8[0;30;5;40;100m8[0;1;30;90;40m88888[0;30;5;40;100m@[0;1;30;90;40m88[0;30;5;40;100m@[0;1;30;90;40m88[0;30;5;40;100m@[0;1;30;90;40m88[0;33;5;40;100m8%[0;31;5;40;100mS[0;33;5;40;100mX%t% [0;1;30;90;47m@8[0;37;5;40;100m8[0;33;5;40;100m%tt[0;30;5;40;100m88[0;31;40mX[0;1;30;90;40mX8[0;31;40m%t[0;30;5;40;100m8[0;1;30;90;40m8[0;31;40m%[0;1;30;90;40m8X[0;30;5;40;100m8@[0;31;5;40;100mS[0;32;5;40;100mS[0;31;5;40;100mS[0;32;5;40;100mS[0;30;5;40;100m8[0;1;30;90;40m@[0;31;40m%[0;32;40mS[0;31;40m%[0;32;40m%[0;31;40m%[0;32;40m%[0;1;30;90;40mS[0;31;40mt[0;32;40m%[0;31;40m%[0;32;40mS[0;1;30;90;40m@[0;31;40m%[0;32;40mS[0;1;30;90;40mS[0;31;40m;:[0;1;30;90;40m8[0;37;5;40;100m8[0;1;30;90;47mS@X@@@@@@8[0m
[0;32;40m.[0;31;40m.[0;32;40m:[0;31;40m:[0;32;40mt[0;34;40mt[0;32;40m;[0;31;40mtt[0;32;40mt[0;31;40mt[0;32;40mt[0;31;40m;[0;32;40mt[0;31;40mt[0;32;40m;[0;31;40m%[0;32;40m%[0;31;40mt[0;32;40mt[0;31;40mt[0;32;40m;t[0;31;40m%[0;32;40mt[0;31;40mt[0;1;30;90;40m@[0;32;40m%[0;31;40mS[0;32;40mS[0;31;40m%[0;32;40mS[0;1;30;90;40mS[0;32;40mt[0;34;40m;[0;32;40m%[0;31;40m%[0;32;40m%[0;31;40mS[0;34;40m;[0;31;40mS[0;32;40mX[0;31;40m%[0;1;30;90;40m@[0;32;40mX[0;31;40m%[0;32;40mS%[0;31;40m@[0;32;40m@[0;1;30;90;40m@[0;32;40m%t[0;31;40mt[0;32;40mS[0;31;40mt[0;32;40m%[0;31;40m;[0;32;40m%%[0;31;40m%[0;32;40m%[0;1;30;90;40m8[0;32;40m%[0;31;40m%[0;32;40mS[0;31;40m%[0;32;40m;[0;34;40m;[0;32;40m%[0;34;40mt[0;31;40m:[0;34;40m;[0;31;40mt[0;1;30;90;40mX[0;31;40mX[0;1;30;90;40m8[0;31;40m%[0;32;40mS[0;1;30;90;40mX[0;31;40m;t[0;1;30;90;40m@[0;32;40mS[0;31;40mS[0;32;40mt[0;1;30;90;40mSS[0;31;40mt[0;32;40m%[0;1;30;90;40m@[0;32;40mt[0;31;40m%[0;32;40mt[0;31;40m%[0;32;40mt[0;34;40m;[0;31;40m.;[0;1;30;90;40mX[0;32;40m%[0;1;30;90;40m@[0;34;40m%[0;32;40m%[0;1;30;90;40m@[0;34;40mt[0;31;40m;[0;32;40m;[0;34;40m;[0;32;40mt[0;1;30;90;40mS[0;31;40mt[0;34;40mt[0;32;40m%[0;31;40m%[0;34;40mt[0;32;40mS[0;31;40mt[0;32;40mS[0;33;5;40;100m.[0;1;30;90;47m%@@@@@@@@@[0m
[0;32;40m.[0;31;40m:[0;32;40m:[0;34;40m;[0;31;40mt[0;32;40m;[0;31;40m;[0;32;40mt[0;34;40mt[0;31;40mt[0;32;40mt[0;31;40m;[0;32;40mt[0;31;40m;[0;32;40m;[0;31;40m;[0;32;40mt[0;34;40mt[0;31;40mt[0;32;40mt[0;34;40m;[0;31;40mt[0;32;40mt[0;34;40m;[0;31;40m;[0;32;40mt[0;1;30;90;40m@[0;31;40m%[0;1;30;90;40mX[0;32;40mt[0;1;30;90;40mX[0;34;40m;[0;31;40m%[0;1;30;90;40mS[0;31;40mt[0;1;30;90;40mX[0;32;40mt[0;1;30;90;40m@[0;31;40m;[0;1;30;90;40mX[0;32;40mS[0;31;40m%[0;32;40m%[0;34;40mt[0;1;30;90;40mS[0;32;40m%[0;31;40mS[0;1;30;90;40m@[0;32;40mS[0;31;40mS[0;1;30;90;40mXX@[0;32;40m%[0;1;30;90;40mS[0;32;40m;[0;31;40mt[0;32;40m%[0;31;40m%[0;1;30;90;40mX[0;32;40m%[0;31;40m%[0;32;40m%[0;31;40m%[0;32;40mS[0;1;30;90;40mX[0;32;40mt[0;31;40m%[0;32;40m%[0;31;40m%[0;32;40m%[0;1;30;90;40mX[0;32;40m%[0;31;40mt[0;32;40m%[0;1;30;90;40mX[0;32;40mS[0;31;40mt[0;34;40mt[0;31;40m%[0;32;40mS[0;34;40mt[0;32;40mt[0;1;30;90;40m@[0;34;40m%[0;31;40mS[0;32;40mt[0;1;30;90;40mS[0;32;40m;[0;31;40mS[0;34;40mt[0;1;30;90;40mXX[0;31;40mt[0;1;30;90;40m@[0;34;40m:[0;31;40m;[0;32;40m;[0;34;40m;[0;31;40mt[0;1;30;90;40mS[0;32;40m;[0;31;40m%[0;34;40mt[0;31;40mt[0;32;40mS[0;1;30;90;40mS[0;31;40m;[0;32;40mt[0;31;40m%[0;32;40m%[0;34;40mt[0;32;40m%[0;1;30;90;40m@[0;32;40m;[0;31;40mS[0;1;30;90;40mX[0;32;40m;[0;31;40mt[0;36;5;40;100mt[0;1;30;90;47m@@@@@@@@@@[0m
[0;32;40m.[0;34;40m:[0;31;40m;[0;32;40mt[0;31;40m;[0;34;40m;[0;32;40mt[0;31;40mt[0;32;40mt[0;34;40m;[0;31;40m:[0;34;40m;[0;31;40m;[0;34;40m;[0;32;40m;[0;34;40mt[0;31;40mt[0;32;40m%[0;1;30;90;40mS[0;31;40m;[0;32;40mt[0;34;40m;[0;31;40mt[0;32;40mt[0;34;40m;[0;1;30;90;40m@[0;32;40m%[0;31;40mt[0;32;40m%[0;31;40mt[0;34;40mt[0;31;40mt[0;32;40m%[0;34;40mt[0;32;40m%[0;31;40mt[0;34;40mt[0;31;40mt[0;32;40m%[0;34;40m;[0;31;40mt[0;34;40mt[0;32;40mt[0;31;40mt[0;32;40mt[0;34;40mt[0;32;40m%[0;31;40mt[0;1;30;90;40m@[0;32;40mt[0;34;40m;[0;32;40mt[0;31;40mS[0;32;40mt[0;31;40mt[0;34;40m;[0;32;40mt[0;1;30;90;40m@[0;32;40m;[0;31;40m;[0;34;40mt[0;32;40m%[0;31;40m%[0;34;40m%[0;1;30;90;40m@[0;31;40m;[0;1;30;90;40mX[0;34;40mt[0;1;30;90;40m@S[0;31;40m;[0;32;40mt[0;1;30;90;40m@[0;32;40mt[0;31;40mt[0;32;40mt[0;31;40mt[0;32;40m%[0;1;30;90;40mS[0;32;40mt[0;31;40mt[0;32;40mt[0;31;40mt;[0;1;30;90;40mX[0;32;40m%[0;34;40mt[0;31;40mS[0;34;40m%[0;1;30;90;40mX[0;32;40mt[0;31;40m%[0;32;40m;[0;34;40m;[0;32;40m;[0;31;40m;[0;32;40mt[0;34;40mt[0;32;40m%[0;31;40m;[0;32;40mt[0;34;40mt[0;32;40mt[0;31;40m%[0;32;40m%[0;34;40m%[0;31;40mt[0;32;40mS[0;34;40m%[0;1;30;90;40mX[0;31;40mt[0;1;30;90;40mS[0;31;40mt[0;34;40m;[0;32;40mt[0;34;40mt[0;32;40mt[0;30;5;40;100m8[0;31;40m:[0;1;30;90;40m8[0;1;30;90;47m@[0;37;5;40;100m88[0;1;30;90;47m@[0;37;5;40;100m8[0;1;30;90;47mX@[0;37;5;40;100m8[0;1;30;90;47mX[0;37;5;40;100m8[0m
[0;32;40m.:[0;31;40m;[0;34;40m;[0;32;40mt[0;31;40m;[0;34;40m;[0;32;40m;[0;31;40m;[0;32;40m;[0;31;40m:[0;32;40mt[0;1;30;90;40mS[0;32;40m;[0;31;40m;[0;32;40m;[0;31;40m:[0;34;40m:[0;31;40m:[0;32;40m:[0;31;40m:[0;32;40m;[0;31;40m;[0;1;30;90;40mX8[0;33;5;40;100mt.[0;31;40m;[0;34;40mt[0;32;40m:[0;31;40m;[0;32;40mt[0;31;40mt[0;32;40m;[0;31;40m%[0;34;40mt[0;32;40mt[0;1;30;90;40mS[0;31;40m;[0;32;40m;[0;34;40m;[0;32;40m%[0;31;40mt[0;32;40mt[0;31;40mt[0;1;30;90;40mX[0;31;40m;[0;34;40mt[0;32;40mt[0;31;40m%[0;32;40m%[0;31;40m%[0;32;40m%[0;1;30;90;40mX[0;32;40mt[0;31;40mt[0;1;30;90;40mS[0;31;40m;[0;1;30;90;40mS[0;32;40mt[0;1;30;90;40mX[0;31;40mt[0;32;40mS[0;1;30;90;40m@[0;32;40mt[0;1;30;90;40mX[0;32;40m%[0;31;40mS[0;32;40m%[0;34;40mt[0;1;30;90;40mX[0;31;40m;[0;1;30;90;40mS%[0;34;40mt[0;1;30;90;40mX[0;32;40m:[0;34;40m;[0;31;40m;[0;34;40m;[0;32;40mt[0;34;40mt[0;32;40mt[0;34;40m;[0;31;40mt[0;1;30;90;40m@XX[0;32;40m%[0;31;40m%[0;1;30;90;40mX[0;32;40m;[0;31;40mt[0;32;40m;[0;34;40m;[0;32;40m;[0;31;40mt[0;1;30;90;40mS[0;31;40m;[0;34;40m%[0;31;40mt[0;32;40mt[0;31;40mt[0;34;40m%[0;31;40mt[0;32;40mS[0;1;30;90;40mX[0;31;40mS[0;1;30;90;40m@[0;32;40m%[0;31;40m;[0;32;40mt[0;34;40mt[0;31;40m%[0;32;40mt[0;31;40m%t[0;32;40mt[0;31;40mt[0;32;40mS[0;33;5;40;100m [0;1;30;90;43m8[0;1;30;90;41m%[0;31;5;40;100m8[0;37;5;40;100mS[0;1;30;90;47mS[0;37;5;40;100m8[0;1;30;90;47m%[0;37;5;40;100m8[0;1;30;90;47mX[0m
[0;32;40m.[0;31;40m;[0;32;40mt[0;31;40m;[0;34;40m;[0;32;40m;[0;31;40mt[0;32;40m;[0;34;40m;[0;31;40m:[0;34;40m;[0;1;30;90;40mSX8[0;30;5;40;100m88[0;34;5;40;100m@[0;30;5;40;100m@[0;36;5;40;100m@[0;34;5;40;100mX[0;36;5;40;100mt[0;35;5;40;100m%[0;36;5;40;100m@t[0;35;5;40;100m:[0;36;5;40;100m;:;;t%[0;34;5;40;100mSS[0;1;30;90;40m88X[0;31;40mt[0;32;40m%[0;34;40mt[0;31;40mt[0;32;40mt[0;31;40mt[0;34;40mt[0;32;40mt[0;34;40m;[0;32;40m;t[0;31;40m%[0;1;30;90;40mX[0;32;40mt[0;34;40m%[0;1;30;90;40mS[0;34;40m;[0;31;40mt[0;32;40mt[0;34;40mt[0;32;40m%[0;1;30;90;40mS[0;34;40m.[0;31;40m:[0;32;40m;[0;1;30;90;40mS[0;31;40m;[0;32;40mt[0;31;40mS[0;32;40mt[0;31;40mt[0;1;30;90;40m@[0;32;40mt[0;31;40mt[0;32;40m;t[0;31;40mt[0;32;40mt[0;31;40m;[0;32;40mt[0;31;40mt[0;32;40mt;[0;31;40mt[0;34;40m;[0;31;40mt[0;32;40m;[0;31;40m;[0;32;40m%[0;31;40mt[0;32;40mt[0;31;40m%[0;1;30;90;40mS[0;32;40mt[0;31;40mt[0;34;40m%[0;32;40m;[0;31;40mt[0;32;40m;[0;34;40mt[0;32;40mt[0;31;40m;[0;32;40mt%[0;1;30;90;40mS[0;31;40mt[0;1;30;90;40mX[0;32;40m%[0;1;30;90;40mS[0;31;40m;[0;34;40m;[0;32;40mt[0;31;40mt[0;32;40mt[0;34;40mt[0;31;40m%[0;32;40m%[0;34;40m;[0;31;40mt[0;1;30;90;40mX[0;32;40mt[0;34;40mt[0;30;5;40;100m@[0;33;5;40;100mt[0;35;5;40;100m  [0;33;41m@[0;33;5;40;100mt   [0;37;5;40;100m8[0;33;5;40;100m.[0;37;5;40;100m8[0m
[0;31;40m;[0;32;40mt[0;34;40m;[0;31;40m;[0;32;40mt[0;31;40m;[0;34;40mt[0;1;30;90;40m8[0;30;5;40;100m8[0;36;5;40;100m@[0;35;5;40;100m%[0;36;5;40;100mX%[0;34;5;40;100mS[0;36;5;40;100m%t[0;1;30;90;40m@[0;31;40mt[0;30;5;40;100m@X@88[0;1;30;90;40m8[0;30;5;40;100m88[0;34;40m@[0;30;5;40;100m8[0;34;5;40;100m@[0;36;5;40;100m8[0;34;5;40;100m8[0;36;5;40;100m8;[0;37;5;40;100m@[0;1;30;90;47mX%[0;37;5;40;100m8[0;30;5;40;100m@[0;32;40m;[0;31;40mt[0;1;30;90;40mS[0;32;40m%[0;31;40mS[0;1;30;90;40mS[0;31;40m%[0;32;40mt[0;31;40mt[0;32;40mt[0;34;40mt[0;31;40mS[0;32;40m%[0;31;40mt[0;32;40m%[0;1;30;90;40mX[0;31;40mS[0;1;30;90;40mX[0;31;40m%[0;32;40mt[0;31;40mt[0;1;30;90;40mS[0;31;40mt[0;32;40mt[0;31;40m%[0;1;30;90;40mS[0;34;40m;[0;31;40m%[0;32;40m%[0;31;40m%[0;1;30;90;40mX[0;31;40m%[0;1;30;90;40mX[0;31;40mt[0;1;30;90;40mX[0;31;40mt[0;32;40mt[0;31;40m%[0;1;30;90;40mX[0;31;40mt[0;1;30;90;40m8@[0;31;40mX[0;1;30;90;40m8[0;31;40m%[0;1;30;90;40m8@[0;31;40mX[0;1;30;90;40m@[0;32;40mt[0;31;40m%[0;1;30;90;40mXS[0;31;40mt[0;1;30;90;40mX[0;32;40m;[0;31;40m%[0;1;30;90;40mX[0;31;40mX[0;1;30;90;40mX[0;31;40m;[0;1;30;90;40mS[0;31;40m;[0;32;40m%[0;31;40mS[0;1;30;90;40m@[0;31;40mt[0;32;40m%[0;31;40m%[0;1;30;90;40mS@[0;31;40m@[0;30;5;40;100m8[0;31;40m@[0;30;5;40;100m8[0;31;40m8[0;30;5;40;100mX[0;31;40mS[0;32;40m;[0;31;40m%[0;33;5;40;100m:[0;37;5;40;100m@[0;1;30;90;47m%;8[0;1;30;90;41m8[0;1;30;90;47m8[0;37;5;40;100m8[0;33;5;40;100m [0;37;5;40;100m8[0;33;5;40;100m: [0m
[0;1;30;90;40m8[0;31;40m8[0;32;5;40;100mX[0;30;5;40;100m8@[0;36;5;40;100m%[0;33;5;40;100m;[0;36;5;40;100mt:[0;33;5;40;100mt[0;36;5;40;100mS[0;33;5;40;100m@[0;36;5;40;100mS[0;30;5;40;100mX[0;1;30;90;40m8[0;32;40m;[0;31;40m:[0;32;40mS[0;30;5;40;100m@X[0;32;5;40;100mX[0;30;5;40;100mX@@@@[0;32;40mt[0;30;5;40;100m88[0;34;5;40;100m8[0;36;5;40;100m8[0;34;5;40;100m8[0;36;5;40;100m8[0;34;5;40;100m8[0;36;5;40;100m [0;1;30;90;47m%S:[0;36;5;40;100mS[0;1;30;90;40m@8[0;31;5;40;100mX[0;32;40m8[0;31;5;40;100mS[0;32;40m8[0;31;5;40;100mX[0;30;5;40;100m@[0;31;5;40;100mX[0;32;40m8[0;31;5;40;100mX[0;30;5;40;100m@[0;31;5;40;100m@[0;1;30;90;40m8[0;31;5;40;100mX[0;32;40m8[0;31;5;40;100m@[0;30;5;40;100m@[0;1;30;90;41m8[0;1;30;90;40m8[0;31;5;40;100mS[0;1;30;90;40m8[0;31;5;40;100mX[0;1;30;90;40m8[0;31;5;40;100m@[0;32;40m8[0;31;5;40;100m@[0;30;5;40;100m8[0;31;5;40;100m@[0;1;30;90;40m8[0;31;5;40;100mS[0;1;30;90;40m8[0;31;5;40;100mX[0;1;30;90;40m8[0;31;5;40;100mS[0;1;30;90;40m8[0;30;5;40;100mX[0;1;30;90;40m8[0;30;5;40;100mX[0;31;40m@[0;32;5;40;100mX[0;30;5;40;100m@[0;1;30;90;40m8[0;33;5;40;100m8[0;31;40mX[0;32;5;40;100mX[0;1;30;90;40m8[0;30;5;40;100m@[0;1;30;90;40m888[0;32;40m8[0;31;5;40;100m@[0;32;40m8[0;31;5;40;100m8[0;32;40m8[0;31;5;40;100m@[0;30;42m8[0;31;5;40;100mX[0;32;40m8[0;31;5;40;100mX[0;1;30;90;40m8[0;33;5;40;100m8[0;32;40mX[0;31;5;40;100m@[0;32;40m8[0;31;5;40;100mX[0;32;40m8[0;31;5;40;100m@[0;32;40m8[0;31;5;40;100mX[0;32;40m8[0;30;5;40;100mX[0;31;40m@[0;1;30;90;42m8[0;31;40m@[0;1;30;90;40m8[0;31;40mX[0;32;5;40;100m@[0;33;5;40;100mS::[0;37;5;40;100m@[0;1;30;90;47m@[0;1;37;97;47m [0;1;30;90;47m8[0;33;5;40;100mS:t. [0m
[0;30;5;40;100mS[0;33;5;40;100mX[0;34;5;40;100m8[0;32;5;40;100mS[0;31;40m;[0;30;5;40;100m@[0;36;5;40;100mt[0;30;5;40;100m@8[0;1;30;90;40m8[0;32;40m;[0;34;40m.[0;31;40m;[0;32;40m%[0;34;40mt[0;31;40m;[0;34;40mt[0;30;5;40;100m888[0;34;5;40;100m8[0;30;5;40;100m8[0;34;5;40;100mS[0;30;5;40;100mS[0;36;5;40;100m8[0;34;5;40;100m8[0;36;5;40;100m8[0;34;5;40;100m8[0;36;5;40;100m888[0;34;5;40;100m8[0;36;5;40;100m8[0;35;5;40;100mS[0;36;5;40;100m%t[0;1;30;90;46m8[0;34;5;40;100mX[0;30;5;40;100m88[0;32;40m@[0;31;5;40;100mX[0;32;40m8[0;33;41m8[0;32;40m8[0;1;30;90;41m8[0;32;40m8[0;33;41m8[0;32;40m8[0;31;5;40;100mX[0;32;40m8[0;31;43m8[0;32;40m8[0;33;5;40;100m8[0;1;30;90;41m8[0;1;30;90;42m8[0;1;30;90;41m8[0;1;30;90;42m8[0;33;41m8[0;30;42m8[0;31;43m8[0;30;5;40;100m@[0;1;30;90;43m:[0;31;40m@[0;33;5;40;100m8[0;1;30;90;40m8[0;1;30;90;43m:[0;31;40mX[0;33;5;40;100m8[0;32;40m@[0;1;30;90;43mt[0;31;40m8[0;33;5;40;100m8[0;30;5;40;100mS[0;31;43m8[0;32;40m8[0;31;5;40;100mS[0;33;5;40;100m8[0;30;5;40;100mX[0;1;30;90;41m8[0;32;5;40;100mS[0;31;40m8[0;1;30;90;40m8[0;30;5;40;100mS[0;31;40m8[0;1;30;90;42m8[0;30;41m8[0;32;5;40;100m@[0;31;40m@[0;1;30;90;42m8[0;31;40m8[0;30;42m8[0;31;5;40;100m@[0;32;40m8[0;31;5;40;100m@[0;32;40m8[0;1;30;90;41m8[0;30;42m8[0;1;30;90;41m8[0;30;42m8[0;1;30;90;41m8[0;32;40m8[0;31;5;40;100mX[0;32;40m8[0;33;5;40;100m8[0;32;40mX[0;31;5;40;100mS[0;32;40m8[0;1;30;90;43mt[0;31;40m@[0;33;5;40;100m8[0;32;40m8[0;33;5;40;100m8[0;32;40mS[0;32;5;40;100mS[0;32;40m8[0;33;5;40;100m8[0;31;40mX[0;1;30;90;40m8[0;31;40m8[0;33;5;40;100m8S.[0;1;30;90;47mX..[0;37;5;40;100m8[0;33;5;40;100mt :[0m
[0;36;5;40;100mS[0;34;5;40;100mX[0;1;30;90;40m8[0;34;40mX;[0;1;30;90;40m@[0;30;5;40;100m@[0;36;5;40;100m8[0;34;5;40;100m8S[0;36;5;40;100m8[0;34;5;40;100m8[0;36;5;40;100m8[0;34;5;40;100m8[0;36;5;40;100m8[0;34;5;40;100mX[0;36;5;40;100m8[0;34;5;40;100m8[0;36;5;40;100m8[0;34;5;40;100mX[0;36;5;40;100m88[0;34;5;40;100mX@[0;34;40m8[0;36;5;40;100m8[0;34;5;40;100m8[0;36;5;40;100m8[0;34;5;40;100m88[0;1;30;90;44m8[0;34;40m8[0;1;30;90;41mX[0;1;31;91;41mX[0;31;5;40;100m8[0;1;30;90;41m8[0;34;40mXXS[0;30;5;40;100m8[0;1;30;90;40m8[0;31;40m8[0;33;5;40;100m8[0;1;30;90;40m8[0;31;5;40;100mS[0;32;40m8[0;31;5;40;100mX[0;32;40m8[0;31;5;40;100mX[0;32;40m8[0;31;5;40;100mX[0;1;30;90;40m8[0;31;5;40;100mX[0;32;40mX[0;1;30;90;41m8[0;32;40m8[0;31;5;40;100mX[0;32;40m8[0;31;5;40;100mX[0;30;5;40;100mX[0;1;30;90;40m88[0;30;5;40;100mX[0;32;5;40;100mS[0;31;40m8[0;33;5;40;100m8[0;1;30;90;40mX[0;30;5;40;100mX[0;30;41m8[0;33;5;40;100m8[0;1;30;90;40m8[0;33;5;40;100m8[0;31;40m8[0;32;5;40;100mS[0;31;5;40;100m8X[0;32;40m8[0;1;30;90;41m8[0;1;30;90;40m8[0;30;5;40;100mX[0;30;41m8[0;33;5;40;100m8[0;1;30;90;40m8[0;33;5;40;100m8[0;31;40m@[0;31;5;40;100mS[0;32;40m8[0;1;30;90;41m8[0;32;40m8[0;1;30;90;41m8[0;32;40m8[0;31;5;40;100m8[0;32;40m@[0;31;5;40;100m8[0;32;40m8[0;31;5;40;100mX[0;32;40m8[0;31;5;40;100mX[0;32;40m8[0;31;5;40;100mX[0;32;40m8[0;1;30;90;41m8[0;32;40m8[0;1;30;90;41m8[0;32;40m@[0;1;30;90;41m8[0;30;42m8[0;1;30;90;41m8[0;1;30;90;40m8[0;32;5;40;100m@[0;31;40m8[0;30;5;40;100mS[0;31;40m@[0;30;5;40;100mS[0;31;40m8[0;32;40m8[0;31;40m8[0;1;30;90;42m8[0;31;40m8[0;1;30;90;42m8[0;31;40m@[0;31;5;40;100mS[0;1;30;90;41m8[0;33;5;40;100m88.[0;1;30;90;47m.t8[0;33;5;40;100m [0m
[0;34;40m@[0;30;5;40;100m@[0;34;5;40;100mX[0;30;5;40;100m8X[0;34;40m@S[0;32;40mt[0;34;40mt[0;32;40mt[0;34;40m%[0;32;40m;[0;34;40mt[0;1;30;90;40mS[0;34;40mt[0;32;40m%[0;34;40mX[0;1;30;90;40m8[0;34;40m@[0;1;30;90;40m8[0;34;40m@[0;1;30;90;40m8[0;32;40mX[0;30;5;40;100m8[0;34;5;40;100mX[0;30;5;40;100m@[0;34;5;40;100mXS[0;36;5;40;100m8[0;34;5;40;100mS[0;36;5;40;100m88[0;30;5;40;100m8[0;30;41m8[0;30;5;40;100mX[0;34;5;40;100mX[0;1;30;90;40m8888[0;36;5;40;100m8[0;33;5;40;100mS;%t;. :.;;;  [0;1;30;90;47mX[0;33;5;40;100mS[0;37;5;40;100m8[0;33;5;40;100m:.[0;1;30;90;43m8[0;37;5;40;100m8[0;33;5;40;100mS.[0;37;5;40;100m8[0;33;5;40;100mt:;.;;::Stt..t% :%t;%:t;;;t:tt%tt;t::..   .::;StS. :. ..%ttt%@X% [0m
[0;34;40mt[0;32;40mt[0;34;40m;[0;32;40mt[0;34;40mt[0;32;40mX[0;34;40mS[0;1;30;90;40mX[0;34;40mt%[0;32;40m%[0;34;40mS[0;1;30;90;40mS[0;34;40mt[0;32;40m%[0;34;40mX[0;32;40mS[0;34;40mS[0;32;40mX[0;34;40mS[0;32;40mS[0;34;40m@X[0;32;40mX[0;1;30;90;44m8[0;32;40m%[0;34;40m;[0;32;40m.[0;34;40m:;@[0;34;5;40;100mS[0;36;5;40;100m8[0;34;5;40;100m8[0;36;5;40;100m8 [0;37;5;40;100m8[0;36;5;40;100m8[0;34;5;40;100m8[0;33;5;40;100m%[0;30;5;40;100mX[0;33;5;40;100m:[0;37;5;40;100m888[0;1;30;90;47m@@@[0;33;47m8[0;1;30;90;47mXSS[0;33;47m8[0;1;30;90;47m%X[0;1;30;90;43m8[0;1;30;90;47mX8XXX@@X[0;37;5;40;100m8[0;1;30;90;47m@@XX[0;37;5;40;100m8[0;1;30;90;47mX@@[0;37;5;40;100m8[0;1;30;90;47m@[0;37;5;40;100m8[0;1;30;90;47mXXX[0;37;5;40;100m8[0;1;30;90;47m;[0;33;5;40;100m:[0;1;30;90;47m%[0;33;5;40;100m [0;1;30;90;47mS[0;33;5;40;100m [0;37;5;40;100m88[0;33;5;40;100m [0;37;5;40;100m8[0;33;5;40;100m [0;37;5;40;100m@[0;33;5;40;100m [0;37;5;40;100m88[0;33;5;40;100m [0;1;30;90;47m8[0;37;5;40;100m888[0;1;30;90;47m8[0;37;5;40;100m8[0;1;30;90;47m@[0;1;30;90;43m8[0;1;30;90;47mtXX[0;33;47m8[0;37;5;40;100m8[0;1;30;90;47m@[0;33;5;40;100m.[0;1;30;90;47mS[0;37;5;40;100m8[0;1;30;90;47m%[0;1;30;90;43m8[0;1;30;90;47m%XX[0;33;5;40;100m [0;1;30;90;47mt[0;33;5;40;100m [0;1;30;90;47m%[0;33;5;40;100m [0;1;30;90;47mX[0;37;5;40;100m8[0;1;30;90;47m888XS[0m
[0;34;40mtt[0;32;40m%[0;34;40mS[0;32;40mt[0;34;40mS[0;32;40m%[0;34;40mt[0;32;40mS[0;1;30;90;40mX[0;34;40mS[0;1;30;90;40mX[0;32;40mt[0;34;40mX[0;1;30;90;40m8[0;34;40mX[0;1;30;90;40m88[0;34;40m8[0;30;5;40;100m88[0;1;30;90;40m8[0;34;40mS%[0;32;40mt[0;34;40m.[0;32;40m.[0;34;40m.[0;32;40m::;[0;34;40m;@[0;30;5;40;100m8[0;30;44m88[0;34;40mX[0;32;40m%[0;34;5;40;100m8[0;36;5;40;100m;[0;31;5;40;100mX[0;33;5;40;100m: .::[0;1;30;90;43m8[0;37;5;40;100mX[0;33;5;40;100m :[0;1;30;90;43m8[0;37;5;40;100m8[0;33;5;40;100m .[0;1;30;90;47m@[0;37;5;40;100m@[0;33;5;40;100m.[0;1;30;90;47m8[0;1;30;90;43m8[0;37;5;40;100m@[0;33;5;40;100m:[0;1;30;90;47m8[0;1;30;90;43m8[0;37;5;40;100m8[0;33;5;40;100m..[0;1;30;90;47m@[0;1;30;90;43m8[0;37;5;40;100m8[0;33;5;40;100m;..[0;1;30;90;47m@[0;33;5;40;100m;[0;1;30;90;47m@[0;33;5;40;100mt [0;33;47m8[0;33;5;40;100m:.[0;33;47m8[0;37;5;40;100m8[0;1;30;90;47mX[0;33;5;40;100m:[0;1;30;90;47mS[0;33;5;40;100m [0;1;30;90;47mX[0;33;5;40;100m.[0;1;30;90;47m;[0;33;5;40;100m [0;1;30;90;47mt[0;33;5;40;100m [0;1;30;90;47mS[0;33;5;40;100m [0;1;30;90;47m@[0;37;5;40;100m8[0;33;5;40;100m [0;1;30;90;47m@[0;33;5;40;100m.[0;1;30;90;47m@[0;1;30;90;43m8[0;1;30;90;47m8[0;33;5;40;100m.[0;1;30;90;47m@[0;33;5;40;100m: [0;37;5;40;100m8[0;33;5;40;100m [0;37;5;40;100m8[0;33;5;40;100m:[0;1;30;90;47mX[0;33;5;40;100mS.[0;37;5;40;100m8[0;33;5;40;100m [0;37;5;40;100m8[0;33;5;40;100m%[0;37;5;40;100m8[0;33;5;40;100m:[0;1;30;90;47mX[0;33;5;40;100m;[0;37;5;40;100m8[0;33;5;40;100m [0;37;5;40;100m8[0;33;5;40;100m.[0;37;5;40;100m8[0;33;5;40;100m [0;1;30;90;47m8[0;33;5;40;100mt[0;37;5;40;100m8[0m
[0;34;40mS[0;1;30;90;40m88[0;30;5;40;100m88[0;1;30;90;40m8[0;30;5;40;100m8[0;1;30;90;40m8[0;34;40m8[0;30;5;40;100m8[0;1;30;90;40m8[0;34;40mX[0;1;30;90;40m8[0;34;40mX[0;32;40mX[0;1;30;90;40m8[0;34;40mX[0;32;40mS[0;1;30;90;40m8[0;34;40mSS[0;32;40m@[0;34;40mS[0;32;40mt[0;31;40m.[0;1;30;90;40mX8[0;30;5;40;100m@@[0;1;30;90;40m@[0;32;40m;.;[0;34;40mS[0;30;5;40;100m88[0;1;30;90;40m8[0;34;40m%[0;32;40m;:[0;1;30;90;40m8[0;31;5;40;100mX[0;33;5;40;100m8[0;31;5;40;100mS[0;33;5;40;100m@S[0;35;5;40;100mS[0;33;5;40;100m8@[0;35;5;40;100m%[0;33;5;40;100mXX%X@SSS[0;35;5;40;100mt[0;33;5;40;100mXSS[0;35;5;40;100m;[0;33;5;40;100mXt%S;%;;%XSS;;;:;tS%tS;%;%;t:t:t;:t:.[0;37;5;40;100m@[0;33;5;40;100m;[0;1;30;90;47m8[0;33;5;40;100m [0;1;30;90;47mS[0;1;30;90;43m8[0;1;30;90;47m8[0;33;5;40;100m:.[0;33;47m8[0;33;5;40;100m;[0;1;30;90;47m88[0;33;5;40;100m;[0;1;30;90;47m@[0;33;5;40;100m:[0;1;30;90;47m@[0;37;5;40;100m8[0;1;30;90;43m8[0;1;30;90;47m8[0;33;5;40;100m [0;1;30;90;47m@[0;1;30;90;43m8[0;37;5;40;100m8[0;33;5;40;100m [0;1;30;90;47m8[0;33;5;40;100m:[0;1;30;90;47m8[0;33;5;40;100m:[0;37;5;40;100m8[0m
[0;34;40m:;;;;;;;[0;32;40mt[0;34;40m;[0;32;40m;[0;34;40mt[0;32;40m%[0;34;40mt%[0;32;40mt[0;34;40m%%[0;32;40m%[0;34;40m%[0;1;30;90;40m@[0;34;40mS[0;1;30;90;40mX[0;31;40m.[0;32;40m;[0;35;5;40;100m;[0;30;5;40;100m@[0;32;5;40;100mS[0;30;5;40;100m8[0;31;5;40;100mS[0;1;30;90;40m8[0;34;40m.;[0;32;40mt[0;31;40mt[0;32;40m;:[0;1;30;90;40mX[0;31;40mS[0;1;30;90;40m@[0;32;40mt[0;34;40m;[0;31;40mt[0;1;30;90;40mS[0;31;40m%%[0;1;30;90;40m@[0;31;40m%S[0;1;30;90;40m8[0;31;40m@[0;1;30;90;40m@[0;31;40m@[0;1;30;90;40m8[0;31;40m8[0;1;30;90;40m8[0;31;40m8[0;30;5;40;100m8[0;30;41m8[0;30;5;40;100m8[0;31;40m8[0;1;30;90;40m@[0;31;40m8[0;1;30;90;40m8[0;31;40m8[0;30;5;40;100m8[0;31;40m@[0;1;30;90;40mX[0;31;40m@S[0;1;30;90;40m8[0;31;40m8[0;1;30;90;40m8[0;31;40mXS[0;1;30;90;40m8[0;31;40m8[0;1;30;90;40m8[0;31;5;40;100m8[0;31;40m8[0;1;30;90;40m8[0;31;40mX[0;1;30;90;40m8[0;31;40m@[0;1;30;90;40m8[0;31;40m8[0;1;30;90;40m8[0;31;40m8[0;30;5;40;100m8[0;30;41m8[0;33;5;40;100mSSt.  [0;37;5;40;100m8[0;33;5;40;100m;[0;1;30;90;47m8[0;33;5;40;100m.[0;1;30;90;47m8[0;33;5;40;100m;[0;1;30;90;47mS[0;33;47m%[0;1;30;90;47m%8@%X8888888@%8@S@X@88888[0;37;5;40;100m8[0m
[0;34;40m:[0;32;40m%[0;34;40mt[0;32;40mt[0;34;40mt[0;32;40mt[0;34;40m;[0;32;40mt[0;34;40mt[0;32;40m;[0;34;40mt[0;32;40mt[0;34;40mt[0;31;40mt[0;32;40mt[0;34;40m%[0;32;40mt[0;31;40mt[0;34;40m%[0;32;40m%[0;34;40m;[0;32;40m%[0;31;40m;[0;34;40m.[0;1;30;90;40mS[0;30;5;40;100mX8[0;31;5;40;100mS[0;30;5;40;100mX[0;1;30;90;40m8S[0;32;40m.[0;31;40m:[0;34;40m:[0;32;40m:[0;34;40m:[0;31;40m;[0;32;40m%[0;1;30;90;40m8[0;30;5;40;100m8[0;33;5;40;100mSt:: .;  .    [0;37;5;40;100m@[0;33;5;40;100m [0;37;5;40;100m@[0;33;5;40;100m.[0;37;5;40;100m8[0;33;5;40;100m: [0;37;5;40;100m8[0;33;5;40;100m: [0;37;5;40;100m8[0;33;5;40;100m:  [0;37;5;40;100m8[0;33;5;40;100m  [0;37;5;40;100m8[0;33;5;40;100m; [0;37;5;40;100m8[0;33;5;40;100m:  .   ..:.:.: .   [0;37;5;40;100m@[0;33;5;40;100m;.[0;37;5;40;100m@[0;1;30;90;43m8[0;1;30;90;47m8[0;33;5;40;100m;[0;1;30;90;47m8[0;33;5;40;100m;[0;1;30;90;47m8[0;33;5;40;100m:[0;1;30;90;47m88888[0;33;5;40;100m.[0;1;30;90;47m8[0;1;30;90;43m8[0;1;30;90;47m8[0;33;5;40;100m [0;33;47m8[0;37;5;40;100mX@[0;1;30;90;47m88[0;33;5;40;100m:[0;1;30;90;47m@[0;33;5;40;100m [0;1;30;90;47m@8[0;1;30;90;43m8[0;1;30;90;47m8888[0m
[0;32;40m.[0;31;40m;[0;32;40m;[0;31;40m;[0;32;40m;[0;31;40m;[0;34;40m:[0;31;40m;[0;32;40m:[0;31;40m;[0;34;40m:[0;31;40m;[0;32;40m;[0;34;40m;[0;31;40m;:[0;34;40m;[0;32;40m;[0;31;40m;[0;34;40m:[0;31;40m;[0;34;40m:[0;32;40m:[0;31;40m.[0;32;40m.[0;31;40mt[0;30;5;40;100m8[0;1;30;90;40m8[0;30;5;40;100m8[0;32;40mt[0;34;40m:[0;31;40m.[0;32;40m:[0;31;40m;;[0;32;40mt[0;1;30;90;40m8[0;30;5;40;100m88[0;31;5;40;100m@[0;30;5;40;100mX[0;33;5;40;100mt[0;35;5;40;100m;[0;33;5;40;100mt:.    [0;37;5;40;100m8[0;33;5;40;100m.[0;37;5;40;100m8[0;33;5;40;100m: [0;37;5;40;100m8[0;33;5;40;100m:[0;37;5;40;100m8[0;33;5;40;100m.[0;1;30;90;47m@[0;33;5;40;100m:[0;37;5;40;100m8[0;33;5;40;100m [0;1;30;90;47m@[0;33;5;40;100mt[0;1;30;90;47m8[0;37;5;40;100m8[0;33;5;40;100m [0;1;30;90;47m@[0;33;5;40;100m.[0;1;30;90;47mS[0;33;5;40;100mt[0;1;30;90;47m8[0;33;5;40;100m [0;37;5;40;100m8[0;33;5;40;100m [0;1;30;90;47mS[0;33;5;40;100m;[0;1;30;90;47mX[0;33;5;40;100m:[0;1;30;90;47m%[0;33;5;40;100m;[0;1;30;90;47mX[0;33;5;40;100m:[0;37;5;40;100m8[0;33;5;40;100m.[0;1;30;90;47m@[0;33;5;40;100m;[0;1;30;90;47m8[0;33;5;40;100m;[0;37;5;40;100m8[0;33;5;40;100m.. [0;1;30;90;47m8[0;1;30;90;43m8[0;1;30;90;47m8[0;33;5;40;100m:[0;1;30;90;47m8[0;33;5;40;100m:[0;1;30;90;47m8[0;33;5;40;100m:[0;1;30;90;47m8[0;33;5;40;100m.[0;1;30;90;47m8[0;1;30;90;43m8[0;1;30;90;47m88[0;33;47m8[0;1;30;90;47m8@@8888[0;37;5;40;100mX[0;1;30;90;47m8[0;33;5;40;100m.[0;1;30;90;47mS8[0;33;47m8[0;1;30;90;47m888@8888[0m
[0;30;5;40;100m88888[0;1;30;90;40m8[0;30;5;40;100m8[0;1;30;90;40m888888888888888@@@[0;32;40m%[0;31;40m%[0;32;40mt[0;1;30;90;40mSX@8[0;30;5;40;100m8@[0;31;5;40;100mX[0;30;5;40;100mX[0;33;5;40;100m@[0;31;5;40;100mX[0;33;5;40;100mt;.::   [0;37;5;40;100m8[0;33;5;40;100m:[0;37;5;40;100m8[0;33;5;40;100m; [0;1;30;90;47m@[0;33;5;40;100m%[0;37;5;40;100m8[0;33;5;40;100m.[0;1;30;90;47m8[0;33;5;40;100mt[0;37;5;40;100m8[0;33;5;40;100m; [0;1;30;90;47m@[0;1;30;90;43m8[0;37;5;40;100m8[0;33;5;40;100m;[0;37;5;40;100m8[0;33;5;40;100m;[0;1;30;90;47m@[0;33;47m8[0;33;5;40;100m [0;1;30;90;47mX[0;1;30;90;43m8[0;37;5;40;100mX[0;33;5;40;100m:[0;1;30;90;47m8[0;1;30;90;43m8[0;37;5;40;100m8[0;33;5;40;100mt[0;37;5;40;100m8[0;33;5;40;100mS.;[0;37;5;40;100m8[0;1;30;90;43m8[0;37;5;40;100m8[0;33;5;40;100m;.;:[0;1;30;90;43m8[0;37;5;40;100mS[0;33;5;40;100m;[0;37;5;40;100m@[0;1;30;90;43m8[0;37;5;40;100m%[0;33;5;40;100mt[0;1;30;90;47m8[0;33;5;40;100m:[0;37;5;40;100m%[0;33;5;40;100m.[0;1;30;90;47m8[0;33;5;40;100m:[0;1;30;90;47m8[0;1;30;90;43m8[0;1;30;90;47m888[0;33;5;40;100m [0;1;30;90;47m8888888[0;33;5;40;100m.[0;1;30;90;47m88[0;33;47m8[0;1;30;90;47m88[0;33;5;40;100m [0;1;30;90;47m8[0;37;5;40;100mX[0;1;30;90;47m88888[0;33;47m8[0;1;30;90;47m8[0m
[0;33;5;40;100mX[0;31;5;40;100m@[0;33;5;40;100m@[0;30;5;40;100m@[0;33;5;40;100m8[0;31;5;40;100m8[0;32;5;40;100mX[0;31;5;40;100m@[0;33;5;40;100m8[0;30;5;40;100m8[0;33;5;40;100m8[0;31;5;40;100m8[0;32;5;40;100mX[0;31;5;40;100m8[0;32;5;40;100mX[0;31;5;40;100m8[0;30;5;40;100mS[0;31;5;40;100mS[0;30;5;40;100mS[0;33;5;40;100m8[0;30;5;40;100m8[0;31;5;40;100mS[0;33;5;40;100m8[0;30;5;40;100m8[0;33;5;40;100m8[0;31;5;40;100mS[0;33;5;40;100m%[0;31;5;40;100mS[0;33;5;40;100mS[0;31;5;40;100m@[0;33;5;40;100mX[0;31;5;40;100mS[0;33;5;40;100mXS%t[0;35;5;40;100mt[0;33;5;40;100m;.:   [0;37;5;40;100m8[0;33;5;40;100m: .[0;1;30;90;47m8[0;1;30;90;43m8[0;1;30;90;47m8[0;33;5;40;100m;.[0;1;30;90;47m8[0;1;30;90;43m8[0;1;30;90;47m8[0;33;5;40;100mt[0;1;30;90;47m8[0;33;5;40;100mt[0;1;30;90;47m8[0;1;30;90;43m8[0;37;5;40;100mXX[0;33;5;40;100m [0;1;30;90;47m8[0;1;30;90;43m8[0;1;30;90;47m8[0;33;5;40;100mt[0;37;5;40;100mX[0;33;5;40;100m:[0;37;5;40;100m8[0;33;5;40;100m [0;1;30;90;47m8[0;33;5;40;100m;[0;37;5;40;100m8[0;33;5;40;100m [0;37;5;40;100m8[0;33;5;40;100m:[0;37;5;40;100m8[0;33;5;40;100m:[0;1;30;90;47m@[0;1;30;90;43m8[0;37;5;40;100mXS[0;33;5;40;100m.[0;1;30;90;47m8[0;1;30;90;43m8[0;1;30;90;47m8[0;33;5;40;100m [0;1;30;90;47m8[0;33;5;40;100mt [0;37;5;40;100mX[0;33;5;40;100m [0;37;5;40;100mS[0;33;5;40;100mt.[0;37;5;40;100m%S[0;33;5;40;100m..[0;1;30;90;47m8[0;33;5;40;100m.[0;1;30;90;47m8[0;33;5;40;100m. [0;1;30;90;47m88[0;33;5;40;100m:[0;1;30;90;47m8[0;33;5;40;100m:[0;1;30;90;47m8[0;33;5;40;100m:[0;1;30;90;47m8X;[0;33;47mX[0;1;30;90;47m@S@%tS%[0;33;47mX[0;1;30;90;47m@X%SXt[0m
[0;33;5;40;100m;;t[0;35;5;40;100mt[0;33;5;40;100mS%[0;31;5;40;100mS[0;32;5;40;100mS[0;31;5;40;100mS[0;33;5;40;100mt[0;34;5;40;100mS[0;33;5;40;100m@[0;31;5;40;100mX[0;33;5;40;100mS[0;31;5;40;100mX[0;32;5;40;100mS[0;33;5;40;100m@@[0;31;5;40;100mX[0;32;5;40;100mS[0;33;5;40;100mX[0;31;5;40;100mX[0;33;5;40;100mS[0;31;5;40;100mS[0;36;5;40;100mt[0;33;5;40;100mS[0;35;5;40;100m%[0;32;5;40;100mS[0;33;5;40;100m;;;;[0;35;5;40;100m;[0;33;5;40;100m;[0;35;5;40;100m.[0;33;5;40;100m;;     [0;37;5;40;100m8[0;33;5;40;100mt[0;1;30;90;47m8[0;1;30;90;43m8[0;1;30;90;47m8[0;33;5;40;100m%[0;37;5;40;100m%[0;33;5;40;100m:[0;1;30;90;47m8[0;1;30;90;43m8[0;37;5;40;100mSS[0;33;5;40;100m.[0;37;5;40;100m8[0;33;5;40;100m%[0;37;5;40;100m@[0;33;5;40;100m:[0;1;30;90;47m8[0;33;5;40;100m:[0;37;5;40;100m@[0;1;30;90;43m8[0;1;30;90;47m8[0;33;5;40;100m  [0;1;30;90;47m8[0;33;5;40;100m;[0;1;30;90;47m8[0;1;30;90;43m8[0;1;30;90;47m8[0;33;5;40;100mt[0;37;5;40;100m@[0;33;5;40;100m:[0;1;30;90;47m8[0;1;30;90;43m8[0;1;30;90;47m8[0;33;5;40;100mt[0;37;5;40;100m8[0;33;5;40;100mt[0;37;5;40;100m@[0;33;5;40;100m.[0;37;5;40;100m@[0;33;5;40;100m; [0;1;30;90;47m8[0;33;5;40;100mt..[0;1;30;90;47m8[0;1;30;90;43m8[0;37;5;40;100m%[0;33;5;40;100m.[0;1;30;90;43m8[0;1;30;90;47m8[0;33;5;40;100m;;:[0;1;30;90;47m8[0;33;5;40;100m:[0;37;5;40;100mS[0;33;5;40;100m [0;37;5;40;100m%%[0;33;5;40;100m.:.[0;1;30;90;47m8[0;33;5;40;100mt[0;1;30;90;47m8[0;33;5;40;100m;[0;1;30;90;47m8[0;33;5;40;100mt [0;1;30;90;47m8[0;33;5;40;100m.[0;1;30;90;47m8[0;33;5;40;100m.[0;1;30;90;47m8[0;33;5;40;100mt [0;1;30;90;47m8[0;33;5;40;100mt[0;1;30;90;47m8[0;33;5;40;100m:[0;1;30;90;47m8[0;33;5;40;100mt[0;37;5;40;100mSSS[0m
[0;33;5;40;100m;:tt[0;35;5;40;100m:[0;33;5;40;100mt;;;%S[0;35;5;40;100mt[0;33;5;40;100mS[0;36;5;40;100mt[0;33;5;40;100mS[0;35;5;40;100m%[0;33;5;40;100mS[0;35;5;40;100m%[0;33;5;40;100mX[0;35;5;40;100mS[0;33;5;40;100mX[0;36;5;40;100mt[0;33;5;40;100mS%[0;31;5;40;100mS[0;33;5;40;100mtt;;[0;35;5;40;100m:[0;33;5;40;100mt;;::.....[0;1;30;90;47m8[0;1;30;90;43m8[0;33;5;40;100m :: . ...[0;37;5;40;100mX[0;33;5;40;100m; ...[0;1;30;90;43m8[0;1;30;90;47m8[0;33;5;40;100mt.[0;37;5;40;100mX[0;33;5;40;100m : [0;1;30;90;43m8[0;37;5;40;100m%[0;33;5;40;100m:.[0;37;5;40;100mS[0;33;5;40;100m;.:[0;1;30;90;43m8[0;37;5;40;100mS[0;33;5;40;100m ..: ..[0;1;30;90;43m8[0;1;30;90;47m8[0;33;5;40;100m%; [0;1;30;90;47m8[0;1;30;90;43m8[0;35;5;40;100m.[0;37;5;40;100mt[0;33;5;40;100m:[0;1;30;90;47m8[0;33;5;40;100m:: .[0;1;30;90;43m8[0;35;5;40;100m:[0;33;5;40;100mX%  [0;1;30;90;47m8[0;33;5;40;100m:[0;37;5;40;100mS[0;33;5;40;100m;;:: .[0;1;30;90;47m8[0;33;5;40;100mt.[0;37;5;40;100mS[0;33;5;40;100m.[0;1;30;90;47m8[0;33;5;40;100m%[0;1;30;90;47m88[0;33;5;40;100m:[0;1;30;90;47m888[0;33;5;40;100m [0;1;30;90;47m8888[0m
