[0;1;37;97;47m%%%tttttt;t;;;t;tttt%ttttt%%SSXXX[0;37;5;47;107m8[0;1;37;97;47mS[0;37;5;47;107m8[0;1;37;97;47mt[0;37;5;47;107m8[0;1;37;97;47mS[0;37;5;47;107m888888888888@@XXXSS%%%%%ttttt;;:;;:;;;tS@@XXXXXSS%t;;;;:;::;tSX88[0;1;37;97;47mX@X@XXXXXX@[0;37;5;47;107m8888@88@@@XXX@8[0m
[0;1;37;97;47m;;t;t;;;;;tttt;t;tttt%%%t%t%%X[0;37;5;47;107m8[0;1;37;97;47mSX[0;37;5;47;107m8[0;1;37;97;47mS[0;37;5;47;107m8[0;1;37;97;47mS[0;37;5;47;107m888888888888@@XXXXSSS%%%tttt;;;;:;:;;t;%S@XXXS%S%SS%t;;;::;tttX88[0;1;37;97;47m8@@X@XXXXXX[0;37;5;47;107m8888@XX@X@@888[0;1;37;97;47m8@@[0m
[0;1;37;97;47m;;;;:;;:;;;;;t;tttttt%%%%S%SSS[0;37;5;47;107m8[0;1;37;97;47mX[0;37;5;47;107m8[0;1;37;97;47mS[0;37;5;47;107m8888[0;1;37;97;47mS[0;37;5;47;107m88[0;1;37;97;47m%[0;37;5;47;107m88888@@XXXSXSXS%S%ttt;;t;t;t;;t%%SXXSS%S%%%SS%t;;ttttt%SX@88[0;1;37;97;47mX@@@XXXXXXXX[0;37;5;47;107m8888@@@88[0;1;37;97;47m88@XXXX[0m
[0;1;37;97;47m::::;:::;;tttt%%%%%%%%SSSXSSXX[0;37;5;47;107m8[0;1;37;97;47mX[0;37;5;47;107m88[0;1;37;97;47mX[0;37;5;47;107m8[0;1;37;97;47mS[0;37;5;47;107m8888888888@XXSSSSSSS%%ttt;;;t%%XSSSSXXXXSS%St%%%SSS%ttt%%%S@@@88[0;1;37;97;47m@[0;37;5;47;107m8[0;1;37;97;47m@[0;37;5;47;107m8[0;1;37;97;47m@@XXXXX@[0;37;5;47;107m8[0;1;37;97;47m@[0;37;5;47;107m888888[0;1;37;97;47m@XXXSSS%t[0m
[0;1;37;97;47m..::::::;;;;%%%%[0;37;5;47;107m8[0;1;37;97;47mtXXXSXX[0;37;5;47;107m8[0;1;37;97;47m%[0;37;5;47;107m8[0;1;37;97;47m%XSS[0;37;5;47;107m8[0;1;37;97;47m%[0;37;5;47;107m88888888888@XSSSSSS%S%SS%S%%%%%%%SS%SSXX@@XXXSXXSSSSSS%SSSXSSX8888[0;1;37;97;47m@[0;37;5;47;107m8[0;1;37;97;47m@[0;37;5;47;107m888[0;1;37;97;47m@@XXX@[0;37;5;47;107m8[0;1;37;97;47mX@[0;37;5;47;107m8[0;1;37;97;47mSXSXSSXSS%tt;;:[0m
[0;1;37;97;47m . .:.::::;t%SS%%[0;37;5;47;107m8[0;1;37;97;47mS[0;37;5;47;107m8[0;1;37;97;47m%[0;37;5;47;107m8[0;1;37;97;47mSXSXS[0;37;5;47;107m8[0;1;37;97;47mS[0;37;5;47;107m8[0;1;37;97;47m%X[0;37;5;47;107m8[0;1;37;97;47m%[0;37;5;47;107m8[0;1;37;97;47mS[0;37;5;47;107m8888888XXSS%%%%SSS%%SSS%%SS%%%%%S%SXX@@@@@@@@@@XXSXXX@@X@@@888[0;1;37;97;47m@[0;37;5;47;107m8[0;1;37;97;47m@[0;37;5;47;107m888[0;1;37;97;47m@[0;37;5;47;107m8[0;1;37;97;47mXX@@XX@X@[0;37;5;47;107m8[0;1;37;97;47mSXXXXS%ttt;;;:[0m
[0;1;37;97;47m.....::.::;;tS[0;37;5;47;107m8[0;1;37;97;47mt[0;37;5;47;107m8[0;1;37;97;47mt[0;37;5;47;107m8[0;1;37;97;47mt[0;37;5;47;107m8[0;1;37;97;47m%[0;37;5;47;107m8[0;1;37;97;47mS[0;37;5;47;107m8[0;1;37;97;47mX[0;37;5;47;107m8[0;1;37;97;47m%XX[0;37;5;47;107m8[0;1;37;97;47m%S[0;37;5;47;107m8[0;1;37;97;47mS[0;37;5;47;107m8888888XSSS%%SSSS%%%%SSSS%SSS%%SSSSXX@88888@8@@@@@8@88888@@88888[0;1;37;97;47m@[0;37;5;47;107m8[0;1;37;97;47m@[0;37;5;47;107m888[0;1;37;97;47mX@@X[0;37;5;47;107m8[0;1;37;97;47m@[0;37;5;47;107m8[0;1;37;97;47mX[0;37;5;47;107m8[0;1;37;97;47mSSXSXSS%%%%t%ttt[0m
[0;1;37;97;47m ....:::::;;tt%S%S%[0;37;5;47;107m8[0;1;37;97;47mtSS[0;37;5;47;107m8[0;1;37;97;47m%[0;37;5;47;107m8[0;1;37;97;47m%[0;37;5;47;107m8[0;1;37;97;47mSXS[0;37;5;47;107m8[0;1;37;97;47m%S[0;37;5;47;107m88[0;1;37;97;47mS[0;37;5;47;107m88888XXSSSSSSS%%%%%XXSXSS@X@@@@XX@@8888888888888888888@@8888888[0;1;37;97;47m@[0;37;5;47;107m8[0;1;37;97;47m@XX[0;37;5;47;107m8[0;1;37;97;47mS[0;37;5;47;107m8[0;1;37;97;47mS[0;37;5;47;107m8[0;1;37;97;47mSXXSXXSXXXSS%SSXS%%S[0m
[0;1;30;90;47m.[0;1;37;97;47m ...::::;t%%[0;37;5;47;107m8[0;1;37;97;47mt[0;37;5;47;107m8[0;1;37;97;47mt[0;37;5;47;107m8[0;1;37;97;47mtS[0;37;5;47;107m8[0;1;37;97;47mSSSSS[0;37;5;47;107m8[0;1;37;97;47mt[0;37;5;47;107m8[0;1;37;97;47mSXS[0;37;5;47;107m8[0;1;37;97;47m%S[0;37;5;47;107m888888@@XXXXXXSS%%%SSXXXXX@@@@888888888888888888888888888888888[0;1;37;97;47mX[0;37;5;47;107m8888[0;1;37;97;47m@@@[0;37;5;47;107m8[0;1;37;97;47mX[0;37;5;47;107m8[0;1;37;97;47mSXXX[0;37;5;47;107m8[0;1;37;97;47mX[0;37;5;47;107m8[0;1;37;97;47mX[0;37;5;47;107m8[0;1;37;97;47m@@@X@@XXSXXS[0m
[0;1;30;90;47m [0;1;37;97;47m .:::::;;%%%tS%S%[0;37;5;47;107m8[0;1;37;97;47m%S[0;37;5;47;107m8[0;1;37;97;47mS[0;37;5;47;107m8[0;1;37;97;47mS[0;37;5;47;107m8[0;1;37;97;47mtXSXXSSXSS[0;37;5;47;107m8[0;1;37;97;47mX[0;37;5;47;107m888@XXXSXXXS%S%SSXXXX@X888888888888888[0;1;37;97;47mS[0;37;5;47;107m8888888888888888888888888[0;1;37;97;47m@[0;37;5;47;107m88[0;1;37;97;47m@[0;37;5;47;107m8[0;1;37;97;47mX@[0;37;5;47;107m8[0;1;37;97;47mX[0;37;5;47;107m8[0;1;37;97;47mX[0;37;5;47;107m88[0;1;37;97;47m@[0;37;5;47;107m8[0;1;37;97;47mX8888@@XXSSXS[0m
[0;1;37;97;47m;;:;;;tt%%SS[0;37;5;47;107m8[0;1;37;97;47mt[0;37;5;47;107m8[0;1;37;97;47m%[0;37;5;47;107m8[0;1;37;97;47mS[0;37;5;47;107m8[0;1;37;97;47mS[0;37;5;47;107m8[0;1;37;97;47mS[0;37;5;47;107m8[0;1;37;97;47mS[0;37;5;47;107m8[0;1;37;97;47mS[0;37;5;47;107m8[0;1;37;97;47mS[0;37;5;47;107m8[0;1;37;97;47m%[0;37;5;47;107m8[0;1;37;97;47m%XX[0;37;5;47;107m8[0;1;37;97;47m%X[0;37;5;47;107m88888@XXX@XXSS%%SSXX@XX@88@@8@8888888[0;1;37;97;47mS[0;37;5;47;107m888[0;1;37;97;47mX[0;37;5;47;107m8[0;1;37;97;47mS[0;37;5;47;107m8[0;1;37;97;47mS[0;37;5;47;107m88888888888[0;1;37;97;47mX[0;37;5;47;107m8[0;1;37;97;47mX[0;37;5;47;107m88[0;1;37;97;47mX[0;37;5;47;107m8[0;1;37;97;47m@[0;37;5;47;107m8[0;1;37;97;47mX[0;37;5;47;107m8[0;1;37;97;47mX@[0;37;5;47;107m8[0;1;37;97;47mX[0;37;5;47;107m8[0;1;37;97;47mX[0;37;5;47;107m8[0;1;37;97;47m@[0;37;5;47;107m8[0;1;37;97;47mX[0;37;5;47;107m8[0;1;37;97;47mS[0;37;5;47;107m8[0;1;37;97;47mX8@@XXXSSSS%[0m
[0;1;37;97;47mSS%%S%SSSSS%%SS[0;37;5;47;107m8[0;1;37;97;47m%[0;37;5;47;107m8[0;1;37;97;47m%[0;37;5;47;107m888[0;1;37;97;47mS[0;37;5;47;107m88888[0;1;37;97;47mS[0;37;5;47;107m8[0;1;37;97;47m%[0;37;5;47;107m8[0;1;37;97;47m%[0;37;5;47;107m8[0;1;37;97;47m%[0;37;5;47;107m8[0;1;37;97;47mS[0;37;5;47;107m8[0;1;37;97;47mS[0;37;5;47;107m8888@@@@8@@XSXS@@@@@X@X@@8@8@88888888888[0;1;37;97;47mS[0;37;5;47;107m8[0;1;37;97;47m%[0;37;5;47;107m8[0;1;37;97;47mtXXX[0;37;5;47;107m8[0;1;37;97;47mS[0;37;5;47;107m8[0;1;37;97;47mS[0;37;5;47;107m8[0;1;37;97;47m%[0;37;5;47;107m88[0;1;37;97;47mS[0;37;5;47;107m8[0;1;37;97;47mX[0;37;5;47;107m88[0;1;37;97;47mX[0;37;5;47;107m8[0;1;37;97;47mX[0;37;5;47;107m8[0;1;37;97;47mX[0;37;5;47;107m8[0;1;37;97;47mX[0;37;5;47;107m8[0;1;37;97;47mX@[0;37;5;47;107m8[0;1;37;97;47mS[0;37;5;47;107m8[0;1;37;97;47mS@@@@@@XXXXSS%%tt[0m
[0;1;37;97;47mSXXXSXXXXXS[0;37;5;47;107m8[0;1;37;97;47m%[0;37;5;47;107m8[0;1;37;97;47mtS[0;37;5;47;107m8[0;1;37;97;47mt[0;37;5;47;107m8[0;1;37;97;47m%[0;37;5;47;107m8888888888[0;1;37;97;47mS[0;37;5;47;107m8[0;1;37;97;47mSX[0;37;5;47;107m888[0;1;37;97;47mS[0;37;5;47;107m8[0;1;37;97;47mS[0;37;5;47;107m88888888888@@@8@@@@XX@@8888888888888[0;1;37;97;47mS[0;37;5;47;107m8[0;1;37;97;47m%[0;37;5;47;107m8[0;1;37;97;47mS[0;37;5;47;107m8[0;1;37;97;47m%[0;37;5;47;107m8[0;1;37;97;47mS[0;37;5;47;107m8[0;1;37;97;47mS[0;37;5;47;107m8[0;1;37;97;47m%[0;37;5;47;107m8[0;1;37;97;47mS[0;37;5;47;107m88[0;1;37;97;47m%[0;37;5;47;107m88[0;1;37;97;47mS[0;37;5;47;107m8[0;1;37;97;47mS[0;37;5;47;107m8[0;1;37;97;47mX[0;37;5;47;107m8[0;1;37;97;47mXX[0;37;5;47;107m8[0;1;37;97;47mS[0;37;5;47;107m8[0;1;37;97;47mS[0;37;5;47;107m8[0;1;37;97;47mXX@X@@@@XXXSXS%%%tt;:[0m
[0;1;37;97;47mXXXXXXX[0;37;5;47;107m8[0;1;37;97;47m%[0;37;5;47;107m8[0;1;37;97;47mt%SS[0;37;5;47;107m8[0;1;37;97;47m%S[0;37;5;47;107m8[0;1;37;97;47m%[0;37;5;47;107m8[0;1;37;97;47mt[0;37;5;47;107m8[0;1;37;97;47mX[0;37;5;47;107m88888888[0;1;37;97;47mX[0;37;5;47;107m88[0;1;37;97;47mS[0;37;5;47;107m8[0;1;37;97;47m%[0;37;5;47;107m88[0;1;37;97;47mX[0;37;5;47;107m8[0;1;37;97;47mS[0;37;5;47;107m88888888888888@@@XX@8888888[0;1;37;97;47mS[0;37;5;47;107m8[0;1;37;97;47mS[0;37;5;47;107m8[0;1;37;97;47m%[0;37;5;47;107m8[0;1;37;97;47mS[0;37;5;47;107m8[0;1;37;97;47m%[0;37;5;47;107m8[0;1;37;97;47mS[0;37;5;47;107m8[0;1;37;97;47m%[0;37;5;47;107m8[0;1;37;97;47mt[0;37;5;47;107m8[0;1;37;97;47m%XS[0;37;5;47;107m8[0;1;37;97;47mS[0;37;5;47;107m8[0;1;37;97;47mS[0;37;5;47;107m88[0;1;37;97;47mX[0;37;5;47;107m888[0;1;37;97;47mX[0;37;5;47;107m8[0;1;37;97;47mX[0;37;5;47;107m8[0;1;37;97;47mX@XXX@X[0;37;5;47;107m8[0;1;37;97;47mS@@@XXXSSS%%%tt;;;::[0m
[0;1;37;97;47mSXXX@@XSXX[0;37;5;47;107m8[0;1;37;97;47mX[0;37;5;47;107m8[0;1;37;97;47mS[0;37;5;47;107m88[0;1;37;97;47m%[0;37;5;47;107m8[0;1;37;97;47mS[0;37;5;47;107m88[0;1;37;97;47m%[0;37;5;47;107m88[0;1;37;97;47mS[0;37;5;47;107m8[0;1;37;97;47mS[0;37;5;47;107m8[0;1;37;97;47mS[0;37;5;47;107m88888888[0;1;37;97;47mS[0;37;5;47;107m88[0;1;37;97;47mS[0;37;5;47;107m8[0;1;37;97;47mS[0;37;5;47;107m8[0;1;37;97;47mS[0;37;5;47;107m8[0;1;37;97;47mS[0;37;5;47;107m8[0;1;37;97;47m%[0;37;5;47;107m888888888888888[0;1;37;97;47mS[0;37;5;47;107m8[0;1;37;97;47mt[0;37;5;47;107m8[0;1;37;97;47m%[0;37;5;47;107m8888[0;1;37;97;47mS[0;37;5;47;107m8[0;1;37;97;47m%[0;37;5;47;107m8[0;1;37;97;47m%[0;37;5;47;107m8[0;1;37;97;47m%S[0;37;5;47;107m8[0;1;37;97;47m;SS[0;37;5;47;107m88[0;1;37;97;47mS[0;37;5;47;107m8[0;1;37;97;47mS[0;37;5;47;107m88[0;1;37;97;47m%[0;37;5;47;107m8[0;1;37;97;47mX[0;37;5;47;107m8[0;1;37;97;47m%[0;37;5;47;107m8[0;1;37;97;47mSX[0;37;5;47;107m8[0;1;37;97;47m%[0;37;5;47;107m8[0;1;37;97;47mSX[0;37;5;47;107m8[0;1;37;97;47mSXXSXXSSS%ttt;;;:;:::.. [0m
[0;1;37;97;47mXXXXXX@X[0;37;5;47;107m8[0;1;37;97;47mS[0;37;5;47;107m8[0;1;37;97;47mS[0;37;5;47;107m8[0;1;37;97;47mS[0;37;5;47;107m8[0;1;37;97;47mS[0;37;5;47;107m888[0;1;37;97;47mS[0;37;5;47;107m8888888[0;1;37;97;47mX[0;37;5;47;107m88[0;1;37;97;47mS[0;37;5;47;107m8[0;1;37;97;47m%[0;37;5;47;107m8[0;1;37;97;47mX[0;37;5;47;107m88888888[0;1;37;97;47mS[0;37;5;47;107m8[0;1;37;97;47mS[0;37;5;47;107m8[0;1;37;97;47m%[0;37;5;47;107m8[0;1;37;97;47mtSS[0;37;5;47;107m8[0;1;37;97;47mS[0;37;5;47;107m88888[0;1;37;97;47mX[0;37;5;47;107m8[0;1;37;97;47mSSSS[0;37;5;47;107m8[0;1;37;97;47mS[0;37;5;47;107m8888[0;1;37;97;47mS[0;37;5;47;107m8[0;1;37;97;47mS[0;37;5;47;107m8[0;1;37;97;47mS[0;37;5;47;107m8[0;1;37;97;47mt%[0;37;5;47;107m8[0;1;37;97;47mt%[0;37;5;47;107m8[0;1;37;97;47mS[0;37;5;47;107m8[0;1;37;97;47m%[0;37;5;47;107m8[0;1;37;97;47mSX[0;37;5;47;107m8[0;1;37;97;47mtX[0;37;5;47;107m8[0;1;37;97;47mtXSS%[0;37;5;47;107m8[0;1;37;97;47mtSS%XS%SSS%%%tt;;;;;::::::::.. [0m
[0;1;30;90;47m888[0;1;37;97;47m .:;:;[0;1;30;90;47m%%S[0;1;37;97;47m:%%S%%   ;[0;37;5;47;107m888888[0;1;37;97;47mX[0;37;5;47;107m88888888888888888[0;1;37;97;47mS[0;37;5;47;107m8[0;1;37;97;47m%[0;37;5;47;107m8[0;1;37;97;47mS[0;37;5;47;107m8[0;1;37;97;47mt[0;37;5;47;107m8[0;1;37;97;47m%SS%SSX[0;37;5;47;107m8[0;1;37;97;47mS[0;37;5;47;107m8[0;1;37;97;47m%[0;37;5;47;107m88[0;1;37;97;47mtSS[0;37;5;47;107m8[0;1;37;97;47m%S[0;37;5;47;107m8[0;1;37;97;47m;SS[0;37;5;47;107m8[0;1;37;97;47mt%SSS[0;37;5;47;107m8[0;1;37;97;47m%SSXSSXS%SSSSS%SSSSS%S%%;t;tttt;;;::;;;;::... [0m
[0;33;5;40;100m%t;[0;35;5;40;100m;[0;33;5;40;100m;[0;35;5;40;100m;[0;33;5;40;100m.[0;35;5;40;100m.. .        .::.[0;37;5;40;100m8[0;1;30;90;47mS%XttS[0;1;37;97;47m [0;37;5;47;107m88888888[0;1;37;97;47mS[0;37;5;47;107m888[0;1;37;97;47mX[0;37;5;47;107m8[0;1;37;97;47mS[0;37;5;47;107m8[0;1;37;97;47m%[0;37;5;47;107m8[0;1;37;97;47mtSSX%SSSS%[0;37;5;47;107m8[0;1;37;97;47m;%SSSt%SS%%[0;37;5;47;107m8[0;1;37;97;47m;%[0;37;5;47;107m8[0;1;37;97;47mtS%[0;37;5;47;107m8[0;1;37;97;47mt[0;37;5;47;107m8[0;1;37;97;47mtS%S%%%%tttt%; [0;37;5;40;100m%[0;35;5;40;100m [0;37;5;40;100m%S[0;1;30;90;47m8[0;1;37;97;47m [0;1;30;90;47mS8XXX@8888XXS@8888@XX@8[0;37;5;40;100m8[0;1;30;90;47m8[0;37;5;40;100m8[0;1;30;90;47m8@[0m
[0;33;5;40;100m [0;35;5;40;100m.[0;33;5;40;100m. [0;30;5;40;100m8@[0;33;5;40;100m [0;31;5;40;100mS[0;1;30;90;40m8[0;33;5;40;100m  t[0;35;5;40;100m  [0;31;5;40;100mS[0;35;5;40;100m [0;37;5;40;100mS[0;31;5;40;100mX[0;35;5;40;100m.[0;37;5;40;100m%[0;30;5;40;100m8[0;31;5;40;100mS[0;33;5;40;100m  [0;35;5;40;100m;X[0;30;5;40;100m8[0;34;40m@[0;35;5;40;100m8[0;34;5;40;100m8[0;36;5;40;100m%[0;35;5;40;100mt[0;1;37;97;47m %[0;1;30;90;47m@[0;1;37;97;47m  [0;37;5;47;107m888[0;1;37;97;47mS[0;37;5;47;107m888[0;1;37;97;47m%[0;37;5;47;107m8[0;1;37;97;47m%[0;37;5;47;107m8[0;1;37;97;47m%[0;37;5;47;107m8[0;1;37;97;47m%SSSSSS%[0;37;5;47;107m8[0;1;37;97;47mtSS%%SS%%%%%t[0;37;5;47;107m8[0;1;37;97;47m;%[0;37;5;47;107m8[0;1;37;97;47m%S%S%[0;37;5;47;107m8[0;1;37;97;47mt%%tt;;:;:; [0;1;30;90;47m88[0;35;5;40;100m.:[0;1;30;90;44m@[0;36;5;40;100m%[0;37;5;40;100m8[0;1;30;90;47mSt8[0;36;5;40;100m;[0;35;5;40;100m:[0;36;5;40;100m.        [0;37;5;40;100mS[0;36;5;40;100m  [0;37;5;40;100mS[0;36;5;40;100m [0;37;5;40;100m@SXSXXX@@8[0m
[0;33;5;40;100mt%;;;;::..;;.tS%SS%t. [0;1;30;90;47m8[0;33;5;40;100m%S[0;31;5;40;100mX[0;30;5;40;100m8@[0;33;5;40;100m8[0;1;30;90;47m8[0;35;5;40;100m.[0;36;5;40;100m@[0;1;30;90;47m8[0;1;37;97;47m [0;1;30;90;47m8[0;37;5;40;100m@[0;1;30;90;47m8[0;1;37;97;47m;[0;37;5;47;107m8[0;1;37;97;47mS; %%S:tX[0;37;5;47;107m8[0;1;37;97;47mt[0;37;5;47;107m8[0;1;37;97;47mtXSS[0;37;5;47;107m8[0;1;37;97;47mt;tS[0;37;5;47;107m8[0;1;37;97;47m. ..St%%%%%tS%:%SSSt;tttt;;;;:;; [0;1;30;90;47m88t8[0;35;5;40;100m:t[0;37;5;40;100mX[0;1;30;90;47m%t8[0;35;5;40;100m.[0;36;5;40;100m      [0;37;5;40;100m%[0;36;5;40;100m   . ...;.:;[0;35;5;40;100m%[0;36;5;40;100mX[0;35;5;40;100m%[0;32;5;40;100mS[0;34;5;40;100mS[0;33;5;40;100m [0m
[0;33;5;40;100m:.[0;37;5;40;100m@[0;33;5;40;100m;@%%St.X@[0;31;5;40;100m8[0;30;5;40;100m88[0;33;5;40;100mS[0;31;5;40;100m@[0;1;30;90;40mX[0;35;5;40;100m;[0;33;5;40;100m;S%:[0;1;30;90;47m8[0;33;5;40;100m@[0;31;5;40;100m8[0;32;40m%[0;1;30;90;40m8[0;31;5;40;100m8[0;37;5;40;100m@[0;36;5;40;100m%[0;34;5;40;100mX[0;37;5;40;100m@[0;1;30;90;47m8[0;35;5;40;100m [0;1;30;90;47m88[0;1;37;97;47m;SX    .[0;1;30;90;47m8S[0;1;37;97;47mXtSX[0;1;30;90;47mXS[0;1;37;97;47m:%t[0;37;5;47;107m8[0;1;30;90;47mX[0;35;5;40;100m [0;1;30;90;47m8[0;1;37;97;47m [0;1;30;90;47mX[0;37;5;40;100mSX[0;35;5;40;100m:[0;1;37;97;47m:; [0;1;30;90;47m@[0;35;5;40;100m  [0;1;30;90;47m88[0;1;37;97;47m [0;1;30;90;47mX8[0;1;37;97;47m [0;1;30;90;47m88X[0;1;37;97;47m::;.[0;1;30;90;47m%@[0;1;37;97;47m;;::..  [0;1;30;90;47m888[0;36;5;40;100m :t[0;37;5;40;100mS[0;1;30;90;47m%tS88[0;37;5;40;100m@[0;1;30;90;47m8[0;37;5;40;100m8[0;1;30;90;47m8[0;37;5;40;100m@@[0;1;30;90;47m8[0;37;5;40;100m88[0;1;30;90;47m8[0;37;5;40;100m8[0;1;30;90;47m8[0;37;5;40;100m@8888@@@X88[0;1;30;90;47m8[0m
[0;30;5;40;100m8[0;33;5;40;100m88[0;31;5;40;100mXXXS@[0;1;30;90;40m8[0;31;5;40;100mS[0;31;40m8[0;30;5;40;100m@[0;31;5;40;100mS[0;33;5;40;100m8[0;31;40m8[0;33;5;40;100mtX[0;31;5;40;100m@[0;33;5;40;100mS%[0;35;5;40;100mt[0;33;5;40;100m@;X[0;31;5;40;100mX[0;30;5;40;100mX[0;31;5;40;100m8[0;1;30;90;40m@[0;32;5;40;100m@[0;31;5;40;100mS[0;1;30;90;40mX@8[0;30;5;40;100m8[0;34;5;40;100mS[0;35;5;40;100m8 [0;1;30;90;47mS[0;1;37;97;47m [0;1;30;90;47m;[0;35;5;40;100m.8;;%; [0;1;37;97;47m [0;1;30;90;47m8[0;35;5;40;100m.:[0;34;5;40;100mS[0;35;5;40;100mt  [0;1;30;90;47m8[0;35;5;40;100m8[0;34;5;40;100m8[0;30;5;40;100m8[0;35;5;40;100m@[0;34;5;40;100mSS[0;30;5;40;100m8S[0;35;5;40;100m;:t[0;34;5;40;100mSS[0;30;5;40;100m@S88[0;34;5;40;100m@[0;30;5;40;100mS[0;34;5;40;100mX[0;30;5;40;100m8@8@[0;35;5;40;100mS[0;36;5;40;100mS[0;35;5;40;100m8[0;36;5;40;100m%[0;30;5;40;100m8[0;34;5;40;100m8[0;35;5;40;100mt[0;36;5;40;100m;[0;35;5;40;100m%[0;34;5;40;100mSS[0;35;5;40;100mt[0;34;5;40;100mS[0;30;5;40;100mX[0;34;5;40;100m8[0;30;5;40;100m@[0;36;5;40;100mt[0;31;5;40;100mX[0;30;5;40;100m88[0;33;5;40;100m@[0;34;5;40;100mS[0;33;5;40;100mS[0;35;5;40;100m;[0;30;5;40;100m@8[0;1;30;90;40m@88[0;30;5;40;100m@[0;34;5;40;100mX[0;32;5;40;100mS[0;35;5;40;100m;[0;36;5;40;100m.       .[0;35;5;40;100m:[0;33;5;40;100m;[0;36;5;40;100m:[0;33;5;40;100m.[0;36;5;40;100m:[0;33;5;40;100mt[0;36;5;40;100mt[0;33;5;40;100mt[0m
[0;1;30;90;40m88[0;31;5;40;100m8[0;1;30;90;40m8[0;30;5;40;100mSX8[0;32;40m8[0;31;5;40;100m8[0;32;40mX[0;30;5;40;100m@[0;32;40mX[0;31;5;40;100m@[0;1;30;90;40m8[0;32;5;40;100mS[0;1;30;90;40m@[0;30;5;40;100m8[0;1;30;90;40m8[0;30;5;40;100m@8[0;31;5;40;100m8X[0;33;5;40;100mX[0;31;5;40;100mSS[0;1;30;90;40m8[0;32;40mX[0;31;5;40;100m8[0;30;5;40;100m@@[0;1;30;90;40mX@8[0;31;40mSt[0;1;30;90;40m@[0;31;5;40;100mX[0;30;5;40;100m8[0;1;30;90;40m8[0;35;5;40;100mt[0;1;30;90;40m8X8888[0;30;5;40;100m8[0;1;30;90;40mX[0;30;5;40;100m8[0;31;5;40;100m@[0;30;5;40;100m8[0;1;30;90;40m8[0;30;5;40;100m@[0;1;30;90;40m8[0;31;5;40;100m8[0;32;40mX[0;30;5;40;100m8[0;1;30;90;40m8[0;33;5;40;100m8[0;32;40mS[0;1;30;90;40m8[0;31;40m@[0;32;5;40;100mX[0;1;30;90;40m8[0;31;5;40;100mS[0;1;30;90;40m8[0;30;5;40;100m8[0;1;30;90;40m8[0;31;40m@[0;30;5;40;100m8[0;1;30;90;40m888[0;31;40m8[0;30;5;40;100m8[0;1;30;90;40m8888[0;30;5;40;100m8[0;1;30;90;40m88[0;32;40m@[0;31;5;40;100m8[0;32;40mS[0;1;30;90;40m8[0;32;40mX[0;30;5;40;100m8[0;1;30;90;40m88[0;32;40m8[0;30;5;40;100m8[0;31;40m@[0;32;5;40;100mS[0;31;40m@[0;32;40m8[0;31;40mS[0;32;40m8[0;31;5;40;100m@[0;1;30;90;40m888[0;32;40mX[0;1;30;90;40m8[0;30;5;40;100mXX[0;32;40m@[0;1;30;90;40m8[0;30;5;40;100m8[0;32;40mX[0;31;40m8[0;1;30;90;40m@[0;32;40mX[0;30;5;40;100m@[0;33;5;40;100m%[0;36;5;40;100m:[0;37;5;40;100m@8[0;1;30;90;47m@%SX@XXSSX%8[0m
[0;30;5;40;100m8[0;31;40m8[0;32;5;40;100m8[0;1;30;90;40m8[0;31;5;40;100mX[0;32;40m8[0;31;5;40;100mX[0;1;30;90;40m88[0;31;40m8[0;32;5;40;100mS[0;31;40m8[0;30;42m8[0;31;5;40;100m@X[0;1;30;90;40m8[0;30;5;40;100m@[0;1;30;90;40m8[0;31;40m8[0;32;5;40;100m8[0;31;40m%[0;1;30;90;40m8[0;30;5;40;100m8[0;31;40m@[0;30;5;40;100m8[0;1;30;90;40m88[0;32;40m@[0;31;5;40;100m8[0;1;30;90;40m8[0;33;5;40;100m8[0;31;5;40;100m@[0;33;5;40;100m8[0;32;5;40;100mS[0;33;5;40;100mS8[0;1;30;90;40m8[0;33;5;40;100m@[0;31;5;40;100m@[0;1;30;90;40m8[0;30;5;40;100m8[0;32;40m@[0;31;5;40;100m8[0;32;40m8[0;33;5;40;100m8[0;1;30;90;40m8[0;30;5;40;100m@[0;31;40m8[0;30;5;40;100m8[0;1;30;90;40m8[0;31;5;40;100mS[0;32;40m@[0;1;30;90;41m8[0;32;40m8[0;1;30;90;40m8[0;31;5;40;100m@[0;32;40m8[0;1;30;90;40m88[0;31;5;40;100mX[0;32;40m8[0;33;5;40;100m8[0;31;40mS[0;30;5;40;100m8[0;32;40m8[0;31;5;40;100m@[0;32;40m8[0;31;5;40;100mS[0;32;40m8[0;30;5;40;100m8[0;31;40m8[0;32;5;40;100m@[0;31;40m@[0;32;5;40;100m8[0;31;40m@[0;32;5;40;100m@[0;31;40m8[0;30;5;40;100mX[0;31;40m8[0;32;5;40;100mX[0;31;40m8[0;33;5;40;100m8[0;30;5;40;100m88[0;31;5;40;100mS[0;30;5;40;100mS[0;31;40m8[0;32;5;40;100m@[0;31;40m@[0;33;5;40;100m8[0;1;30;90;40m88[0;32;40m8[0;31;40m8[0;32;5;40;100m@[0;30;5;40;100m88[0;1;30;90;40m8[0;32;40m@[0;1;30;90;40m88[0;33;5;40;100m8[0;31;40m@[0;32;5;40;100m@[0;31;40m@[0;30;5;40;100m@[0;31;40m8[0;1;30;90;40m8[0;30;5;40;100mS[0;31;40mX[0;30;42m8[0;30;5;40;100m8[0;1;30;90;40m8888[0;32;40mX[0;1;30;90;40m8[0;30;5;40;100m8[0;32;5;40;100m@[0;30;5;40;100m@[0;32;5;40;100mS[0;30;5;40;100m@SX[0;32;5;40;100mS[0;1;30;90;47mXX%%[0m
[0;1;30;90;40m88[0;31;40m8[0;30;5;40;100m8[0;32;40m@[0;1;30;90;41m8[0;32;40m@[0;1;30;90;41m8[0;32;40m8[0;30;5;40;100m@[0;31;40m8[0;32;5;40;100m8[0;31;40m8[0;1;30;90;40m8[0;32;40m8[0;31;5;40;100m@[0;32;40mX[0;31;5;40;100mS[0;32;40m8[0;31;5;40;100m8[0;32;5;40;100m8[0;30;5;40;100m8[0;33;5;40;100m8[0;32;40m8[0;33;5;40;100m8[0;1;30;90;40m8[0;33;5;40;100m8[0;31;5;40;100m@[0;32;5;40;100m8[0;31;5;40;100m@[0;32;40m@[0;30;5;40;100m@8[0;31;5;40;100m@[0;30;5;40;100m@[0;33;5;40;100mS%[0;1;30;90;40m8[0;32;5;40;100mX[0;31;5;40;100mX[0;32;40m8[0;30;5;40;100m8[0;1;30;90;40m8[0;33;5;40;100m8[0;32;40m%[0;30;5;40;100m@[0;1;30;90;42m8[0;31;5;40;100mS[0;33;5;40;100m8[0;30;5;40;100mXS[0;31;40m8[0;32;5;40;100mX[0;31;5;40;100m8[0;30;5;40;100m@[0;33;5;40;100m8[0;31;5;40;100mX[0;33;5;40;100m8[0;32;40mS[0;33;5;40;100m8[0;31;5;40;100m8[0;30;5;40;100mX[0;33;5;40;100m88[0;30;5;40;100m@X[0;31;40m8[0;32;5;40;100m8[0;31;40m8[0;1;30;90;40m8[0;32;40m8[0;31;40m8[0;1;30;90;40m888[0;31;40m8[0;32;5;40;100m8[0;31;40m@[0;32;5;40;100m@[0;31;40m@[0;1;30;90;42m8[0;1;30;90;40m@[0;31;5;40;100mS[0;32;40m8[0;31;5;40;100mX[0;1;30;90;42m8[0;31;5;40;100m@[0;32;40m8[0;31;5;40;100mS[0;32;40mX[0;31;5;40;100m@[0;32;40m8[0;33;5;40;100m8[0;31;5;40;100m@[0;1;30;90;40m8[0;31;5;40;100m@[0;32;40m8[0;31;5;40;100m@[0;30;5;40;100mX[0;33;5;40;100m8[0;31;40mX[0;32;40m8[0;31;5;40;100mS[0;32;40m@[0;33;5;40;100m8[0;1;30;90;40m8[0;33;5;40;100m8[0;32;40m8[0;30;5;40;100m@[0;1;30;90;40m88[0;31;40mX[0;32;40m8[0;31;5;40;100m8[0;32;40m@[0;1;30;90;40m8[0;31;40m8[0;32;40m8[0;31;40m8[0;1;30;90;40m88[0;31;40m8[0;32;40m8[0;1;30;90;40m8[0;31;40mX[0;32;40m@[0;1;30;90;40m@8[0;30;5;40;100m@[0;33;5;40;100m8[0m
[0;1;30;90;40m88[0;32;5;40;100mX[0;31;40m8[0;30;5;40;100mX[0;1;30;90;40m888[0;31;40m8[0;32;40m8[0;1;30;90;40m8[0;31;40mX[0;30;5;40;100m88@[0;31;40m@[0;1;30;90;40m8[0;32;40m%[0;1;30;90;40m8X8[0;30;5;40;100mX[0;1;30;90;40m8[0;33;5;40;100m8[0;32;40mX[0;33;5;40;100m8[0;31;5;40;100mS[0;33;5;40;100m8[0;1;30;90;40m8[0;30;5;40;100mX[0;31;40m@[0;32;5;40;100mX[0;31;5;40;100m@[0;32;5;40;100mS[0;33;5;40;100m@%[0;31;5;40;100mS[0;30;5;40;100mX[0;32;40m@[0;31;40m8[0;33;5;40;100m8[0;30;5;40;100mS[0;33;5;40;100m8[0;32;40mS[0;31;5;40;100m@[0;32;40mX[0;31;40m8[0;32;40m8[0;33;5;40;100m8[0;31;5;40;100m@[0;32;40m8[0;30;5;40;100m8[0;31;40m8[0;30;42m@[0;1;30;90;40m8[0;32;40mS[0;1;30;90;40m8[0;30;5;40;100mX[0;31;5;40;100mS[0;32;40m8[0;30;5;40;100mX[0;1;30;90;40m8[0;33;5;40;100m8[0;35;5;40;100m%[0;1;30;90;40m8[0;33;5;40;100m8[0;32;40mS[0;31;5;40;100m8[0;32;40mX[0;1;30;90;40m888[0;32;40mX[0;31;5;40;100m8[0;30;42m8[0;31;5;40;100m8[0;32;40mX[0;30;5;40;100m@[0;31;40mX[0;1;30;90;40m8[0;31;40m@[0;32;5;40;100m8[0;31;5;40;100m8[0;33;5;40;100m8[0;1;30;90;40m8[0;1;30;90;41m8[0;1;30;90;42m8[0;30;41m8[0;32;5;40;100m8[0;30;5;40;100m8[0;32;40m8[0;31;5;40;100m8[0;30;5;40;100m@[0;1;30;90;40m8[0;32;40m8[0;33;5;40;100m8[0;31;5;40;100m8[0;32;40m@[0;31;40m8[0;32;5;40;100mX[0;33;5;40;100m8[0;1;30;90;40m8[0;30;5;40;100mX[0;31;5;40;100m8[0;32;40m@[0;31;5;40;100m@[0;32;40mX[0;31;5;40;100mXS[0;33;5;40;100m8[0;30;5;40;100mX[0;33;5;40;100m8[0;31;40mX[0;32;5;40;100m8[0;30;41m8[0;32;5;40;100m@[0;1;30;90;40m88[0;30;5;40;100m8[0;32;40m8[0;30;5;40;100m8[0;32;40m@[0;1;30;90;40m8888[0;31;40mX[0;32;40m8[0;31;40mS[0;32;40mX[0m
[0;1;30;90;40m8[0;31;40m@[0;32;40mX[0;1;30;90;40m8[0;31;40m8[0;32;40m8[0;1;30;90;41m8[0;32;40m8[0;31;5;40;100mS[0;32;40mS[0;1;30;90;40m8[0;32;40mS[0;1;30;90;40m8[0;31;40m@[0;32;40m8[0;1;30;90;40m8[0;32;40mt[0;31;40m%[0;34;40m;[0;32;40mt[0;30;5;40;100mX[0;30;42m8[0;33;41m8[0;32;40m@[0;31;5;40;100m@[0;32;5;40;100mX[0;1;30;90;40m8[0;30;42m8[0;31;5;40;100mX[0;1;30;90;42m8[0;33;5;40;100m88tt88[0;31;5;40;100mX[0;32;40m8[0;33;5;40;100m8[0;30;5;40;100mX[0;32;40m@[0;1;30;90;41m8[0;32;40m@[0;31;5;40;100m@[0;32;40m8[0;31;5;40;100mS[0;30;5;40;100m8[0;1;30;90;40m8[0;32;40m@[0;31;5;40;100m8[0;31;40mX[0;32;40m8[0;31;5;40;100mX[0;32;40m@[0;31;5;40;100m8[0;32;40mX[0;31;40m@[0;30;42m8[0;30;5;40;100m@[0;31;40m8[0;30;42m8[0;31;40m@[0;30;5;40;100m8[0;33;5;40;100m%[0;32;40mS[0;1;30;90;40m8[0;31;40m8[0;32;40m8[0;31;5;40;100m8[0;32;40mt[0;31;40mX[0;1;30;90;40m8[0;31;40mS[0;32;40mX[0;1;30;90;40m8[0;31;40mX[0;1;30;90;40m8[0;32;40mX[0;1;30;90;40m8[0;32;40m8[0;31;40m@[0;32;40mX[0;1;30;90;40m8[0;32;40mS[0;30;5;40;100mX[0;33;5;40;100m8[0;31;5;40;100mX[0;33;5;40;100m8[0;31;5;40;100m8[0;33;5;40;100m8[0;31;5;40;100mX[0;32;5;40;100m@[0;31;40m8[0;33;5;40;100m8[0;31;5;40;100mX[0;30;5;40;100mSX[0;33;5;40;100m88[0;31;5;40;100m8[0;30;5;40;100mX[0;31;5;40;100mX[0;32;40m8[0;33;5;40;100m8[0;31;5;40;100m8[0;32;40m8[0;31;5;40;100m@[0;33;5;40;100m8[0;32;40mX[0;1;30;90;41m8[0;30;42m8[0;31;5;40;100m8[0;32;5;40;100mS[0;31;5;40;100m8[0;32;40m8[0;31;5;40;100mX[0;1;30;90;40m888[0;1;30;90;41m8[0;32;40m8[0;31;5;40;100m8[0;32;40mX[0;31;5;40;100m@[0;32;40m@[0;1;30;90;40m8[0;33;5;40;100m8[0;31;40m%[0;32;5;40;100m8[0;31;40mX[0m
[0;31;40m%[0;1;30;90;40m8[0;31;40m@[0;32;40m8[0;30;5;40;100m8[0;31;40mX[0;32;40m@[0;31;40mX[0;32;40mX[0;30;5;40;100m8[0;31;40m@[0;1;30;90;40m88[0;30;5;40;100mX[0;31;40m8[0;32;40m8[0;1;30;90;40m@[0;31;40mt[0;1;30;90;40mS8[0;32;40m8[0;31;5;40;100mX[0;32;40m8[0;33;5;40;100m8[0;1;30;90;40m8[0;31;5;40;100mS[0;30;42m8[0;31;5;40;100m8[0;33;5;40;100m8[0;1;30;90;41m8[0;33;5;40;100m8[0;31;5;40;100mS[0;33;5;40;100m@. %[0;1;30;90;47m8[0;33;5;40;100m8[0;30;41m8[0;32;5;40;100mX[0;31;40m8[0;32;5;40;100m@[0;1;30;90;40m8[0;30;5;40;100mS[0;31;5;40;100mS[0;32;40m8[0;33;5;40;100m8[0;31;5;40;100m8[0;30;5;40;100m@[0;32;40mX[0;31;40m@[0;32;40mX[0;31;40mX[0;1;30;90;40m8[0;32;40m8[0;33;5;40;100m8[0;31;5;40;100mX[0;33;5;40;100m8[0;30;5;40;100mX[0;32;5;40;100mS[0;31;40m8[0;32;5;40;100m8[0;31;40m%[0;1;30;90;40m8[0;30;5;40;100m8X[0;1;30;90;40m88[0;32;40mS[0;30;5;40;100m8[0;31;40mS[0;32;40mX[0;31;40mS[0;1;30;90;40m88[0;32;40m8[0;31;5;40;100m8[0;32;40mS[0;31;40m@[0;1;30;90;40m88[0;31;40mS[0;32;40mX[0;31;40m8[0;32;40m@[0;31;40m8[0;1;30;90;40m88[0;32;40m8[0;31;40m8[0;32;40m8[0;31;5;40;100m8[0;32;5;40;100m8[0;31;5;40;100m8[0;32;40m8[0;31;5;40;100mS[0;32;40m8[0;31;5;40;100m8[0;1;30;90;40m8[0;33;5;40;100m8[0;1;30;90;40m8[0;1;30;90;43mt[0;31;5;40;100m8[0;30;5;40;100m@[0;33;5;40;100m8[0;31;5;40;100mX[0;33;5;40;100m8[0;30;5;40;100m8[0;33;5;40;100m8[0;31;5;40;100mX[0;1;30;90;40m8[0;33;5;40;100m8[0;31;40mX[0;32;5;40;100mX[0;33;5;40;100m8[0;31;5;40;100mX[0;30;42m8[0;1;30;90;43m;[0;1;30;90;40m8[0;32;5;40;100mS[0;30;41m8[0;32;5;40;100m8[0;31;40m8[0;32;5;40;100mS[0;1;30;90;41m8[0;32;5;40;100mS[0;31;40m8[0;32;5;40;100mX[0;31;40m8[0;32;5;40;100mX[0m
[0;31;40m%[0;1;30;90;40m@[0;32;40m%[0;31;40mX[0;32;40m%[0;1;30;90;40m@[0;31;40mS[0;1;30;90;40m@[0;31;40m%[0;1;30;90;40m@[0;32;40mX[0;31;40mX[0;32;40mX[0;31;40m@[0;32;5;40;100m8[0;31;40m8[0;32;5;40;100m@[0;1;30;90;40mX[0;30;5;40;100m@[0;1;30;90;40m8[0;31;43m8[0;32;40m@[0;1;30;90;40m8[0;32;40mX[0;31;5;40;100m@[0;32;40m@[0;1;30;90;41m8[0;32;40m8[0;31;5;40;100m8[0;32;40m8[0;33;5;40;100mXS;[0;1;30;90;43m8[0;1;30;90;47m8[0;1;30;90;43m8[0;33;5;40;100m;[0;1;30;90;47m8[0;33;5;40;100m;SS8[0;31;40m8[0;30;42m8[0;1;30;90;41m8[0;31;5;40;100m@[0;32;40mS[0;31;5;40;100m@[0;1;30;90;40m888[0;30;5;40;100m@[0;33;5;40;100m8[0;30;5;40;100m8[0;30;41m8[0;32;5;40;100m8[0;31;40mX[0;32;40m8[0;31;40m8[0;32;5;40;100mX[0;31;40m8[0;32;5;40;100m8[0;30;5;40;100mX[0;32;40mS[0;31;40m;[0;32;40mt[0;31;40m@[0;32;40m@[0;31;40m8[0;32;40m@[0;1;30;90;40m8[0;31;40mS[0;30;5;40;100m8[0;32;40m%[0;31;40mS[0;1;30;90;40m8[0;32;40mX[0;30;5;40;100m8[0;32;40m@[0;30;5;40;100m@[0;32;40m8[0;30;5;40;100mS[0;32;5;40;100mX[0;1;30;90;40m8[0;32;5;40;100mS[0;32;40m8[0;33;5;40;100m8[0;32;40mX[0;31;5;40;100mS[0;32;5;40;100m@[0;30;5;40;100m8[0;32;40m8[0;31;5;40;100m8[0;32;40m8[0;30;5;40;100m@[0;32;40m8[0;1;30;90;41m8[0;32;40m8[0;32;5;40;100mX[0;31;40mX[0;33;5;40;100m8[0;30;5;40;100m@[0;32;5;40;100m@[0;31;40m8[0;1;30;90;42m8[0;31;40mX[0;32;40m8[0;31;5;40;100mS[0;32;40m8[0;31;5;40;100mS[0;32;40m8[0;33;5;40;100m8[0;32;40m8[0;1;30;90;41m8[0;32;40m@[0;31;5;40;100mS[0;31;40mX[0;32;40mX[0;31;40m@[0;1;30;90;42m8[0;31;5;40;100mX[0;32;40m8[0;30;5;40;100mX[0;1;30;90;40m8[0;1;30;90;43mt[0;1;30;90;40m8[0;33;5;40;100m8[0;31;5;40;100mS[0;30;42m8[0;31;5;40;100mX[0m
[0;33;5;40;100m%S[0;31;5;40;100mX[0;30;5;40;100m8@[0;32;40m%[0;1;30;90;40m@[0;32;40mX[0;1;30;90;40m8[0;32;40mX[0;1;30;90;40m88[0;32;40m8[0;1;30;90;40m8[0;32;40mt[0;1;30;90;40m@[0;31;40mS[0;33;5;40;100m%[0;32;40mX8[0;1;30;90;40m8[0;32;40mX[0;31;5;40;100m@[0;32;40m8[0;31;5;40;100mX[0;32;40m8[0;33;5;40;100m8[0;31;5;40;100mX[0;32;40m8[0;31;5;40;100m8[0;1;30;90;40m8[0;31;5;40;100m@S[0;33;5;40;100m8[0;31;5;40;100m8[0;33;5;40;100m:[0;37;43m8[0;1;30;90;43m8[0;1;30;90;47m8[0;33;47m8[0;33;5;40;100m X8[0;30;5;40;100m8[0;30;42m8[0;31;5;40;100m@[0;32;40m8[0;33;5;40;100m8[0;1;30;90;40m8[0;1;30;90;43m;[0;30;5;40;100m@X[0;32;40m8[0;33;5;40;100m8[0;32;40mX[0;30;5;40;100m8[0;33;5;40;100m8[0;30;5;40;100mX[0;33;5;40;100m8[0;32;40m8[0;33;5;40;100m8[0;31;40mS[0;33;5;40;100m8[0;30;5;40;100mX[0;32;40mS[0;31;40mS[0;32;40m8[0;31;5;40;100m@[0;1;30;90;40m8[0;30;5;40;100mX[0;32;40mX[0;1;30;90;40m8[0;32;40mS[0;31;40m%[0;32;40mX[0;31;40m%[0;32;40m%[0;31;40mX[0;1;30;90;40m8[0;31;40m%[0;32;40mX[0;31;40m@[0;32;40m@[0;1;30;90;41m8[0;1;30;90;40m88[0;31;40m@[0;32;5;40;100m@[0;31;40mX[0;30;5;40;100mS[0;33;5;40;100m8[0;31;40m@[0;30;42m8[0;31;5;40;100m@[0;32;40m@[0;31;40m8[0;1;30;90;42m8[0;31;40m8[0;33;5;40;100m8[0;1;30;90;40m8[0;30;5;40;100m@[0;31;40m@[0;32;5;40;100mX[0;31;5;40;100mSS[0;1;30;90;42m8[0;1;30;90;41m8[0;32;40m8[0;31;5;40;100m@[0;32;40m8[0;31;5;40;100m8[0;32;40mX[0;31;5;40;100mX[0;32;40m@[0;1;30;90;40m8[0;32;40m8[0;33;5;40;100m8[0;32;40mX[0;30;5;40;100m@[0;31;40mX[0;30;42m8[0;31;5;40;100m8[0;32;40m8[0;31;40m8[0;1;30;90;40m88[0;32;40m8[0;31;5;40;100m8[0;32;40mX[0;1;30;90;40m8[0m
[0;33;5;40;100m8[0;34;40mt[0;32;40mS%[0;31;40mS[0;32;40m@[0;1;30;90;40m8[0;31;40m@[0;32;5;40;100m8[0;31;40m8[0;32;40m8[0;31;5;40;100m8[0;31;40mX[0;32;5;40;100mX[0;31;40m8[0;32;5;40;100m8[0;1;30;90;40m8[0;33;5;40;100mt[0;31;40m8[0;30;5;40;100mS[0;31;40m8[0;33;5;40;100m8[0;32;40mS[0;31;5;40;100m8[0;32;40m8[0;31;5;40;100m8[0;30;5;40;100mX[0;33;5;40;100m8[0;1;30;90;40m8[0;33;5;40;100m88[0;30;5;40;100mS[0;33;5;40;100m8[0;31;5;40;100mX[0;33;5;40;100m8@[0;31;5;40;100m@[0;33;5;40;100m;[0;37;43m8[0;1;30;90;47m8[0;1;30;90;43m8[0;33;5;40;100m.88[0;31;5;40;100mX[0;33;5;40;100m8[0;31;5;40;100mS[0;33;5;40;100m88[0;1;30;90;40m8[0;31;40m8[0;1;30;90;43m@[0;33;5;40;100m8[0;31;40m@[0;32;5;40;100mS[0;31;40m8[0;33;5;40;100m8[0;31;40mX[0;33;5;40;100m8[0;31;5;40;100m8[0;30;5;40;100m@[0;33;5;40;100m8[0;30;5;40;100mS[0;33;5;40;100m8X[0;31;5;40;100mS[0;30;5;40;100mX[0;33;5;40;100m88[0;31;5;40;100m8X[0;30;5;40;100mX[0;33;5;40;100m8[0;1;30;90;40m8[0;31;5;40;100m@[0;1;30;90;40m8[0;30;5;40;100m8[0;1;30;90;40m8[0;32;40mX[0;30;5;40;100m8[0;31;40m@[0;32;5;40;100m@[0;31;40m8[0;32;5;40;100mX[0;30;41m8[0;32;5;40;100m@[0;31;40mS[0;32;5;40;100m@[0;1;30;90;40m8[0;33;5;40;100m8[0;31;5;40;100mX[0;33;5;40;100mS[0;1;30;90;40m8[0;30;5;40;100m@[0;33;5;40;100m@[0;30;5;40;100m@S[0;32;5;40;100mS[0;1;30;90;40m@[0;30;5;40;100mX[0;33;5;40;100m8[0;1;30;90;40m88[0;1;30;90;42m8[0;31;40m8[0;30;5;40;100m@[0;32;40m8[0;31;5;40;100m@[0;32;40m8[0;31;5;40;100m8[0;32;40mS[0;30;5;40;100m8[0;32;40m@[0;31;5;40;100mX[0;32;40m8[0;30;41m8[0;1;30;90;40m88[0;32;40m8[0;31;5;40;100mX[0;32;40mX[0;1;30;90;40m8[0;31;5;40;100mX[0;32;5;40;100m8[0;30;5;40;100m@@@[0;1;30;90;40m88[0;30;5;40;100m8[0m
[0;32;40mt%[0;31;40mX[0;1;30;90;40m@[0;1;30;90;42m8[0;31;40m8[0;32;5;40;100m@[0;31;40mX[0;30;5;40;100mXS[0;31;40m8[0;32;5;40;100m@[0;33;5;40;100m8[0;31;40m8[0;32;5;40;100m@[0;30;41m8[0;33;5;40;100m8[0;36;5;40;100m@[0;31;40m8[0;32;5;40;100mSX[0;31;40m@[0;32;5;40;100mS[0;31;40m8[0;33;5;40;100m8[0;32;40mS[0;30;41m8[0;1;30;90;40m8[0;33;5;40;100m8[0;31;40m8[0;33;5;40;100m88[0;31;5;40;100m@[0;32;40m@[0;33;5;40;100m8[0;31;5;40;100m8X[0;33;5;40;100mS[0;33;47m8[0;1;30;90;43m8[0;1;30;90;47m8[0;33;47m8[0;33;5;40;100mS[0;1;30;90;41m8[0;33;5;40;100m8[0;31;5;40;100mS[0;33;5;40;100m8[0;31;40m@[0;30;5;40;100m8[0;33;5;40;100m8t:::;:;XSX8[0;31;5;40;100mX[0;33;5;40;100m8[0;31;5;40;100mS8[0;32;40mS[0;30;5;40;100m8[0;31;40m8[0;1;30;90;40m8[0;32;40m@[0;1;30;90;40m8[0;31;5;40;100mX[0;32;40mS[0;31;5;40;100mS[0;33;5;40;100m8[0;1;30;90;40m8[0;30;5;40;100m@[0;31;40m8[0;32;5;40;100mS[0;31;40m@[0;32;5;40;100m@[0;31;40m8[0;33;5;40;100m8[0;1;30;90;40m8[0;32;40m@[0;33;5;40;100mS[0;1;30;90;47m8[0;37;5;40;100mX[0;33;5;40;100m;[0;1;30;90;40m@[0;34;40m@[0;1;30;90;40m8@[0;34;40mt[0;1;30;90;40mS[0;34;40mt[0;1;30;90;40mX[0;31;40mt[0;34;40m%[0;32;40mt[0;34;40mt[0;1;30;90;40m@@[0;30;5;40;100m8[0;33;5;40;100mX[0;1;30;90;40m88[0;33;5;40;100m8[0;31;40mS[0;1;30;90;40m88[0;31;40m@[0;32;40m8[0;31;5;40;100m8[0;32;40m@[0;30;5;40;100m8[0;1;30;90;40m8[0;33;5;40;100m8[0;30;5;40;100m88[0;34;5;40;100m8[0;1;30;90;40m8[0;34;40m@[0;1;30;90;40m8[0;34;40m@[0;32;40mS[0;34;40m8[0;32;40m%[0;34;40m8[0;1;30;90;40m8[0m
[0;32;40mX[0;30;5;40;100mX[0;30;42m8[0;31;5;40;100m8[0;1;30;90;40m8[0;33;5;40;100m8[0;1;30;90;40m8[0;33;5;40;100m8[0;1;30;90;40m8[0;33;5;40;100m8[0;32;5;40;100mX[0;31;5;40;100m8[0;32;5;40;100mS[0;33;5;40;100mS[0;31;5;40;100mS[0;36;5;40;100mt[0;33;5;40;100mS[0;35;5;40;100m:[0;33;5;40;100m:tS[0;30;5;40;100mX[0;31;40m8[0;32;5;40;100m@[0;31;40m8[0;33;5;40;100mX8[0;30;5;40;100mX[0;32;40m8[0;33;5;40;100m8[0;31;5;40;100m@[0;32;5;40;100mS[0;31;5;40;100mX[0;33;5;40;100m8[0;31;5;40;100mX[0;33;5;40;100m88%[0;37;5;40;100m:[0;33;47m8[0;33;5;41;101m@[0;37;5;40;100mt[0;33;5;40;100m:[0;1;30;90;43m8[0;33;5;40;100mXX[0;35;5;40;100m;[0;33;5;40;100m:..:[0;35;5;40;100m%[0;33;5;40;100mS[0;34;5;40;100m%[0;33;5;40;100m;[0;36;5;40;100m..[0;1;30;90;47m@%[0;35;5;40;100m;[0;31;5;40;100mX[0;30;5;40;100mS[0;33;5;40;100m8[0;30;5;40;100m8[0;1;30;90;40m8[0;30;5;40;100m@[0;31;5;40;100mS[0;32;40m8[0;31;5;40;100m@[0;1;30;90;40m8[0;33;5;40;100m8[0;31;40m8[0;33;5;40;100m8[0;1;30;90;40m88[0;33;5;40;100m8[0;32;40m@[0;33;5;40;100m8[0;32;40mX[0;31;5;40;100mX[0;32;40mS[0;31;40mX[0;1;30;90;40m8[0;33;5;40;100mt[0;1;30;90;47m8[0;37;5;40;100mS[0;36;5;40;100mX[0;1;30;90;40m@8[0;30;5;40;100m@@[0;1;30;90;40m8@@@@@88@XXSS8[0;33;5;40;100mSX[0;1;30;90;40m8[0;33;5;40;100m8[0;30;5;40;100m@[0;1;30;90;43m;[0;30;5;40;100m8S[0;32;40m8[0;31;5;40;100mX[0;32;40m8[0;31;5;40;100mX[0;32;40mS[0;1;30;90;44m8[0;36;5;40;100m8[0;34;5;40;100m8[0;30;5;40;100mX[0;34;40m8[0;36;5;40;100m8[0;34;40m8[0;36;5;40;100m8[0;34;40m@[0;32;40m;[0;34;40m@[0;34;5;40;100m@[0m
[0;30;5;40;100m8X@[0;32;5;40;100m8[0;1;30;90;40m8[0;30;5;40;100m8[0;32;5;40;100m8[0;34;40m;[0;1;30;90;40m@8[0;32;5;40;100mX[0;30;5;40;100m@[0;1;30;90;40m8[0;34;40mt[0;30;5;40;100m888[0;36;5;40;100mt[0;31;5;40;100mS[0;36;5;40;100m:[0;1;30;90;47m@:@[0;33;5;40;100mX[0;32;5;40;100m8[0;30;5;40;100m@[0;1;30;90;40m8[0;1;30;90;43m:[0;30;5;40;100m8@[0;32;40m8[0;1;30;90;41m8[0;33;5;40;100m8[0;31;5;40;100m@[0;32;40m8[0;31;5;40;100m8[0;1;30;90;40m8[0;33;5;40;100m8[0;1;30;90;41m8[0;33;5;40;100mS [0;1;30;90;43m8[0;1;30;90;47m88[0;35;5;40;100m%[0;34;5;40;100mS[0;30;5;40;100m8[0;32;5;40;100m@[0;33;5;40;100mS[0;36;5;40;100m%[0;1;30;90;40m8S[0;30;5;40;100mX[0;32;5;40;100mS[0;35;5;40;100m.[0;36;5;40;100m [0;37;5;40;100mX[0;1;30;90;47m;;.8[0;35;5;40;100m  [0;33;5;40;100mX[0;1;30;90;40m8[0;1;30;90;41m8[0;30;42m8[0;31;5;40;100m@[0;1;30;90;40m8[0;31;5;40;100mS[0;32;40m8[0;33;5;40;100m8[0;31;40m@[0;32;5;40;100mX[0;31;40m8[0;32;5;40;100mS[0;31;5;40;100m8[0;30;5;40;100m@[0;33;5;40;100mS[0;30;5;40;100mS[0;33;5;40;100m%[0;36;5;40;100m; :[0;34;40mS[0;31;40mt[0;1;30;90;40mS@8[0;34;40mX[0;1;30;90;40m88[0;34;40m%[0;32;40m%[0;34;40mS[0;1;30;90;40mX[0;34;40mt[0;1;30;90;40mX[0;34;40m%[0;1;30;90;40mX[0;34;40mt[0;1;30;90;40m@X[0;34;40mS[0;1;30;90;40m@[0;34;40mt[0;1;30;90;40m8[0;33;5;40;100m8[0;1;30;90;40m8[0;31;5;40;100mS[0;32;40m@[0;33;5;40;100m8[0;30;41m8[0;33;5;40;100m8[0;30;5;40;100m@[0;33;5;40;100m8[0;1;30;90;40m8[0;33;5;40;100m8[0;1;30;90;40m8[0;34;5;40;100mSS[0;36;44m8[0;32;40m8[0;1;30;90;44m8[0;30;5;40;100m@[0;1;30;90;44m8[0;30;5;40;100mX[0;34;40mt[0;32;40mS[0;1;30;90;44m8[0m
[0;30;5;40;100m8[0;32;5;40;100m8[0;30;5;40;100m8X[0;32;5;40;100mS[0;30;5;40;100m8[0;34;40mt[0;1;30;90;40m8[0;32;5;40;100mS[0;30;5;40;100m@[0;35;5;40;100mX[0;32;5;40;100m@[0;34;5;40;100mS[0;30;5;40;100m@[0;32;5;40;100mS[0;35;5;40;100mt .[0;36;5;40;100m  t.t[0;34;5;40;100mX[0;31;5;40;100m@[0;33;42m8[0;31;40m8[0;32;5;40;100m@[0;30;41m8[0;33;5;40;100m8[0;1;30;90;40m8[0;32;5;40;100mS[0;31;40m8[0;32;5;40;100mX[0;1;30;90;41m8[0;32;40m8[0;31;5;40;100mS[0;33;5;40;100m@ [0;1;30;90;47mt[0;1;37;97;47m .[0;1;30;90;47m8[0;31;40m8[0;30;5;40;100m8[0;33;5;40;100m.[0;36;5;40;100m [0;37;5;40;100mSX8[0;1;30;90;47mX%t:.%[0;37;5;40;100m@[0;1;30;90;47mS@X[0;35;5;40;100m X[0;31;5;40;100m@S[0;33;5;40;100m88[0;31;5;40;100m8[0;33;5;40;100m8[0;31;5;40;100mS[0;32;40m8[0;31;5;40;100m8S[0;30;5;40;100m8[0;33;5;40;100m:[0;37;5;40;100m8[0;35;5;40;100m [0;34;5;40;100mS[0;1;30;90;40m8@X[0;34;40mS[0;1;30;90;40mS[0;34;40m;[0;32;40mt[0;1;30;90;40mS[0;34;40m;[0;32;40m;[0;34;40m;[0;32;40mt[0;1;30;90;40mX[0;32;40m;;[0;1;30;90;40mX@[0;31;40m%[0;32;40m%[0;1;30;90;40mX[0;32;40m:[0;31;40m;[0;32;40mt[0;31;40m;[0;34;40m;[0;32;40mt[0;30;5;40;100m8[0;34;40m%[0;1;30;90;40mX[0;34;40m:t[0;33;5;40;100m8[0;30;5;40;100m@[0;31;5;40;100m@[0;32;40m@[0;30;5;40;100mS[0;1;30;90;40m8[0;31;40m8[0;32;5;40;100mS[0;31;40m8[0;1;30;90;40m8[0;30;5;40;100m@[0;30;44m8[0;1;30;90;42m8[0;1;30;90;44m8[0;34;5;40;100m8[0;34;40m@[0;34;5;40;100mS[0;34;40m@[0;36;5;40;100m8[0;34;40mtt[0;1;30;90;40m8[0m
[0;1;30;90;40m@[0;30;5;40;100m8[0;35;5;40;100mS[0;1;30;90;40m8[0;30;5;40;100m@X[0;31;5;40;100mX[0;30;5;40;100m@@8[0;1;30;90;40m88[0;30;5;40;100m88[0;31;5;40;100mX[0;36;5;40;100m@[0;31;5;40;100m8[0;30;5;40;100m@8@@8[0;32;40mtt[0;1;30;90;40m8[0;31;5;40;100mX[0;32;5;40;100m@[0;31;40m8[0;32;5;40;100m8[0;31;5;40;100mS[0;33;5;40;100m8[0;30;5;40;100mS[0;33;5;40;100m8[0;1;30;90;40m8[0;33;5;40;100m8 [0;1;30;90;47mt%S@88[0;37;5;40;100m8[0;1;30;90;47m8[0;37;5;40;100m@8[0;1;30;90;47m8[0;37;5;40;100m8[0;35;5;40;100m  [0;37;5;40;100m@[0;35;5;40;100m     [0;37;5;40;100m@S[0;35;5;40;100m .[0;37;5;40;100mX@[0;35;5;40;100m:[0;31;5;40;100mS[0;30;5;40;100mX[0;31;5;40;100mX[0;30;5;40;100mX[0;32;5;40;100mS[0;1;30;90;41m8[0;33;5;40;100m8[0;30;5;40;100mS[0;32;5;40;100mS[0;30;5;40;100m@[0;33;5;40;100m .[0;1;30;90;40m@[0;32;40m;[0;34;40mt[0;31;40m;[0;34;40mt[0;1;30;90;40m@[0;32;40m.[0;31;40m;[0;1;30;90;40mS[0;31;40m.[0;32;40m;[0;31;40mt[0;34;40mt[0;31;40mt[0;34;40m;;[0;31;40m;[0;34;40m;[0;32;40m;[0;34;40m%[0;31;40m;[0;34;40m;[0;32;40m:[0;34;40m;;[0;32;40mt[0;1;30;90;40m8[0;31;40m%[0;34;40m;[0;32;40m%[0;31;40m;[0;32;40m;[0;31;40m.[0;30;5;40;100mS[0;33;5;40;100m;:.;: . ::[0;32;5;40;100mS[0;34;40m8[0;1;30;90;40m88[0;30;44m8[0;30;42m8[0;1;30;90;44m8[0;32;40mS[0;34;40m@[0;32;40mt[0;30;44m8[0m
[0;1;30;90;40mX[0;32;40mt[0;1;30;90;40mSXS[0;34;40mt[0;32;40mS[0;34;40mS[0;1;30;90;40mXXXX[0;31;40mt[0;34;40m:[0;32;40m.[0;31;40m.[0;34;40m;[0;1;30;90;40m88[0;30;5;40;100m@[0;34;5;40;100mS[0;30;5;40;100mXSX@[0;33;5;40;100m%:.;%%%:%[0;30;5;40;100m@[0;33;5;40;100m [0;30;5;40;100m8[0;31;40mt[0;1;30;90;40m8[0;31;40mS[0;1;30;90;40m@[0;35;5;40;100mt[0;31;5;40;100m@[0;30;5;40;100m8@@8X[0;31;5;40;100mS[0;30;5;40;100m@@[0;35;5;40;100m%[0;33;5;40;100mX[0;34;5;40;100mS[0;33;5;40;100m%[0;35;5;40;100m:[0;1;30;90;40m8[0;31;40mt[0;34;5;40;100mS[0;31;5;40;100mX[0;32;40mt[0;31;5;40;100m8[0;36;5;40;100m:[0;33;5;40;100m:[0;37;5;40;100m88[0;33;5;40;100m [0;1;30;90;47mX[0;33;5;40;100m [0;37;5;40;100m88[0;33;5;40;100mX[0;31;40m.;[0;34;40m;[0;31;40m:;[0;32;40m;[0;1;30;90;40m8[0;30;5;40;100mX@[0;1;30;90;40m8[0;32;40m:[0;34;40m:[0;31;40m:[0;34;40mt[0;32;40m;[0;34;40m;[0;32;40mt[0;31;40mt[0;32;40mt[0;34;40mt[0;32;40m;[0;31;40mt[0;34;40mt[0;32;40mt[0;34;40m;[0;31;40mt[0;32;40m;[0;31;40m;[0;30;5;40;100m8XX[0;1;30;90;40m8[0;31;40m%[0;1;30;90;40m@SS[0;33;5;40;100m@[0;30;5;40;100mX[0;33;5;40;100mS[0;31;5;40;100m@[0;32;5;40;100mS[0;31;5;40;100mX[0;33;5;40;100m@[0;30;5;40;100mX[0;32;5;40;100mS[0;1;30;90;40m8888[0;32;40mX[0;1;30;90;40m8[0;32;40mX[0;34;40m%[0;32;40m%[0;1;30;90;40mX[0;31;40m%[0;32;40m%[0;1;30;90;40m8[0m
[0;31;40m;[0;1;30;90;40mX[0;34;40m;[0;1;30;90;40mX[0;32;40mt[0;1;30;90;40mX[0;31;40mS[0;1;30;90;40m@[0;31;40m;[0;1;30;90;40mS[0;32;40m;[0;34;40m;[0;32;40mt[0;31;5;40;100mS[0;36;5;40;100mS[0;31;5;40;100m@[0;32;40mS[0;34;40m;[0;32;40m;[0;34;40m;[0;32;40m;[0;31;40m:[0;34;40m;[0;33;5;40;100mS[0;35;5;40;100m%[0;33;5;40;100m.     ..:[0;35;5;40;100m%[0;30;5;40;100m@[0;32;40m:[0;33;5;40;100m:  [0;31;40mt[0;1;30;90;40m8[0;36;5;40;100m:[0;33;5;40;100m%[0;35;5;40;100mS[0;32;5;40;100mS[0;31;5;40;100mS[0;34;5;40;100mS[0;30;5;40;100m@[0;33;5;40;100m%[0;30;5;40;100m8888[0;1;30;90;40m88[0;31;40m:[0;1;30;90;40m8[0;33;5;40;100m.[0;36;5;40;100m [0;1;30;90;40m8[0;32;40m:[0;1;30;90;40mX[0;30;5;40;100m8[0;31;5;40;100mS[0;33;5;40;100m88[0;31;5;40;100mX[0;33;5;40;100m@8[0;31;5;40;100m8[0;1;30;90;40m88[0;32;40mt[0;31;40m;[0;32;40m;[0;34;40m;[0;31;40m.[0;32;40mt[0;1;30;90;40mX@[0;31;40mt[0;32;40m:[0;31;40m:[0;32;40m;[0;31;40m;[0;34;40m;[0;31;40mt[0;32;40mt[0;34;40m%[0;31;40m%[0;32;40m%[0;31;40m%[0;1;30;90;40mX[0;32;40mt[0;31;40mS[0;1;30;90;40mX[0;32;40m;[0;1;30;90;40mX[0;31;40m;[0;1;30;90;40mS@8@8[0;30;5;40;100m@[0;31;5;40;100mX[0;36;5;40;100mt[0;35;5;40;100m;[0;33;5;40;100m  [0;37;5;40;100mS[0;33;5;40;100m [0;37;5;40;100m@[0;33;5;40;100m         .;:;.;t[0m
[0;32;40m.[0;31;40m:[0;32;40m;[0;31;40m;[0;34;40m;[0;31;40m;[0;32;40m;[0;34;40m;[0;32;40mt[0;34;40m;[0;31;40mt[0;32;40m:[0;1;30;90;40m@[0;30;5;40;100mS[0;33;5;40;100mS[0;30;5;40;100m8[0;34;40mt[0;31;40m:[0;32;40m;[0;31;40m;[0;34;40m.[0;31;40m:[0;32;40m;[0;34;40m;[0;1;30;90;40m@[0;30;5;40;100m@[0;33;5;40;100mXtt:::.:@[0;30;5;40;100m8[0;31;40mt[0;1;30;90;40mS[0;31;5;40;100mS[0;32;40mt[0;34;40m:[0;32;40m.[0;31;40m [0;34;40m [0;32;40m [0;34;40m  [0;32;40m  [0;34;40m .[0;31;40m::;;[0;32;40mt[0;31;40m%[0;32;40mt[0;1;30;90;40mS[0;32;40mt[0;31;40mS[0;1;30;90;40m8[0;30;5;40;100m@[0;33;5;40;100m8t[0;35;5;40;100m:[0;33;5;40;100m  [0;37;5;40;100mS[0;33;5;40;100m   .;%[0;31;5;40;100mS[0;33;5;40;100mX[0;31;5;40;100m@XS[0;32;5;40;100mS[0;31;5;40;100m@[0;33;5;40;100mX[0;31;5;40;100mS[0;33;5;40;100mS[0;31;5;40;100mS[0;33;5;40;100mS%[0;35;5;40;100m%[0;33;5;40;100m@t[0;35;5;40;100mt[0;33;5;40;100mS%[0;35;5;40;100mt[0;33;5;40;100mt;;t;tt%tttS[0;31;5;40;100m%[0;33;5;40;100m.   [0;37;5;40;100m@[0;33;5;40;100m [0;37;5;40;100m8[0;33;5;40;100m  [0;37;5;40;100m88[0;33;5;40;100m:[0;37;5;40;100m8@[0;33;5;40;100m [0;37;5;40;100m@[0;33;5;40;100m.     [0m
[0;31;40m:[0;32;40m;[0;31;40mt[0;34;40mt[0;32;40m%[0;1;30;90;40mS[0;31;40mt[0;1;30;90;40mX[0;31;40mt[0;1;30;90;40mS[0;32;40mt[0;31;40mS[0;1;30;90;40mSS@@888[0;30;5;40;100m8[0;31;5;40;100mX[0;32;5;40;100mX[0;35;5;40;100mS[0;33;5;40;100mS. [0;37;5;40;100mS%SXXXX[0;33;5;40;100m.:t[0;31;5;40;100m%[0;32;5;40;100mS[0;31;5;40;100mX[0;33;5;40;100m%[0;31;5;40;100mS[0;33;5;40;100mX[0;31;5;40;100mX[0;33;5;40;100mX[0;31;5;40;100mX[0;33;5;40;100mS[0;31;5;40;100mS[0;33;5;40;100mS%tt;;;:. ..      [0;37;5;40;100m88[0;33;5;40;100m [0;1;30;90;47m8[0;33;5;40;100m [0;1;30;90;47m@[0;37;5;40;100m8[0;33;5;40;100m [0;37;5;40;100m@[0;33;5;40;100m [0;37;5;40;100mX[0;33;5;40;100m           .; :: .:......[0;35;5;40;100m.[0;33;5;40;100m:[0;35;5;40;100m.[0;33;5;40;100m::[0;35;5;40;100m;[0;33;5;40;100m: [0;37;5;40;100m8[0;33;5;40;100m:::.. .%:.;. .[0;37;5;40;100m8[0;33;5;40;100m:[0;37;5;40;100m@[0;33;5;40;100m.[0;37;5;40;100m@[0;33;5;40;100m:[0m
[0;33;5;40;100mt..;::.:..      .      [0;37;5;40;100m8[0;33;5;40;100m [0;1;30;90;47m8[0;33;5;40;100m.[0;37;5;40;100m@[0;33;5;40;100m [0;1;30;90;47m8[0;33;5;40;100m.[0;1;30;90;47m8[0;33;5;40;100m:[0;1;30;90;47m8[0;33;5;40;100m [0;37;5;40;100mS[0;33;5;40;100m [0;37;5;40;100mX[0;33;5;40;100m   [0;37;5;40;100mX[0;33;5;40;100m     [0;37;5;40;100mX[0;33;5;40;100m   [0;37;5;40;100mS[0;33;5;40;100m [0;37;5;40;100m@[0;33;5;40;100m [0;37;5;40;100m8[0;33;5;40;100m:[0;37;5;40;100m8[0;33;5;40;100m [0;1;30;90;47m8[0;33;5;40;100m:[0;1;30;90;47m8[0;33;5;40;100m:[0;1;30;90;47m8[0;33;5;40;100m;. [0;1;30;90;47m8[0;1;30;90;43m8[0;37;5;40;100m@[0;33;5;40;100m;[0;37;5;40;100m8[0;1;30;90;43m8[0;1;30;90;47m8[0;33;5;40;100m.[0;37;5;40;100m@[0;33;5;40;100m [0;1;30;90;47m@[0;33;5;40;100m [0;1;30;90;47m@[0;33;5;40;100m:[0;1;30;90;47m8[0;33;5;40;100m [0;1;30;90;47m8[0;33;5;40;100m.[0;37;5;40;100m8[0;33;5;40;100m [0;37;5;40;100m8[0;33;5;40;100m.[0;37;5;40;100m@[0;33;5;40;100m [0;37;5;40;100mX[0;33;5;40;100m           :.:;: .::: [0;37;5;40;100m8[0;33;5;40;100m;  ::[0;37;5;40;100m@[0;33;5;40;100m::%%tttt:[0m
[0;33;5;40;100m.    .. .  [0;37;5;40;100m8[0;33;5;40;100mt [0;37;5;40;100m8[0;33;5;40;100mt [0;37;5;40;100m8[0;33;5;40;100m;[0;37;5;40;100m8[0;33;5;40;100m.[0;1;30;90;47m8[0;33;5;40;100mt [0;1;30;90;47m8[0;33;5;40;100mt[0;1;30;90;47m8[0;33;5;40;100m [0;1;30;90;47m8[0;33;5;40;100m.[0;1;30;90;47m8[0;33;5;40;100m:[0;1;30;90;47m8[0;33;5;40;100m.[0;1;30;90;47m8[0;33;5;40;100m [0;37;5;40;100m8[0;33;5;40;100m.[0;37;5;40;100m8[0;33;5;40;100m [0;37;5;40;100m8[0;33;5;40;100m.[0;37;5;40;100m88[0;33;5;40;100m [0;37;5;40;100m8[0;33;5;40;100m. [0;37;5;40;100m8[0;33;5;40;100m.[0;37;5;40;100m8[0;33;5;40;100mt ..: [0;1;30;90;43m8[0;37;5;40;100mS[0;33;5;40;100m;.[0;1;30;90;43m8[0;37;5;40;100mX[0;33;5;40;100mt[0;37;5;40;100mX[0;33;5;40;100m:[0;1;30;90;43m8[0;37;5;40;100m%[0;33;5;40;100m  ..[0;37;5;40;100mS[0;33;5;40;100m; .[0;1;30;90;47m8[0;33;5;40;100mS :  [0;37;5;40;100m8[0;33;5;40;100m%  [0;1;30;90;47m8[0;33;5;40;100mt[0;37;5;40;100mX[0;33;5;40;100m.[0;37;5;40;100m@[0;33;5;40;100m:[0;37;5;40;100mX[0;33;5;40;100m [0;1;30;90;47m8[0;33;5;40;100m [0;1;30;90;47m8[0;33;5;40;100m [0;1;30;90;47m8[0;33;5;40;100m [0;37;5;40;100m@[0;33;5;40;100m   ....[0;37;5;40;100mX[0;33;5;40;100m. .   [0;1;30;90;47m8[0;33;5;40;100m;[0;37;5;40;100mX[0;33;5;40;100m..:[0;37;5;40;100mX[0;33;5;40;100m.:      [0m
[0;33;5;40;100m [0;1;30;90;47m8[0;33;5;40;100m [0;1;30;90;47m@[0;33;5;40;100m.[0;1;30;90;47m8[0;33;5;40;100m.[0;1;30;90;47m8[0;33;5;40;100m:[0;1;30;90;47m@[0;1;30;90;43m8[0;37;5;40;100mX[0;33;5;40;100m [0;1;30;90;47m8[0;33;5;40;100m%[0;37;5;40;100m8[0;33;5;40;100m: [0;1;30;90;47m8[0;33;5;40;100mt[0;37;5;40;100m8[0;33;5;40;100m;[0;1;30;90;47m8[0;33;5;40;100mt [0;37;5;40;100m@[0;33;5;40;100m;[0;1;30;90;47m8[0;1;30;90;43m8[0;1;30;90;47m8[0;33;5;40;100m.[0;1;30;90;47m8[0;33;5;40;100m;[0;1;30;90;47m8[0;33;5;40;100m:[0;1;30;90;47m8[0;33;5;40;100m;[0;37;5;40;100m8[0;33;5;40;100m.[0;37;5;40;100m8[0;33;5;40;100m;[0;37;5;40;100m8[0;33;5;40;100m%  :[0;37;5;40;100m8[0;33;5;40;100m: [0;1;30;90;47m8[0;33;5;40;100m;[0;1;30;90;47m8[0;33;5;40;100m [0;1;30;90;47m8[0;37;5;40;100m8[0;33;5;40;100m.[0;1;30;90;47m8[0;37;5;40;100mX[0;33;5;40;100m [0;1;30;90;47m8[0;37;5;40;100mXS%[0;33;5;40;100m [0;37;5;40;100m@S%[0;33;5;40;100m [0;37;5;40;100mX[0;33;5;40;100m [0;1;30;90;47m8[0;33;5;40;100m;[0;37;5;40;100m%[0;33;5;40;100m [0;1;30;90;47m8[0;33;5;40;100mt.[0;37;5;40;100m@[0;33;5;40;100m.[0;1;30;90;47m8[0;33;5;40;100m:[0;1;30;90;47m8[0;33;5;40;100mS [0;1;30;90;47m8[0;33;5;40;100mt.  [0;37;5;40;100m@[0;33;5;40;100mt  [0;37;5;40;100m@[0;33;5;40;100mt . . .[0;1;30;90;47m8[0;33;5;40;100m; [0;37;5;40;100mS[0;33;5;40;100m.   [0;37;5;40;100mX[0;33;5;40;100m;.:.;t;;..t;... [0;37;5;40;100m%[0;33;5;40;100m [0;37;5;40;100mS[0;33;5;40;100m.[0m
[0;33;5;40;100m.:...:.:..[0;37;5;40;100m%[0;33;5;40;100m:.;..[0;37;5;40;100m@[0;33;5;40;100mt; ...[0;37;5;40;100mX[0;33;5;40;100m;.  [0;37;5;40;100mt[0;33;5;40;100m..: . :[0;37;5;40;100mX[0;33;5;40;100m;   . [0;37;5;40;100m8[0;33;5;40;100m: .[0;1;30;90;47m8[0;33;5;40;100m;.  [0;1;30;90;47m8[0;33;5;40;100mX. .[0;37;5;40;100mS[0;33;5;40;100m.. [0;37;5;40;100mS[0;33;5;40;100m [0;37;5;40;100mX[0;33;5;40;100mt [0;37;5;40;100mX[0;33;5;40;100m.[0;37;5;40;100mX[0;33;5;40;100m;.[0;1;30;90;47m8[0;33;5;40;100mt .[0;1;30;90;47m8[0;33;5;40;100m; [0;37;5;40;100m@[0;33;5;40;100mt .[0;1;30;90;47m8[0;33;5;40;100m: [0;37;5;40;100m@[0;33;5;40;100m [0;1;30;90;47m8[0;33;5;40;100m: [0;1;30;90;47m8[0;33;5;40;100m:[0;37;5;40;100m@[0;33;5;40;100m;[0;37;5;40;100mS[0;33;5;40;100m [0;1;30;90;47m8[0;33;5;40;100m;[0;37;5;40;100m@[0;33;5;40;100m..:[0;37;5;40;100mS[0;33;5;40;100m. [0;37;5;40;100mS[0;33;5;40;100m [0;37;5;40;100m@[0;33;5;40;100m;. .:;..:. :..:  [0;37;5;40;100m%[0;33;5;40;100m; . [0m
[0;33;5;40;100m  [0;37;5;40;100m@[0;33;5;40;100m: [0;37;5;40;100m@[0;33;5;40;100m; [0;37;5;40;100m@[0;33;5;40;100mt:. ..:;.   [0;37;5;40;100m@[0;33;5;40;100mt:  [0;37;5;40;100m@[0;33;5;40;100m; [0;37;5;40;100mS[0;33;5;40;100m [0;37;5;40;100mX[0;33;5;40;100m:[0;1;30;90;47m8[0;33;5;40;100m;[0;37;5;40;100mS[0;33;5;40;100m:[0;37;5;40;100mX[0;33;5;40;100m [0;1;30;90;47m8[0;33;5;40;100m:[0;37;5;40;100m8[0;33;5;40;100m. [0;1;30;90;47m8[0;33;5;40;100m.[0;37;5;40;100m8[0;33;5;40;100m%[0;37;5;40;100mX[0;33;5;40;100m [0;1;30;90;47m8[0;33;5;40;100m;.[0;37;5;40;100mSX[0;33;5;40;100m [0;1;30;90;47m8[0;33;5;40;100mt[0;1;30;90;47m8[0;33;5;40;100m.[0;1;30;90;47m8[0;33;5;40;100m;[0;37;5;40;100mX[0;33;5;40;100m;[0;37;5;40;100m%[0;33;5;40;100m. [0;37;5;40;100mX[0;33;5;40;100m;[0;37;5;40;100mS[0;33;5;40;100m;; [0;37;5;40;100mS[0;33;5;40;100m;; ..[0;37;5;40;100mX[0;33;5;40;100m:::[0;37;5;40;100mS[0;33;5;40;100m:..:[0;37;5;40;100mX[0;33;5;40;100m;:.. ::; .[0;1;30;90;47m8[0;33;5;40;100mt...:      [0;1;30;90;47m8[0;33;5;40;100m%..:... .:...   [0;37;5;40;100mX[0;33;5;40;100m.[0m
[0;33;5;40;100m  .[0;37;5;40;100m8[0;33;5;40;100m;: .:           .: [0;37;5;40;100mS[0;33;5;40;100m.[0;37;5;40;100mX[0;33;5;40;100m;[0;37;5;40;100m%[0;33;5;40;100m [0;37;5;40;100mS[0;33;5;40;100m:...[0;37;5;40;100mS[0;33;5;40;100m:[0;37;5;40;100mS[0;33;5;40;100m: .[0;37;5;40;100m@[0;33;5;40;100mt[0;37;5;40;100m@[0;33;5;40;100m::.:  .:[0;37;5;40;100mX[0;33;5;40;100m:...:.:.: :  [0;37;5;40;100mX[0;33;5;40;100mt:::  :.:.. .;. .: ::::[0;37;5;40;100m%[0;33;5;40;100m:. [0;37;5;40;100mX[0;33;5;40;100m;  [0;37;5;40;100mS[0;33;5;40;100mt;  [0;1;30;90;47m8[0;33;5;40;100mt  [0;1;30;90;47m8[0;1;30;90;43m8[0;37;5;40;100mt[0;33;5;40;100m :t....   .:..;: [0;1;30;90;47m8[0;1;30;90;43m8[0;37;5;40;100m;[0;33;5;40;100m [0m
[0;33;5;40;100m .::..... :.:::...::. ;;;t.:;t. .:;::;:;;;t: :;..::;: .  ..   .:.:.. . [0;37;5;40;100m%[0;33;5;40;100m;: [0;37;5;40;100m%[0;33;5;40;100m:.[0;1;30;90;47m8[0;33;5;40;100m%.  [0;37;5;40;100mX[0;33;5;40;100m;[0;37;5;40;100mS[0;33;5;40;100m:  .  [0;1;30;90;43m8[0;37;5;40;100mt[0;33;5;40;100m [0;1;30;90;47m8[0;33;5;40;100m%.[0;37;5;40;100m%[0;33;5;40;100m.[0;37;5;40;100mS[0;33;5;40;100m;:[0;37;5;40;100mt[0;33;5;40;100m.[0;1;30;90;43m8[0;37;5;40;100mt[0;35;5;40;100m [0;37;5;40;100m%[0;33;5;40;100m.[0;1;30;90;47m8[0;33;5;40;100mt.:..:.[0;1;30;90;43m8[0;37;5;40;100mt[0;33;5;40;100m..:::;.[0;37;5;40;100mt[0;33;5;40;100m  [0m
[0;33;5;40;100m    :[0;37;5;40;100m%[0;33;5;40;100m: .;. .:.: :t.:;:.:[0;35;5;40;100m:[0;33;5;40;100m:;[0;35;5;40;100m.[0;33;5;40;100m..;::t[0;35;5;40;100mS[0;33;5;40;100mS[0;35;5;40;100m.[0;33;5;40;100m;::[0;35;5;40;100m:[0;33;5;40;100m;.. ..;:    . [0;1;30;90;47m8[0;33;5;40;100mt [0;37;5;40;100mS[0;33;5;40;100m:[0;1;30;90;47m8[0;33;5;40;100m% [0;1;30;90;47m8[0;33;5;40;100m; [0;1;30;90;47m8[0;33;5;40;100m;[0;37;5;40;100mt[0;33;5;40;100m:.[0;1;30;90;47m8[0;33;5;40;100m: [0;1;30;90;47m8[0;33;5;40;100m;.:[0;37;5;40;100mt[0;33;5;40;100m.[0;37;5;40;100mS[0;1;30;90;43m8[0;37;5;40;100mt[0;33;5;40;100m .[0;1;30;90;47m8[0;1;30;90;43m8[0;1;30;90;47m8[0;33;5;40;100m:[0;1;30;90;47m8[0;33;5;40;100m:[0;37;5;40;100mt[0;33;5;40;100m .;  . .[0;1;30;90;47m8[0;33;5;40;100m% [0;1;30;90;47m8[0;35;5;40;100m [0;33;5;40;100m [0;37;5;40;100mt[0;33;5;40;100m;:t..  ..[0;37;5;40;100m%[0;35;5;40;100m [0;37;5;40;100m;[0;33;5;40;100m..:.  : [0;1;30;90;47m8[0;33;5;40;100m:[0m
[0;33;5;40;100m:  [0;37;5;40;100m@[0;33;5;40;100mt:....:... .  . .....:.    [0;37;5;40;100mt[0;33;5;40;100m. .;[0;35;5;40;100m.[0;33;5;40;100m:  ..  .  [0;37;5;40;100mS[0;33;5;40;100m. [0;37;5;40;100mS[0;33;5;40;100m.[0;37;5;40;100mS[0;33;5;40;100m; :; [0;37;5;40;100mS[0;33;5;40;100m; ;  ;[0;37;5;40;100m;[0;33;5;40;100m..[0;37;5;40;100m%[0;33;5;40;100m.[0;1;30;90;47m8[0;33;5;40;100m;:[0;1;30;90;47m8[0;33;5;40;100mt.[0;1;30;90;47m8[0;33;5;40;100m:[0;1;30;90;47m8[0;33;5;40;100m;[0;37;5;40;100m%[0;33;5;40;100m [0;1;30;90;47m8[0;33;5;40;100m:[0;1;30;90;47m8[0;33;5;40;100m; [0;37;5;40;100m%[0;33;5;40;100m  :[0;1;30;90;47m8[0;33;5;40;100m:[0;1;30;90;47m8[0;33;5;40;100m.[0;1;30;90;47m8[0;33;5;40;100m.[0;1;30;90;47m8[0;33;5;40;100m:[0;1;30;90;47m8[0;33;5;40;100mt.[0;37;5;40;100mt[0;33;5;40;100m:.[0;37;5;40;100m%[0;33;5;40;100m [0;1;30;90;47m8[0;33;5;40;100m;[0;37;5;40;100mt[0;33;5;40;100m  [0;37;5;40;100mt[0;33;5;40;100m:;::::::::.:: ;t.[0m
[0;33;5;40;100m   .[0;37;5;40;100mS[0;33;5;40;100m.[0;37;5;40;100mS[0;33;5;40;100m [0;37;5;40;100mS[0;33;5;40;100m.[0;37;5;40;100mS[0;33;5;40;100m.[0;37;5;40;100m%[0;33;5;40;100m [0;37;5;40;100mS[0;33;5;40;100m.[0;37;5;40;100mS[0;33;5;40;100m:[0;1;30;90;47m8[0;33;5;40;100m;[0;37;5;40;100mt[0;33;5;40;100m [0;37;5;40;100m%[0;33;5;40;100m [0;37;5;40;100mt[0;33;5;40;100m  [0;37;5;40;100mt%[0;33;5;40;100m [0;1;30;90;47m8[0;33;5;40;100mt[0;37;5;40;100mtt[0;33;5;40;100m   [0;37;5;40;100mS[0;33;5;40;100m [0;37;5;40;100m%[0;33;5;40;100m [0;37;5;40;100mS[0;33;5;40;100m [0;37;5;40;100mX[0;33;5;40;100m [0;1;30;90;47m8[0;33;5;40;100m.[0;37;5;40;100mS[0;33;5;40;100m [0;1;30;90;47m8[0;33;5;40;100m;[0;37;5;40;100m%[0;33;5;40;100m.[0;37;5;40;100mS[0;33;5;40;100m [0;1;30;90;47m8[0;33;5;40;100m;  [0;37;5;40;100mS[0;33;5;40;100m. [0;1;30;90;47m8[0;33;5;40;100m; [0;37;5;40;100mt[0;33;5;40;100m [0;1;30;90;47m8[0;33;5;40;100mt.: .: :t:t ::;t%[0;35;5;40;100m;[0;33;5;40;100mt;;;%[0;31;5;40;100mX[0;33;5;40;100mS[0;31;5;40;100mX[0;33;5;40;100mS%tX[0;31;5;40;100mS[0;33;5;40;100mXt%[0;31;5;40;100mS[0;33;5;40;100m%XS[0;31;5;40;100mS[0;33;5;40;100mX[0;31;5;40;100mX[0;33;5;40;100m::t%::::.....::..::[0;35;5;40;100m;[0;33;5;40;100mt[0m
[0;33;5;40;100m [0;37;5;40;100m8[0;33;5;40;100m [0;37;5;40;100m@[0;33;5;40;100m:[0;37;5;40;100mS[0;33;5;40;100m; . :...:;;:%[0;35;5;40;100m;[0;33;5;40;100mt;;:;::tt%S[0;35;5;40;100mt[0;33;5;40;100m%;.::;;:::;tt%:ttStt;ttS[0;35;5;40;100mt[0;33;5;40;100m%tt;tS[0;35;5;40;100mt[0;33;5;40;100m%t%%[0;35;5;40;100mt[0;33;5;40;100m%t:;:;;t[0;35;5;40;100mt[0;33;5;40;100mS;;t[0;35;5;40;100m%[0;33;5;40;100mS[0;35;5;40;100mt[0;33;5;40;100mSt[0;35;5;40;100mt[0;33;5;40;100mX[0;35;5;40;100m;[0;33;5;40;100m%t[0;35;5;40;100mt[0;33;5;40;100mS[0;35;5;40;100mt[0;33;5;40;100mS[0;31;5;40;100mX[0;33;5;40;100m%[0;31;5;40;100mSSS[0;33;5;40;100mt%[0;35;5;40;100m@[0;33;5;40;100m@[0;35;5;40;100mX[0;33;5;40;100m@[0;35;5;40;100mS[0;33;5;40;100m8[0;35;5;40;100mt[0;33;5;40;100mt[0;35;5;40;100m%[0;33;5;40;100m%[0;35;5;40;100m:[0;33;5;40;100mt[0;35;5;40;100m:[0;33;5;40;100m;...::;[0;35;5;40;100m:[0;33;5;40;100m:..::[0;35;5;40;100m:[0m
