[0;1;37;97;47m8[0;37;5;47;107m8[0;1;37;97;47m8[0;37;5;47;107m8[0;1;37;97;47m@[0;37;5;47;107m888[0;1;37;97;47mX[0;37;5;47;107m888[0;1;37;97;47mX[0;37;5;47;107m8[0;1;37;97;47mS[0;37;5;47;107m8[0;1;37;97;47m%XSX[0;37;5;47;107m8[0;1;37;97;47m%XSSXSSXXXXXXX[0;37;5;47;107m8[0;1;37;97;47mS[0;37;5;47;107m8888888888888@@XSSSSSS%SSS%%%%tttt;;;;;;;;;ttt%;;;;;t%%t%%%%SSSS%SSXX@@888888888[0;1;37;97;47mX@[0;37;5;47;107m8[0;1;37;97;47mX@[0;37;5;47;107m8[0;1;37;97;47mS[0;37;5;47;107m88[0;1;37;97;47m@[0;37;5;47;107m88[0;1;37;97;47m@[0m
[0;1;37;97;47m888[0;37;5;47;107m8[0;1;37;97;47m@[0;37;5;47;107m8[0;1;37;97;47mS[0;37;5;47;107m888[0;1;37;97;47mX[0;37;5;47;107m8[0;1;37;97;47mXX[0;37;5;47;107m8[0;1;37;97;47mtXXX%%SSSSXSSSSSSX[0;37;5;47;107m8[0;1;37;97;47m%[0;37;5;47;107m8[0;1;37;97;47mX[0;37;5;47;107m88888[0;1;37;97;47mX[0;37;5;47;107m888888@@XXSSSSSS%S%%S%%tt;;;t;;;;;t;t;;;;;;tttttt;;;t%%S%%%X@X@@88888888888[0;1;37;97;47m@@[0;37;5;47;107m8[0;1;37;97;47mX@[0;37;5;47;107m8[0;1;37;97;47mX[0;37;5;47;107m8[0;1;37;97;47m@[0;37;5;47;107m8[0;1;37;97;47m@[0;37;5;47;107m8[0m
[0;1;37;97;47m88@@[0;37;5;47;107m8[0;1;37;97;47mS[0;37;5;47;107m8[0;1;37;97;47mS[0;37;5;47;107m8[0;1;37;97;47mS[0;37;5;47;107m8[0;1;37;97;47mX[0;37;5;47;107m8[0;1;37;97;47mSSXXSSSSSSSSSSSSSSS%%SS[0;37;5;47;107m8[0;1;37;97;47mS[0;37;5;47;107m8[0;1;37;97;47mS[0;37;5;47;107m8888[0;1;37;97;47mX[0;37;5;47;107m888@XXXXXXSSSS%%S%S%%tt;tttttt;;t%%t;;;tttttttt;;t;tSSSSX@XXX@@88888888888[0;1;37;97;47m@@[0;37;5;47;107m8[0;1;37;97;47mS@[0;37;5;47;107m8[0;1;37;97;47m@[0;37;5;47;107m888[0;1;37;97;47mX[0m
[0;1;37;97;47m@@@XX[0;37;5;47;107m8[0;1;37;97;47mS[0;37;5;47;107m8[0;1;37;97;47m%[0;37;5;47;107m8[0;1;37;97;47m%XSXSXSXSSSSXXSSSSSSSXX[0;37;5;47;107m8[0;1;37;97;47m%[0;37;5;47;107m8888888888888@@@XXXSSSSSS%%%t%%t%t;;ttt%t%%%%%%t%%%%%SS%%%%t%SX@@@XXXXXXX888888888888[0;1;37;97;47m@X[0;37;5;47;107m8[0;1;37;97;47m@[0;37;5;47;107m888[0;1;37;97;47mX[0;37;5;47;107m8[0;1;37;97;47mX[0m
[0;1;37;97;47mXX@XXSSSSSXXXSX%SSSSSSS[0;37;5;47;107m8[0;1;37;97;47m%SXSS[0;37;5;47;107m8[0;1;37;97;47m%[0;37;5;47;107m8[0;1;37;97;47m%[0;37;5;47;107m8[0;1;37;97;47mS[0;37;5;47;107m8[0;1;37;97;47m%[0;37;5;47;107m888888888@8@@X@XXXSSS%%%tttt%%%%t;;tttttttttt%SS%SS%S%%SXXX@@@@XXXXSSXXX888888888[0;1;37;97;47mX[0;37;5;47;107m8[0;1;37;97;47mX[0;37;5;47;107m8[0;1;37;97;47mX[0;37;5;47;107m8[0;1;37;97;47mX@@@X@[0m
[0;1;37;97;47mSXSXSSSSSSSSSSSS%S%SSX%S[0;37;5;47;107m8[0;1;37;97;47m%[0;37;5;47;107m8[0;1;37;97;47m%SS[0;37;5;47;107m8[0;1;37;97;47m%[0;37;5;47;107m888[0;1;37;97;47mS[0;37;5;47;107m8888888888@@@X@X@XSXSS%%%t;ttt%%t;ttt%tt;tttt%SSSSSSSSSSXXXX@XXXXXSSXXX@888888888[0;1;37;97;47mX[0;37;5;47;107m8[0;1;37;97;47mX[0;37;5;47;107m8[0;1;37;97;47mX[0;37;5;47;107m8[0;1;37;97;47m@[0;37;5;47;107m88[0;1;37;97;47mXX@X[0m
[0;1;37;97;47mS%SSS%S%S%%%S%%%%%%SSSSS%SS[0;37;5;47;107m8[0;1;37;97;47mS[0;37;5;47;107m8[0;1;37;97;47mS[0;37;5;47;107m88[0;1;37;97;47m%[0;37;5;47;107m888[0;1;37;97;47mS[0;37;5;47;107m8888888888@@@XXXSS%%%tt;tt%tttt%tt%SSt%;;;tt%SSSXXXXXXXXX@XX@XXSXXXX@@88888@8888[0;1;37;97;47m@[0;37;5;47;107m8[0;1;37;97;47m@[0;37;5;47;107m8[0;1;37;97;47m@[0;37;5;47;107m8[0;1;37;97;47mX@[0;37;5;47;107m8[0;1;37;97;47mX@@[0m
[0;1;37;97;47mSSS%%%t%tttttttttt%t%%%SSSSS[0;37;5;47;107m8[0;1;37;97;47m%[0;37;5;47;107m8888888888888888888@XXSSS%%tt;;tttt;;t%%%%S%%SX%%%%%SXXXXXX@@@@@@@@@X@@@@@@@8@@88@8888888[0;1;37;97;47m@[0;37;5;47;107m8[0;1;37;97;47m@[0;37;5;47;107m8[0;1;37;97;47mX[0;37;5;47;107m8[0;1;37;97;47m@@[0;37;5;47;107m8[0;1;37;97;47m@[0;37;5;47;107m8[0m
[0;1;37;97;47mSSSS%%tttt;;;;;;ttttt%%%%S[0;37;5;47;107m8[0;1;37;97;47m;[0;37;5;47;107m88[0;1;37;97;47m%[0;37;5;47;107m888888888[0;1;37;97;47mX[0;37;5;47;107m888888888@XXSSS%tttttt;;:;;%SSSSXSSSS%SSSXX@@@@8@@8@@888888@@8@8888888888888[0;1;37;97;47m@[0;37;5;47;107m88[0;1;37;97;47mX[0;37;5;47;107m8[0;1;37;97;47m@[0;37;5;47;107m88[0;1;37;97;47m@[0;37;5;47;107m8[0;1;37;97;47mX[0;37;5;47;107m8[0;1;37;97;47mX[0m
[0;1;37;97;47m%%%ttt;;;;;;;;;t;ttt%%%%%%%S%[0;37;5;47;107m88888[0;1;37;97;47mS[0;37;5;47;107m8888888[0;1;37;97;47mS[0;37;5;47;107m8[0;1;37;97;47mX[0;37;5;47;107m888888XXSSS%%tttttt:;;;SXXX%%S%S%SSSSSXX@@8@888@88888888888888888888888[0;1;37;97;47m@[0;37;5;47;107m8[0;1;37;97;47mX[0;37;5;47;107m8[0;1;37;97;47m@[0;37;5;47;107m8[0;1;37;97;47m@@[0;37;5;47;107m8[0;1;37;97;47m@@[0;37;5;47;107m8[0;1;37;97;47mX8[0m
[0;1;37;97;47m%%%S%ttt;;;:;;;;;;;ttt%%%%[0;37;5;47;107m8[0;1;37;97;47m%[0;37;5;47;107m8[0;1;37;97;47m%[0;37;5;47;107m8[0;1;37;97;47m%[0;37;5;47;107m88888[0;1;37;97;47mS[0;37;5;47;107m88[0;1;37;97;47mS[0;37;5;47;107m8888[0;1;37;97;47mSX[0;37;5;47;107m8[0;1;37;97;47mX[0;37;5;47;107m88@XXSSS%t%%tt;;;;t%%%%%%%S%%%SSXSXXX@@@8@@8888888888888888[0;1;37;97;47mX[0;37;5;47;107m8[0;1;37;97;47mX[0;37;5;47;107m8[0;1;37;97;47mX[0;37;5;47;107m8[0;1;37;97;47mX[0;37;5;47;107m88[0;1;37;97;47m@[0;37;5;47;107m8[0;1;37;97;47mX[0;37;5;47;107m8[0;1;37;97;47mX[0;37;5;47;107m8[0;1;37;97;47m@@[0;37;5;47;107m8[0;1;37;97;47mX@8@[0m
[0;1;37;97;47mt%%SSSt%S[0;37;5;47;107m8[0;1;37;97;47mt%%%tt;t;tt%%SS%S[0;37;5;47;107m8[0;1;37;97;47m%[0;37;5;47;107m888[0;1;37;97;47m%[0;37;5;47;107m88[0;1;37;97;47mS[0;37;5;47;107m888888[0;1;37;97;47mS[0;37;5;47;107m8[0;1;37;97;47mS[0;37;5;47;107m8[0;1;37;97;47mX[0;37;5;47;107m8[0;1;37;97;47mX[0;37;5;47;107m8888@XXS%%%%%tttttt%S%S%%S%SSSSSSX@@@X@X@@8888888[0;1;37;97;47mX[0;37;5;47;107m88[0;1;37;97;47mX[0;37;5;47;107m8[0;1;37;97;47mX[0;37;5;47;107m8[0;1;37;97;47mX[0;37;5;47;107m8888888[0;1;37;97;47mX[0;37;5;47;107m8[0;1;37;97;47mX[0;37;5;47;107m8[0;1;37;97;47m@[0;37;5;47;107m8[0;1;37;97;47mX@[0;37;5;47;107m8[0;1;37;97;47mX@@X@@@@[0m
[0;1;37;97;47m;tt%%%%S[0;37;5;47;107m8[0;1;37;97;47mS[0;37;5;47;107m88[0;1;37;97;47m%S%%tS[0;37;5;47;107m8[0;1;37;97;47m%[0;37;5;47;107m8[0;1;37;97;47mt[0;37;5;47;107m8[0;1;37;97;47mt[0;37;5;47;107m8[0;1;37;97;47mS[0;37;5;47;107m8[0;1;37;97;47mt[0;37;5;47;107m88[0;1;37;97;47m;[0;37;5;47;107m88888888888888[0;1;37;97;47mX[0;37;5;47;107m8[0;1;37;97;47mS[0;37;5;47;107m8[0;1;37;97;47mS[0;37;5;47;107m88888@SSS%SSS%S%%SSSS%S%%SSSXXX@@88@@@@8888888[0;1;37;97;47mS[0;37;5;47;107m88[0;1;37;97;47m%[0;37;5;47;107m8[0;1;37;97;47mS[0;37;5;47;107m8888[0;1;37;97;47mX[0;37;5;47;107m888888888[0;1;37;97;47m@[0;37;5;47;107m8[0;1;37;97;47m@[0;37;5;47;107m8[0;1;37;97;47m@@[0;37;5;47;107m8[0;1;37;97;47m@@@@@@X[0m
[0;1;37;97;47mttt%SSSS[0;37;5;47;107m88[0;1;37;97;47m%[0;37;5;47;107m88[0;1;37;97;47mS[0;37;5;47;107m8[0;1;37;97;47m%[0;37;5;47;107m8[0;1;37;97;47mt[0;37;5;47;107m8[0;1;37;97;47mS[0;37;5;47;107m8[0;1;37;97;47mS[0;37;5;47;107m88[0;1;37;97;47mt[0;37;5;47;107m8[0;1;37;97;47m%[0;37;5;47;107m8[0;1;37;97;47m%[0;37;5;47;107m88[0;1;37;97;47m%[0;37;5;47;107m8[0;1;37;97;47mS[0;37;5;47;107m88888888888888[0;1;37;97;47mS[0;37;5;47;107m88888888@XXXXXXSSSXXSSS%%t%SXX@@8888888888888[0;1;37;97;47mS[0;37;5;47;107m88[0;1;37;97;47mS[0;37;5;47;107m8[0;1;37;97;47mS[0;37;5;47;107m88[0;1;37;97;47mS[0;37;5;47;107m8888[0;1;37;97;47mX[0;37;5;47;107m8[0;1;37;97;47m@[0;37;5;47;107m8[0;1;37;97;47mX[0;37;5;47;107m8[0;1;37;97;47mX[0;37;5;47;107m8[0;1;37;97;47mX[0;37;5;47;107m8[0;1;37;97;47mX[0;37;5;47;107m8[0;1;37;97;47mX8XX@@@XXXX[0m
[0;1;37;97;47mttt%%SS[0;37;5;47;107m8[0;1;37;97;47m;[0;37;5;47;107m8[0;1;37;97;47m%[0;37;5;47;107m8[0;1;37;97;47mt[0;37;5;47;107m8[0;1;37;97;47m%[0;37;5;47;107m88888888888888[0;1;37;97;47m%[0;37;5;47;107m8888[0;1;37;97;47m%[0;37;5;47;107m8[0;1;37;97;47mS[0;37;5;47;107m88888888888888888888@@@@@88@@X@XX%%SXXXX@8888888888888[0;1;37;97;47mX[0;37;5;47;107m8[0;1;37;97;47mS[0;37;5;47;107m8[0;1;37;97;47mS[0;37;5;47;107m8[0;1;37;97;47mS[0;37;5;47;107m88[0;1;37;97;47mX[0;37;5;47;107m888[0;1;37;97;47mS[0;37;5;47;107m88[0;1;37;97;47m@[0;37;5;47;107m8[0;1;37;97;47mX[0;37;5;47;107m8[0;1;37;97;47m@[0;37;5;47;107m8[0;1;37;97;47mXX@XXXXXXXSXSSSt[0;1;30;90;47m8[0m
[0;1;37;97;47mttttt%%t[0;37;5;47;107m8[0;1;37;97;47m;[0;37;5;47;107m8[0;1;37;97;47m;[0;37;5;47;107m8[0;1;37;97;47m%[0;37;5;47;107m8[0;1;37;97;47mt[0;37;5;47;107m8[0;1;37;97;47mt[0;37;5;47;107m8[0;1;37;97;47m%[0;37;5;47;107m888[0;1;37;97;47mS[0;37;5;47;107m888[0;1;37;97;47m%[0;37;5;47;107m888[0;1;37;97;47mt[0;37;5;47;107m88888[0;1;37;97;47mS[0;37;5;47;107m8[0;1;37;97;47mS[0;37;5;47;107m888@@88888888888888@@8888888@@XX@@@8888[0;1;37;97;47mX[0;37;5;47;107m88888888888[0;1;37;97;47mX[0;37;5;47;107m88[0;1;37;97;47mX[0;37;5;47;107m8[0;1;37;97;47mS[0;37;5;47;107m88888[0;1;37;97;47mS[0;37;5;47;107m88[0;1;37;97;47mS[0;37;5;47;107m8[0;1;37;97;47mX[0;37;5;47;107m8[0;1;37;97;47mX[0;37;5;47;107m8[0;1;37;97;47mSX[0;37;5;47;107m8[0;1;37;97;47mSXXXSSXXXXXXS%t[0;1;30;90;47m8[0m
[0;1;37;97;47mttt%%%S%t%t[0;37;5;47;107m8[0;1;37;97;47m;[0;37;5;47;107m8[0;1;37;97;47mt[0;37;5;47;107m8[0;1;37;97;47m;[0;37;5;47;107m8[0;1;37;97;47mt[0;37;5;47;107m8[0;1;37;97;47m%[0;37;5;47;107m8[0;1;37;97;47m%[0;37;5;47;107m88[0;1;37;97;47m%[0;37;5;47;107m8888888[0;1;37;97;47m%[0;37;5;47;107m888888888@888888888888@@888888888888888888[0;1;37;97;47m@[0;37;5;47;107m8[0;1;37;97;47mS[0;37;5;47;107m8[0;1;37;97;47m%[0;37;5;47;107m8888888[0;1;37;97;47mS[0;37;5;47;107m8[0;1;37;97;47m%[0;37;5;47;107m8[0;1;37;97;47m%[0;37;5;47;107m8[0;1;37;97;47mS[0;37;5;47;107m8[0;1;37;97;47mX[0;37;5;47;107m8[0;1;37;97;47mS[0;37;5;47;107m8[0;1;37;97;47mS[0;37;5;47;107m8[0;1;37;97;47mS;%%ttt:[0;1;30;90;47mt[0;1;37;97;47m [0;1;30;90;47m%%t[0;1;37;97;47m .... [0;1;30;90;47mXXSX@S[0;1;37;97;47m [0;1;30;90;47m;8[0m
[0;1;37;97;47m;;tt%%%tt[0;37;5;47;107m8[0;1;37;97;47m;%[0;37;5;47;107m8[0;1;37;97;47m.;:[0;37;5;47;107m8[0;1;37;97;47m;[0;37;5;47;107m8[0;1;37;97;47mt%.;[0;37;5;47;107m8[0;1;37;97;47m%[0;37;5;47;107m88[0;1;37;97;47m;[0;37;5;47;107m8[0;1;37;97;47mt[0;37;5;47;107m8888888888888@8888888888@@@@X@@@88[0;1;37;97;47mX[0;37;5;47;107m8[0;1;37;97;47mX[0;37;5;47;107m88[0;1;37;97;47mX[0;37;5;47;107m8[0;1;37;97;47mSXXXSXS[0;37;5;47;107m8[0;1;37;97;47mS[0;37;5;47;107m8[0;1;37;97;47mSSSSSSX[0;37;5;47;107m8[0;1;37;97;47m%[0;37;5;47;107m8[0;1;37;97;47m%[0;37;5;47;107m8[0;1;37;97;47m%[0;37;5;47;107m88[0;1;30;90;47m%[0;35;5;40;100m;.::[0;37;5;40;100m%[0;1;30;90;47mS8@@@@@8@8@@@88888888888888@[0m
[0;33;5;40;100m  [0;37;5;40;100mX[0;1;30;90;47m%XX8[0;35;5;40;100m;:[0;37;5;40;100m@[0;1;30;90;47m@88[0;35;5;40;100m  :[0;37;5;40;100m8@@[0;1;30;90;47m8[0;35;5;40;100m :;[0;1;30;90;47m8[0;1;37;97;47m :[0;37;5;47;107m8[0;1;37;97;47m%[0;37;5;47;107m888888888888888XX@888888@88888@@8888[0;1;37;97;47mX[0;37;5;47;107m8[0;1;37;97;47mS[0;37;5;47;107m8[0;1;37;97;47m%XS[0;37;5;47;107m8[0;1;37;97;47mS[0;37;5;47;107m8[0;1;37;97;47mX[0;37;5;47;107m8[0;1;37;97;47m%S%SSXXSSXXSSSS[0;37;5;47;107m8[0;1;37;97;47mt[0;37;5;47;107m8[0;1;37;97;47m%S[0;1;30;90;47m8[0;35;5;40;100m:[0;36;5;40;100m .[0;35;5;40;100m;[0;36;5;40;100m [0;1;37;97;47m [0;1;30;90;47m8[0;34;5;40;100m8@[0;30;5;40;100mX[0;34;5;40;100m@[0;30;5;40;100mX[0;34;5;40;100m@[0;30;5;40;100m8[0;34;5;40;100m8[0;30;5;40;100m888[0;34;40m8[0;30;5;40;100m8[0;1;30;90;40m88[0;30;5;40;100m8[0;1;30;90;40m@@@[0;30;5;40;100m8[0;1;30;90;40m@[0;34;40mS[0;30;5;40;100m8[0;1;30;90;40m88[0;36;5;40;100m [0m
[0;33;5;40;100mt;t[0;35;5;40;100mt[0;33;5;40;100m;[0;35;5;40;100mt[0;33;5;40;100m;.:[0;35;5;40;100m;[0;33;5;40;100m:[0;35;5;40;100m%[0;33;5;40;100m.[0;35;5;40;100m  ;[0;31;5;40;100mX[0;35;5;40;100mt[0;31;5;40;100mS[0;35;5;40;100m%[0;33;5;40;100m.;.[0;37;5;40;100mSX88[0;35;5;40;100mS[0;34;5;40;100m8[0;34;40m8[0;34;5;40;100mX[0;36;5;40;100m:[0;1;30;90;47m88[0;1;37;97;47m:[0;37;5;47;107m8[0;1;37;97;47m  :t[0;37;5;47;107m88@XSX@88888888888888[0;1;37;97;47mSX[0;37;5;47;107m8[0;1;37;97;47mXX[0;37;5;47;107m8[0;1;37;97;47m%[0;37;5;47;107m8[0;1;37;97;47mSSSSSSSXSSSXXSSSSSSSS%%%%[0;37;5;47;107m8[0;1;37;97;47m;[0;1;30;90;47mS[0;1;37;97;47m%[0;37;5;47;107m8[0;1;37;97;47m [0;36;5;40;100m [0;37;5;40;100mS[0;1;30;90;47mS8[0;33;5;40;100m .  [0;37;5;40;100mX[0;33;5;40;100m   [0;37;5;40;100m8S[0;35;5;40;100m [0;37;5;40;100m@[0;35;5;40;100m [0;37;5;40;100mX[0;35;5;40;100m [0;37;5;40;100m8XSSS@@X@@[0;1;30;90;47m8[0m
[0;33;5;40;100m;;;%St:;;t;t:;S[0;31;5;40;100mX[0;30;5;40;100mX[0;33;5;40;100mX[0;30;5;40;100mS[0;33;5;40;100mX;; [0;1;30;90;47m8[0;33;5;40;100m.[0;37;5;40;100m@[0;33;5;40;100m;[0;31;5;40;100m@[0;1;30;90;40m8[0;30;5;40;100mX[0;33;5;40;100mt[0;36;5;40;100m%S[0;34;5;40;100mS[0;37;5;40;100mt[0;1;30;90;47m888[0;37;5;40;100mS[0;1;30;90;47m8[0;1;37;97;47m:S [0;1;30;90;47mX8[0;1;37;97;47mX[0;37;5;47;107m@8888[0;1;37;97;47mX;[0;37;5;47;107m8[0;1;37;97;47m@[0;37;5;47;107m88[0;1;37;97;47m@[0;37;5;47;107m8[0;1;37;97;47mXX[0;37;5;47;107m88[0;1;37;97;47mX[0;37;5;47;107m8[0;1;37;97;47mS[0;37;5;47;107m8[0;1;37;97;47mSX[0;37;5;47;107m8[0;1;37;97;47mSXX%SSS[0;37;5;47;107m8[0;1;37;97;47m%X%S%tttttt;;;;::;[0;1;30;90;47m@[0;1;37;97;47m  [0;1;30;90;47mS[0;37;5;40;100m%[0;36;5;40;100m [0;1;30;90;47m;SX@X@@XXX88@88888[0;37;5;40;100m8[0;1;30;90;47m8[0;37;5;40;100m8[0;1;30;90;47m8[0;37;5;40;100m88888[0;1;30;90;47m8[0m
[0;33;5;40;100m%[0;31;5;40;100m@[0;30;5;40;100m8[0;31;5;40;100m8[0;1;30;90;40m8[0;33;5;40;100m@[0;30;5;40;100m8[0;31;5;40;100m8[0;33;5;40;100m@%t;.:[0;31;5;40;100mX[0;30;5;40;100m8[0;1;30;90;40m8[0;31;5;40;100mX[0;30;5;40;100m8[0;33;5;40;100mS[0;31;5;40;100mX[0;33;5;40;100m%[0;37;5;40;100m@[0;33;47m8[0;33;5;40;100m:[0;1;30;90;43m8[0;33;5;40;100m [0;30;5;40;100m8[0;1;30;90;40m88[0;35;5;40;100m;[0;36;5;40;100m;;[0;34;5;40;100mX[0;35;5;40;100m:  %:t[0;37;5;40;100mX[0;1;30;90;47m%8[0;35;5;40;100mt [0;1;37;97;47m. [0;1;30;90;47mX888[0;35;5;40;100m [0;1;30;90;47m8[0;1;37;97;47m:  [0;1;30;90;47m%;[0;1;37;97;47m.;[0;1;30;90;47m::.S;[0;1;37;97;47m.[0;1;30;90;47m8%[0;1;37;97;47m [0;1;30;90;47m8@[0;1;37;97;47m ; [0;37;5;40;100m8[0;1;30;90;47m8[0;35;5;40;100m S:[0;1;37;97;47m ;;;;;;;.:.. ...:[0;1;30;90;47m@8[0;35;5;40;100mS[0;34;5;40;100m8[0;36;5;40;100mt[0;35;5;40;100m [0;1;30;90;47mtS[0;35;5;40;100m [0;37;5;40;100mX[0;33;5;40;100m:[0;31;5;40;100mS[0;36;5;40;100mS[0;31;5;40;100m@[0;32;5;40;100mS[0;31;5;40;100mS[0;34;5;40;100mS[0;33;5;40;100mS[0;34;5;40;100m@[0;33;5;40;100mX[0;34;5;40;100mS[0;33;5;40;100m%[0;34;5;40;100m@[0;30;5;40;100mXS[0;34;5;40;100mS[0;30;5;40;100mSS[0;36;5;40;100m;[0;30;5;40;100mX[0;33;5;40;100mt[0;34;5;40;100mX[0;33;5;40;100mX[0;36;5;40;100m;[0m
[0;31;5;40;100mS[0;1;30;90;40m8[0;33;5;40;100m8[0;1;30;90;40m8[0;30;5;40;100m8[0;31;40m@[0;1;30;90;40m88[0;33;5;40;100m8[0;30;5;40;100m8[0;31;5;40;100mS[0;33;5;40;100m8[0;31;5;40;100m@X[0;32;40mX[0;31;40m@[0;32;40m@[0;1;30;90;40m8[0;30;5;40;100m@[0;31;5;40;100mX[0;33;5;40;100mXS.[0;33;47m8[0;31;5;40;100mX@[0;30;5;40;100m8[0;31;40m8[0;32;5;40;100mS[0;31;40m8[0;36;5;40;100m%[0;35;5;40;100mt[0;30;5;40;100m88@[0;31;5;40;100mX[0;30;5;40;100m@88888[0;1;30;90;40m88[0;30;5;40;100m8[0;1;30;90;40m8[0;30;5;40;100m@[0;31;5;40;100mXS[0;1;30;90;40m8[0;30;5;40;100m8@8@888888[0;1;30;90;40m888[0;30;5;40;100m88[0;1;30;90;40m88[0;30;5;40;100m8[0;1;30;90;40m8[0;30;5;40;100m88@[0;35;5;40;100mS[0;30;5;40;100m88@[0;1;30;90;40m8[0;34;40m%[0;30;5;40;100m8[0;1;37;97;47m [0;35;5;40;100m [0;37;5;40;100mS[0;1;37;97;47m%%;..:.. .    [0;1;30;90;47m8[0;34;5;40;100m8[0;30;5;40;100m@[0;1;30;90;40m8[0;35;5;40;100m. [0;1;30;90;47m;t;%SXXXXS@@XXX@SSS@888@8[0;37;5;40;100m88X[0m
[0;1;30;90;40m8[0;30;5;40;100m@@[0;31;40m@[0;32;40m8[0;30;5;40;100mX[0;31;40m@[0;1;30;90;40m8[0;30;5;40;100m8[0;31;5;40;100m8[0;1;30;90;40m888[0;30;5;40;100mXX[0;1;30;90;40m8[0;30;5;40;100mX[0;1;30;90;40m88[0;32;40m8[0;30;5;40;100m8[0;1;30;90;41m8[0;31;5;40;100mS[0;30;5;40;100m8[0;31;5;40;100mX[0;32;40m8[0;33;5;40;100m8[0;30;5;40;100m@S[0;32;5;40;100m@[0;31;40m@[0;32;5;40;100m8[0;1;30;90;40m8[0;31;5;40;100mS[0;32;40m8[0;32;5;40;100mS[0;1;30;90;40m8[0;30;5;40;100mX[0;32;40m8[0;31;5;40;100mX[0;32;40m@[0;31;5;40;100mX[0;30;5;40;100m8[0;32;5;40;100m@[0;1;30;90;40m8[0;31;5;40;100mS[0;1;30;90;40m8[0;32;40mX[0;30;5;40;100m8XS[0;31;5;40;100mS[0;30;5;40;100m@[0;31;5;40;100mX[0;1;30;90;40m8[0;31;5;40;100mS[0;30;5;40;100m@[0;1;30;90;40m8[0;31;5;40;100mX[0;30;5;40;100m@@@[0;31;5;40;100m8[0;1;30;90;40m8[0;30;5;40;100m@[0;1;30;90;40m8[0;30;5;40;100mX[0;31;5;40;100m@[0;1;30;90;40m8[0;30;5;40;100mX[0;1;30;90;40m88[0;32;5;40;100m@[0;31;5;40;100m8[0;32;5;40;100mS[0;31;5;40;100m@[0;33;5;40;100m8[0;30;5;40;100m8[0;33;5;40;100mS[0;35;5;40;100m;;S[0;34;5;40;100m8[0;35;5;40;100m%[0;37;5;40;100m%[0;1;30;90;47m8888[0;1;37;97;47m ....:[0;1;30;90;47mX8[0;36;5;40;100m;[0;34;5;40;100m@[0;30;5;40;100m@[0;33;5;40;100m%[0;35;5;40;100m:[0;1;30;90;47mS%[0;37;5;40;100m@[0;35;5;40;100m [0;37;5;40;100m8SXSS[0;36;5;40;100m [0;37;5;40;100m8SX@88[0;33;5;40;100m [0;37;5;40;100m8@[0;33;5;40;100m [0;37;5;40;100m88XSSSS[0;35;5;40;100m [0m
[0;1;30;90;40m8[0;31;40m@[0;32;5;40;100m@[0;31;40m@[0;30;5;40;100m@[0;32;40mX[0;1;30;90;40m8[0;30;5;40;100mS[0;32;40m@[0;31;40mX[0;32;40m8[0;31;40m8[0;32;5;40;100m@[0;31;40m@[0;32;5;40;100mX[0;31;40m8[0;1;30;90;42m8[0;30;41m8[0;33;5;40;100m8[0;1;30;90;40m8[0;32;40mS@[0;31;40mX[0;30;42m8[0;33;5;40;100m8[0;31;5;40;100m8[0;1;30;90;40m8[0;32;5;40;100mX[0;31;40m8[0;33;5;40;100m8[0;1;30;90;40m8[0;33;5;40;100m8[0;1;30;90;40m8[0;33;5;40;100m8[0;1;30;90;40m8[0;31;5;40;100m8[0;32;40m8[0;33;5;40;100m8[0;1;30;90;40m88[0;30;5;40;100mX[0;32;40m8[0;31;5;40;100m@[0;1;30;90;40m88[0;30;42m8[0;31;5;40;100m8[0;1;30;90;40m8[0;32;5;40;100mS[0;1;30;90;41m8[0;30;42m8[0;1;30;90;40m8[0;1;30;90;42m8[0;31;40m8[0;1;30;90;42m8[0;31;40mX[0;32;40m8[0;31;40m@[0;32;40m8[0;31;5;40;100mX[0;32;40m8[0;31;5;40;100mX[0;32;40m8[0;33;5;40;100m8[0;1;30;90;40m8[0;31;5;40;100m@[0;32;40m8[0;30;5;40;100mX[0;32;40m8[0;31;5;40;100mS[0;30;42m8[0;1;30;90;41m8[0;32;40m@[0;1;30;90;40m8[0;31;5;40;100mX[0;30;42m8[0;31;5;40;100mS[0;32;5;40;100mS[0;31;40m8[0;32;5;40;100mX[0;1;30;90;40m8[0;31;40mX[0;1;30;90;40m888[0;30;5;40;100mX[0;1;30;90;40m88[0;34;5;40;100m8[0;1;30;90;40m8[0;35;5;40;100mS[0;36;5;40;100m;[0;35;5;40;100m:[0;36;5;40;100m.[0;35;5;40;100m ...[0;30;5;40;100m8[0;31;40m%[0;34;5;40;100mS[0;33;5;40;100mt[0;37;5;40;100mX8[0;35;5;40;100m .[0;30;5;40;100mS@SX[0;1;30;90;40m@8XS[0;32;40m;[0;30;5;40;100m@[0;33;5;40;100m  .:.[0;37;5;40;100mXX@[0;33;5;40;100m [0;37;5;40;100mX[0;33;5;40;100m::.;[0m
[0;1;30;90;40m@[0;32;40m8[0;30;5;40;100m8[0;32;40m@[0;1;30;90;41m8[0;32;40mS[0;31;40m@[0;32;5;40;100mS[0;30;41m8[0;32;5;40;100m8[0;31;40m8[0;32;5;40;100m8[0;1;30;90;41m8[0;1;30;90;42m8[0;31;40m8[0;32;5;40;100m@[0;31;40m8[0;32;5;40;100m8[0;32;40mS[0;31;5;40;100m8[0;1;30;90;40m8[0;30;5;40;100mXS[0;30;41m8[0;32;5;40;100m8[0;1;30;90;40m8[0;33;5;40;100m8[0;31;40m@[0;32;5;40;100m@[0;31;40m@[0;33;5;40;100m8[0;1;30;90;40m8[0;32;5;40;100mS[0;31;40mX[0;32;5;40;100m@[0;31;40m@[0;33;5;40;100m8[0;1;30;90;40m8[0;33;5;40;100m8[0;31;40m8[0;33;5;40;100m8[0;31;5;40;100m8[0;32;40m8[0;33;5;40;100m8[0;31;5;40;100m8[0;1;30;90;40m8[0;32;5;40;100mS[0;31;40m8[0;32;5;40;100mS[0;30;5;40;100m@[0;31;5;40;100mX[0;32;40mX[0;31;40m8[0;1;30;90;42m8[0;31;40mS[0;32;5;40;100m8[0;30;5;40;100m8[0;32;5;40;100mX[0;1;30;90;40m8[0;32;5;40;100mX[0;31;40m8[0;30;42m8[0;31;5;40;100m8[0;32;40mS[0;1;30;90;40m8[0;30;5;40;100m@[0;33;5;40;100m8[0;31;40mX[0;33;5;40;100m8[0;32;40m@[0;31;5;40;100m@[0;32;40m8[0;30;5;40;100m@[0;32;40m@[0;30;5;40;100m@[0;31;5;40;100mX[0;32;40m8[0;31;5;40;100mX[0;1;30;90;42m8[0;31;5;40;100mS[0;33;5;40;100m8[0;32;40m@[0;31;40m%[0;32;40m%[0;31;40mX[0;1;30;90;40m@[0;31;40m8[0;1;30;90;40m@[0;30;41m8[0;30;5;40;100m8[0;1;30;90;40m@888[0;34;40m@[0;30;5;40;100m8[0;34;40mt[0;32;40m:[0;31;40m:[0;32;40mt. [0;34;40m   [0;32;40m . ..:t[0;31;40mt[0;32;40m;[0;31;40m;[0;32;40m;[0;33;5;40;100mS[0;35;5;40;100mt[0;32;5;40;100mS[0;30;5;40;100m8X[0;1;30;90;40m8[0;32;40mX[0;30;5;40;100m8[0;1;30;90;40m8[0;32;40mt[0;31;40m%[0;32;40mX[0;31;40mt[0;32;40mt[0m
[0;32;40m%[0;31;40m8[0;1;30;90;40m88[0;32;40mS[0;1;30;90;40m8[0;31;40mX[0;1;30;90;40m88888[0;30;5;40;100mX[0;31;40m@[0;32;5;40;100m@[0;1;30;90;40m8[0;33;5;40;100m8[0;31;40mS[0;32;5;40;100mX[0;30;5;40;100mS[0;1;30;90;43m;[0;1;30;90;40m8[0;33;5;40;100m8[0;30;5;40;100m@[0;31;5;40;100mS[0;32;40m8[0;31;5;40;100mS[0;30;42m8[0;31;5;40;100mX[0;30;42m8[0;30;5;40;100m8[0;1;30;90;40m8[0;33;5;40;100m8[0;1;30;90;40m8[0;33;5;40;100m8[0;30;5;40;100m@S[0;31;40m8[0;32;5;40;100mSS[0;31;40m@[0;32;5;40;100mX[0;31;5;40;100m8[0;32;40m@[0;33;5;40;100m8[0;30;5;40;100m8[0;33;5;40;100m8[0;1;30;90;40m8[0;33;5;40;100m8[0;31;5;40;100m@[0;32;40m8[0;33;5;40;100m8[0;1;30;90;40m888[0;31;40mX[0;30;5;40;100mX[0;31;40m@[0;32;5;40;100mX[0;31;40m@[0;32;5;40;100m@[0;1;30;90;40m@8[0;31;5;40;100mX[0;30;5;40;100mX[0;32;40m@[0;31;40m@[0;1;30;90;42m8[0;31;40mS[0;30;5;40;100m8[0;32;40m8[0;31;5;40;100mX[0;1;30;90;40m8[0;31;5;40;100mX[0;32;40m@[0;1;30;90;40m8[0;33;5;40;100m8[0;31;40mX[0;33;5;40;100m8[0;1;30;90;40m8[0;32;5;40;100mS[0;33;5;40;100m8[0;30;5;40;100mSX[0;1;30;90;40m888[0;31;40mS[0;32;40mX[0;1;30;90;40m@[0;31;40m8[0;1;30;90;40m8[0;31;40m%[0;1;30;90;40m@[0;32;40mS[0;1;30;90;40m8X[0;31;40m%[0;32;40mS[0;31;40m%[0;32;40mt[0;31;40mt[0;32;40m%[0;31;40m%[0;32;40m%[0;31;40m%[0;32;40m%[0;31;40m%[0;32;40m%[0;31;40mS[0;32;40m%[0;1;30;90;40m8@@8[0;32;40m%[0;31;40m%[0;32;40mS[0;31;40mX[0;32;40m@[0;31;40mX[0;32;40m@[0;31;40m8[0;32;40mX[0;31;40mS[0;32;40mS[0;1;30;90;40m@[0;31;40mt[0;32;40mS[0;1;30;90;40m@[0m
[0;32;40mt[0;1;30;90;40m8[0;31;40mS[0;32;40mX[0;31;40m@[0;32;40mX[0;1;30;90;40m8[0;32;40mX[0;31;40mX[0;32;40m@[0;31;40m8[0;30;42m8[0;31;40m@[0;32;40m8[0;31;40m@[0;32;40m@[0;31;40mX[0;32;5;40;100m8[0;31;40m@[0;32;5;40;100mS[0;31;5;40;100m@[0;33;5;40;100m8[0;1;30;90;40m8[0;1;30;90;43mt[0;31;5;40;100mX[0;32;5;40;100mX[0;31;40m8[0;32;5;40;100mS[0;31;5;40;100mX[0;33;5;40;100m8[0;31;5;40;100mS[0;32;40m8[0;33;5;40;100m8[0;31;5;40;100mS[0;32;40m8[0;31;5;40;100mS[0;1;30;90;42m8[0;31;5;40;100mXX[0;32;40m8[0;33;5;40;100m8[0;1;30;90;40m8[0;31;5;40;100mX[0;1;30;90;40m8[0;31;5;40;100mX[0;32;40m8[0;31;5;40;100m@[0;1;30;90;40m8[0;33;5;40;100m8[0;32;40mX[0;31;5;40;100m8[0;1;30;90;40m8[0;33;5;40;100m8[0;31;40m@[0;32;5;40;100m8[0;32;40m@[0;1;30;90;40m8[0;33;5;40;100m8[0;1;30;90;40m8[0;32;40m@[0;31;40m8[0;32;5;40;100m8[0;31;40m@[0;30;42m8[0;1;30;90;41m8[0;32;40m8[0;30;5;40;100m@[0;1;30;90;40m8[0;32;5;40;100m@[0;31;40m@[0;30;5;40;100m@[0;32;40m8[0;31;40m8[0;30;42m8[0;31;5;40;100m@[0;32;40m@[0;1;30;90;40m8[0;32;40m8[0;31;5;40;100mX[0;33;5;40;100m8[0;31;40m8[0;33;5;40;100m88[0;31;5;40;100mS[0;1;30;90;43m;[0;30;5;40;100mS[0;33;5;40;100m8[0;1;30;90;40m8[0;31;40m8[0;30;5;40;100m@8[0;31;40m8[0;32;5;40;100m@[0;31;40m%t[0;32;5;40;100mX[0;1;30;90;40m@[0;30;5;40;100m888@[0;33;5;40;100m.[0;31;5;40;100mS[0;30;5;40;100m@@S[0;31;5;40;100m%[0;30;5;40;100m8[0;1;30;90;40mXX[0;30;5;40;100m@@[0;32;40mX[0;31;5;40;100mS[0;33;5;40;100m%[0;34;5;40;100mX[0;30;5;40;100mX@88[0;1;30;90;40m888[0;31;40mS[0;1;30;90;40m@[0;31;40mS[0;32;40mX[0;31;40mS[0;1;30;90;40mX[0;32;40mt[0m
[0;31;40mt[0;32;40mX[0;31;40mS[0;1;30;90;40m@[0;32;40mt[0;31;40m%[0;32;40mt[0;31;40mS[0;32;40mX[0;31;40mS[0;32;40m@[0;31;40mX[0;32;40mS[0;31;40mS[0;1;30;90;40m@88[0;30;5;40;100mX[0;31;5;40;100mS[0;32;40m@[0;31;40m8[0;32;5;40;100mS[0;31;5;40;100mX[0;1;30;90;40m88[0;31;40m8[0;32;5;40;100mX[0;30;41m8[0;33;5;40;100m8[0;30;5;40;100mX[0;33;5;40;100m8[0;31;5;40;100m8[0;33;5;40;100m8[0;31;5;40;100mSX[0;31;40m8[0;33;5;40;100m8[0;32;5;40;100mS[0;1;30;90;43m%[0;31;5;40;100m8[0;33;5;40;100m88[0;1;30;90;40m8[0;1;30;90;43m;[0;31;5;40;100mS[0;33;5;40;100m88[0;31;5;40;100mS[0;32;40m@[0;33;5;40;100m8[0;30;5;40;100m@[0;31;5;40;100mS[0;32;40m8[0;33;5;40;100m8[0;1;30;90;40m@[0;33;5;40;100m8[0;31;5;40;100m8[0;1;30;90;40m8[0;33;5;40;100m8[0;31;5;40;100mX[0;1;30;90;40m8[0;30;5;40;100mS[0;33;5;40;100m8[0;30;5;40;100m8@X[0;31;40m8[0;32;5;40;100m@[0;31;40mS[0;1;30;90;42m8[0;31;40m8[0;32;5;40;100mX[0;1;30;90;40m888[0;33;5;40;100m8[0;31;40m8[0;30;5;40;100m8[0;32;40mX[0;1;30;90;40m8[0;32;40mX[0;1;30;90;40m8[0;31;5;40;100mS[0;33;5;40;100m8[0;1;30;90;40m88[0;30;41m8[0;32;5;40;100mS[0;33;5;40;100m8[0;31;40m%[0;32;40m%[0;31;40mX[0;1;30;90;40m8[0;31;5;40;100mS[0;33;5;40;100mS[0;35;5;40;100m.:[0;37;5;40;100mSXXX[0;36;5;40;100m [0;37;5;40;100m@[0;36;5;40;100m [0;37;5;40;100m8[0;33;5;40;100m [0;30;5;40;100m8[0;32;40m8[0;33;5;40;100m8[0;1;30;90;40m8[0;32;40m8[0;31;5;40;100m8[0;32;40mX[0;33;5;40;100m.[0;37;5;40;100mX[0;33;5;40;100m [0;37;5;40;100m88@X@[0;33;5;40;100m [0;37;5;40;100m@[0;36;5;40;100m  .:[0;30;5;40;100mX8[0;1;30;90;40m8[0m
[0;31;40m;[0;32;40mtt[0;31;40m%[0;32;40mS[0;1;30;90;40m@[0;32;40mS[0;1;30;90;40m8[0;32;40mX[0;1;30;90;40m88[0;32;40m@[0;1;30;90;40m8[0;30;5;40;100m@[0;1;30;90;40m8[0;32;5;40;100mS[0;31;40m8[0;30;42m8[0;31;40m8[0;33;5;40;100m8[0;30;5;40;100m@[0;31;40m8[0;32;5;40;100mS[0;1;30;90;43m.[0;32;40m8[0;33;5;40;100m8[0;30;5;40;100m@[0;32;5;40;100mS[0;30;5;40;100mS[0;33;41m8[0;32;5;40;100m@[0;31;5;40;100m@[0;33;5;40;100m88[0;32;5;40;100mS[0;33;5;40;100m8[0;31;40m8[0;33;5;40;100m8[0;30;5;40;100m8[0;31;5;40;100mX[0;32;40m8[0;31;5;40;100mX[0;32;5;40;100mS[0;31;40m8[0;33;5;40;100m8[0;32;40mS[0;31;5;40;100m@[0;32;40m8[0;1;30;90;41m8[0;1;30;90;40m8[0;1;30;90;43m:[0;1;30;90;40m8[0;31;5;40;100mX[0;33;5;40;100m8[0;31;5;40;100m@[0;32;40m8[0;33;5;40;100m8[0;31;5;40;100m@[0;30;5;40;100m@[0;32;5;40;100mX[0;33;5;40;100m8[0;31;40m8[0;32;5;40;100mX[0;31;5;40;100mX[0;30;42m8[0;33;5;40;100m8[0;30;5;40;100mX[0;33;5;40;100m8[0;31;40mX[0;32;5;40;100mX[0;31;5;40;100mS[0;32;40m8[0;33;5;40;100m8[0;31;40m8[0;1;30;90;43m%[0;32;40m@[0;33;5;40;100m8[0;1;30;90;40m88[0;31;40m8[0;32;5;40;100m@[0;31;40m%[0;32;40m8[0;31;5;40;100m8[0;32;40m8[0;31;5;40;100mS[0;32;40m8[0;31;5;40;100mX[0;32;40m8[0;33;5;40;100m8[0;1;30;90;40m8[0;31;40m@[0;30;5;40;100mX[0;31;40m@[0;30;5;40;100mX[0;33;5;40;100mX[0;35;5;40;100m [0;33;5;40;100m [0;37;5;40;100mX[0;33;5;40;100m [0;37;5;40;100m@SSSS[0;33;5;40;100mS[0;31;40m8[0;30;5;40;100m8[0;31;40m%t%[0;32;40mX[0;31;40mX[0;36;5;40;100m;[0;37;5;40;100m8@XSXX@8X@@XXXXX[0m
[0;32;40mt[0;1;30;90;40m@@[0;32;40mX[0;1;30;90;40m8[0;31;40m8[0;32;5;40;100m8[0;31;40m8[0;33;5;40;100m8[0;32;40mX[0;31;5;40;100m@[0;1;30;90;40m88[0;33;42m8[0;31;40m8[0;30;42m8[0;31;5;40;100mX[0;32;40m8[0;30;5;40;100mS[0;32;40m@[0;30;5;40;100mS[0;32;40m8[0;31;5;40;100m@[0;1;30;90;40m8[0;31;5;40;100mX[0;1;30;90;40m8[0;33;42m8[0;31;40mX[0;30;42m8[0;1;30;90;40m8[0;32;40m@[0;30;5;40;100mX[0;32;40m@[0;1;30;90;41m8[0;32;40m8[0;30;5;40;100mX[0;30;42m8[0;31;5;40;100m8[0;32;40m@[0;30;5;40;100mX[0;31;5;40;100mS[0;32;40m@[0;1;30;90;41m8[0;30;42m8[0;30;5;40;100m8[0;33;5;40;100m8[0;31;5;40;100mX[0;33;5;40;100m88[0;31;5;40;100mX[0;30;5;40;100mX[0;33;5;40;100m8[0;30;5;40;100mX[0;32;40m8[0;33;5;40;100m8[0;31;5;40;100m@[0;1;30;90;40m8[0;33;5;40;100m8[0;31;40m8[0;32;5;40;100m@[0;33;5;40;100m;8[0;31;5;40;100mS[0;33;5;40;100m8[0;31;5;40;100mX[0;31;40m8[0;33;5;40;100m8[0;32;40m8[0;33;5;40;100m8[0;31;40m8[0;33;5;40;100m88[0;32;40mS[0;33;5;40;100m8[0;1;30;90;40m8[0;30;5;40;100m8[0;32;40mX[0;31;5;40;100mX[0;1;30;90;42m8[0;1;30;90;40m8[0;31;5;40;100m@[0;32;5;40;100m8[0;31;5;40;100m8[0;30;5;40;100m8[0;33;5;40;100m8[0;31;5;40;100mX[0;33;5;40;100m8[0;30;5;40;100m@[0;31;5;40;100m@[0;32;40m@[0;33;5;40;100m8[0;30;5;40;100mS[0;32;40mX[0;31;40m8[0;32;40m@[0;31;40m8[0;33;5;40;100m8%  [0;37;5;40;100mX[0;33;5;40;100m [0;37;5;40;100mS[0;33;5;40;100m;[0;35;5;40;100mS[0;34;5;40;100m@[0;36;5;40;100m [0;37;5;40;100mS[0;36;5;40;100m t[0;34;5;40;100mS[0;30;5;40;100m8[0;31;40mS[0;33;5;40;100mt[0;37;5;40;100mXSSSSSSSSXXSXXSS[0m
[0;1;30;90;40m@[0;31;5;40;100m@[0;1;30;90;40m8[0;31;40m8[0;32;5;40;100m8[0;31;40mt[0;32;40m@[0;31;5;40;100mS[0;1;30;90;40m8[0;31;40mX[0;32;40m8[0;31;40mX[0;32;40m8[0;31;5;40;100m8[0;32;5;40;100m@[0;30;41m8[0;32;5;40;100m@[0;30;41m8[0;33;5;40;100m8[0;31;40m8[0;33;5;40;100m8[0;31;5;40;100mX[0;30;42m8[0;33;5;40;100m8[0;32;40m8[0;31;5;40;100m@[0;32;40mX[0;33;5;40;100m8[0;1;30;90;40m8[0;31;5;40;100mS[0;32;40m@[0;30;41m8[0;30;42m8[0;1;30;90;40m8[0;31;40m8[0;32;5;40;100m@[0;31;40m@[0;32;40m8[0;30;5;40;100m8[0;31;40m8[0;33;5;40;100m8[0;32;40mX[0;1;30;90;40m88[0;31;5;40;100mX[0;32;40m@[0;30;5;40;100mX[0;32;40mX[0;31;5;40;100m@[0;32;40m8[0;1;30;90;41m8[0;31;40m@[0;33;5;40;100m8[0;1;30;90;41m8[0;32;40m@[0;33;5;40;100m8[0;1;30;90;40m88[0;1;30;90;42m8[0;32;5;40;100m@[0;33;5;40;100mS[0;30;5;40;100m@[0;32;40m8[0;31;5;40;100m@[0;33;5;40;100m8[0;1;30;90;40m88[0;31;5;40;100m@[0;32;40m@[0;31;5;40;100mS[0;1;30;90;40m8[0;31;40mX[0;30;5;40;100m8[0;1;30;90;40m88[0;33;5;40;100m8[0;1;30;90;40m8[0;33;5;40;100m8[0;30;41m8[0;32;5;40;100mS[0;31;5;40;100mS[0;33;5;40;100m8[0;30;5;40;100mX[0;33;5;40;100m8[0;30;5;40;100m8[0;33;5;40;100m8[0;31;5;40;100m8[0;32;5;40;100mS[0;33;5;40;100m8[0;31;5;40;100m8[0;1;30;90;40m8[0;1;30;90;43m.[0;33;5;40;100m88[0;31;40mX[0;1;30;90;40m@[0;30;5;40;100m8[0;32;40m8[0;31;5;40;100mS[0;30;5;40;100mX[0;33;5;40;100m8[0;37;5;40;100mS[0;35;5;40;100m [0;33;5;40;100m:S[0;1;30;90;44m8[0;35;5;40;100mt[0;1;30;90;41m8[0;30;5;40;100m8[0;1;30;90;40m8[0;36;5;40;100m%[0;33;5;40;100mt[0;35;5;40;100m;[0;33;5;40;100mS[0;35;5;40;100m.[0;33;5;40;100m  [0;37;5;40;100m8XXSSSSSXSSSS[0m
[0;1;30;90;40m8[0;32;40mS[0;1;30;90;40m8[0;32;40m@[0;31;40m8[0;33;5;40;100m8[0;1;30;90;40m8[0;32;40mX[0;1;30;90;40m8[0;33;5;40;100m8[0;32;40mS[0;33;5;40;100m8[0;30;5;40;100m8[0;31;40m8[0;1;30;90;40m8[0;32;40m8[0;31;5;40;100m8[0;32;40m8[0;31;5;40;100mX[0;32;5;40;100m8[0;31;40mX[0;32;5;40;100mX[0;31;40m8[0;30;5;40;100m@[0;1;30;90;40m8[0;31;5;40;100mS[0;32;40mX[0;31;40m@[0;32;40m8[0;31;40m8[0;32;5;40;100mS[0;30;5;40;100mS[0;30;41m8[0;1;30;90;42m8[0;30;5;40;100mS[0;30;41m8[0;32;5;40;100mS[0;31;40m8[0;1;30;90;42m8[0;32;5;40;100mS[0;31;40mS[0;32;5;40;100mX[0;31;40mX[0;30;42m8[0;30;5;40;100m@[0;31;40m8[0;32;5;40;100mX[0;31;40m8[0;30;42m8[0;30;41m8[0;32;40mXt[0;31;40mt[0;30;5;40;100m8X[0;31;40m@[0;32;5;40;100mX[0;31;40m8[0;1;30;90;42m8[0;33;5;40;100m;X[0;30;5;40;100m@[0;1;30;90;41m8[0;30;5;40;100m@[0;32;40m@[0;31;5;40;100mX[0;32;40m8[0;31;5;40;100mX[0;30;5;40;100mX[0;32;40m8[0;33;5;40;100m8[0;30;5;40;100mXX[0;1;30;90;40m8[0;1;30;90;43m;[0;31;40m@[0;33;5;40;100m888[0;32;40mS[0;31;5;40;100m@[0;1;30;90;40m8[0;1;30;90;41m8[0;32;40m8[0;33;5;40;100m8[0;30;5;40;100m8[0;33;5;40;100m8[0;1;30;90;41m8[0;33;5;40;100m88[0;31;5;40;100mS[0;30;5;40;100m@[0;31;5;40;100mX[0;32;5;40;100m@[0;33;5;40;100m8[0;30;5;40;100mX[0;33;5;40;100m8[0;31;40m8[0;30;42m8[0;1;30;90;41m8[0;32;40m@[0;33;5;40;100m8[0;35;5;40;100m.[0;33;5;40;100m [0;30;5;40;100mS[0;36;44m8[0;33;5;40;100mS[0;1;30;90;41m88[0;31;5;40;100mX[0;34;5;40;100m8[0;33;5;40;100mX[0;35;41m8[0;33;5;40;100m [0;37;5;40;100m8[0;33;5;40;100m [0;37;5;40;100mX[0;33;5;40;100m    [0;1;30;90;47m8[0;33;5;40;100m [0;1;30;90;47m8[0;37;5;40;100m@@X@@[0;33;5;40;100m [0m
[0;1;30;90;40m88[0;1;30;90;41m8[0;32;5;40;100mS[0;1;30;90;40m88[0;33;5;40;100m8[0;30;41m8[0;32;5;40;100mS[0;31;40m8[0;33;5;40;100m8[0;31;5;40;100mX[0;33;5;40;100m8[0;32;5;40;100mX[0;31;40m8[0;33;5;40;100m8[0;32;40mX[0;31;5;40;100mX[0;32;40m@[0;1;30;90;40m8[0;31;40m@[0;32;5;40;100m8[0;31;40m@[0;1;30;90;42m8[0;31;40m8[0;1;30;90;42m8[0;1;30;90;41m8[0;1;30;90;42m8[0;31;40m8[0;32;5;40;100m8[0;31;40mX[0;1;30;90;42m8[0;31;40m8[0;33;5;40;100m8[0;32;40mX[0;32;5;40;100mS[0;1;30;90;40m8[0;33;5;40;100m8[0;31;40mX[0;32;40m8[0;30;5;40;100mX[0;32;40mX[0;30;5;40;100mX[0;31;40m8[0;1;30;90;42m8[0;1;30;90;40m88[0;32;5;40;100mS[0;31;40m8[0;30;5;40;100m8[0;1;30;90;40m888[0;33;5;40;100m8[0;31;40m@[0;1;30;90;42m8[0;31;40m8[0;33;5;40;100m8[0;32;40mX[0;36;5;40;100m@[0;1;30;90;42m8[0;31;40m8[0;32;5;40;100mS[0;1;30;90;41m8[0;32;40m8[0;31;5;40;100mXS[0;32;40m8[0;1;30;90;41m8[0;31;5;40;100mX[0;31;40m8[0;33;5;40;100m8[0;32;40mX[0;31;5;40;100m8[0;1;30;90;40m@[0;32;5;40;100mX[0;31;40m8[0;30;5;40;100m88[0;1;30;90;41m8[0;30;42m8[0;33;5;40;100m8[0;32;40m@[0;31;5;40;100m@8[0;30;5;40;100mX[0;31;5;40;100mX[0;32;40m8[0;31;5;40;100m8[0;1;30;90;40m8[0;31;5;40;100mS[0;30;42m8[0;31;5;40;100mSS[0;33;5;40;100m8[0;31;40m8[0;33;5;40;100m88[0;30;5;40;100m@[0;32;5;40;100mX[0;30;41m8[0;33;5;40;100mS@[0;31;5;40;100m8[0;33;5;40;100m8[0;34;5;40;100mX[0;35;5;40;100mt[0;33;5;40;100m8[0;35;41m8[0;31;5;40;100mX[0;34;5;40;100m8[0;33;5;40;100mX: ..:   .;:;::  [0;37;5;40;100m@@[0m
[0;1;30;90;43mSt;t[0;1;33;93;43m%[0;1;30;90;43m:;[0;1;33;93;43m%[0;37;43mS[0;1;33;93;43mX[0;1;30;90;43m8[0;1;33;93;43m%[0;1;30;90;43m%[0;1;33;93;43m;[0;37;43mXS[0;1;33;93;43mS[0;37;43m8[0;1;33;93;43mt[0;37;43m@[0;1;33;93;43mS[0;37;43mX[0;1;33;93;43mX[0;37;43m@[0;1;33;93;43mSt[0;37;43mX[0;1;30;90;43mX[0;1;33;93;43mS[0;37;43mX[0;1;33;93;43mX[0;37;43mX[0;1;33;93;43mS[0;1;30;90;43m8[0;1;33;93;43mt[0;1;30;90;43m@[0;1;33;93;43mt[0;1;30;90;43m8[0;1;33;93;43mt[0;33;5;40;100m.S@XS[0;31;5;40;100m8[0;33;5;40;100mS%@[0;1;30;90;40m8[0;32;40m@[0;30;5;40;100m8[0;31;5;40;100m@S[0;33;5;40;100m88[0;31;5;40;100mX[0;33;5;40;100mS[0;31;5;40;100mS[0;33;5;40;100m8[0;30;5;40;100mS[0;31;43m8[0;31;5;40;100m8[0;31;43m8[0;1;30;90;43m8[0;1;30;90;41m8[0;31;43m8[0;31;5;40;100m8[0;33;5;40;100m8[0;1;30;90;41m8[0;33;5;40;100m8[0;1;30;90;41m@X[0;33;41m8[0;31;5;40;100m@8[0;1;30;90;41m8[0;33;5;40;100m8[0;1;30;90;41m8[0;32;40m@[0;1;30;90;40m8[0;31;40mX[0;1;30;90;40m88[0;32;40m8[0;31;5;40;100mX[0;32;40m8[0;31;40m8[0;33;5;40;100m8[0;1;30;90;40m@[0;32;40mS[0;31;40m8[0;31;5;40;100mX[0;32;40m8[0;31;43m8[0;32;5;40;100m@[0;30;5;40;100mS[0;30;42m8[0;31;5;40;100mS[0;32;43m8[0;31;40m8[0;32;5;40;100mX[0;30;5;40;100m@[0;33;5;40;100m8.:8@[0;35;5;40;100m.[0;1;30;90;43m8[0;1;30;90;41m8[0;1;30;90;40m8[0;33;5;40;100mt[0;35;5;40;100mt[0;33;5;40;100mt  [0;37;5;40;100mS[0;33;5;40;100m:..    . ::;t[0m
[0;31;43m@[0;1;30;90;43m:[0;31;43mS%88@[0;1;30;90;43mS[0;31;43m@[0;1;30;90;43mS%[0;33;41m8[0;1;30;90;43m%[0;31;43m8S[0;1;30;90;43mS[0;31;43mS[0;1;30;90;43mS[0;31;43m8[0;1;30;90;43mX[0;31;43m8[0;1;30;90;43mXS[0;31;43mX[0;1;30;90;43m8[0;31;43mS8S[0;1;30;90;43m@[0;31;43mSt[0;1;30;90;43mS[0;31;43mS[0;1;30;90;43mX[0;1;31;91;43m8[0;1;30;90;43mS[0;31;43m@8[0;31;5;40;100m@[0;1;30;90;41m8[0;31;40mtS%[0;1;30;90;40m@[0;31;40m%S%%[0;32;5;40;100mS[0;31;40m@[0;32;40mt[0;31;40mt[0;32;40m%[0;31;40mt[0;34;40mt[0;31;40mS[0;1;30;90;40mS[0;31;40m:[0;30;5;40;100m8[0;33;5;40;100m8[0;31;5;40;100mS[0;33;5;40;100mS[0;35;5;40;100m8[0;31;5;40;100m8[0;33;5;40;100m%[0;31;5;40;100m88X[0;33;5;40;100m8[0;31;5;40;100m8[0;33;5;40;100m@[0;31;5;40;100mS[0;33;5;40;100m%[0;31;5;40;100m8[0;33;5;40;100m8[0;31;5;40;100m8S[0;30;5;40;100m8[0;31;5;40;100m@[0;33;5;40;100m8[0;30;5;40;100mX[0;31;5;40;100mS[0;30;5;40;100m@[0;31;40m@[0;32;40m8[0;31;5;40;100mX[0;33;5;40;100mt%S%SX%%%X@XX@[0;1;30;90;43m8[0;31;5;40;100m8[0;33;5;40;100m8t[0;1;30;90;47m8[0;33;5;40;100mt%[0;35;5;40;100mS[0;33;5;40;100m .[0;31;5;40;100mS[0;33;5;40;100m:t[0;35;5;40;100m;[0;33;5;40;100m;%%[0;1;30;90;41m8[0;33;41m8[0;35;5;40;100mt[0;31;43m8[0;35;5;40;100mt[0;1;31;91;43m8[0;35;5;40;100mS[0;33;41m8[0;33;5;40;100m%[0;1;30;90;41m8[0;33;5;40;100mS[0;31;5;40;100m@[0;35;5;40;100m%[0m
[0;1;30;90;43m.[0;31;43m8[0;1;30;90;43mt[0;31;43mS[0;1;30;90;43m;[0;1;30;90;41m8[0;31;43m@[0;1;30;90;43m:;[0;31;43m@[0;1;30;90;43m;[0;31;43mS[0;1;30;90;41m8[0;1;30;90;43m [0;31;43mt[0;1;30;90;43mt[0;1;31;91;43m8[0;1;30;90;43mt[0;31;43m@[0;1;30;90;43mtt[0;31;43mt[0;1;31;91;43m8[0;1;30;90;43mS[0;1;31;91;43m8[0;1;30;90;43mt[0;30;41m@[0;1;30;90;43mt[0;31;43mS[0;1;31;91;43m8[0;1;30;90;43m;[0;1;31;91;43m8[0;1;30;90;43mt[0;1;31;91;43m8[0;1;30;90;43m;[0;33;41m8[0;1;30;90;40m8[0;31;43m8[0;1;30;90;43m:[0;32;40m;[0;34;40m;[0;32;40mt[0;34;40m%[0;31;40m%[0;32;40m%[0;34;40m%[0;32;40m;[0;1;30;90;40m8[0;31;40m@[0;30;5;40;100m8[0;32;40m::[0;31;40m;[0;34;40mt[0;32;40m%[0;1;30;90;40mS[0;32;40m:[0;31;40m:[0;1;30;90;40mX[0;35;5;40;100m;[0;33;5;40;100m;[0;35;5;40;100m:[0;33;5;40;100mt[0;35;5;40;100m :[0;33;5;40;100mt[0;30;5;40;100m8[0;1;30;90;40m@[0;33;5;40;100m%[0;34;5;40;100mS[0;33;5;40;100m;[0;35;5;40;100m  [0;33;5;40;100m:[0;35;5;40;100m%[0;33;5;40;100m;%[0;1;30;90;40m8[0;32;40m@[0;31;40m8[0;1;30;90;42m8[0;31;40mX[0;32;5;40;100mX[0;31;5;40;100m8[0;1;30;90;40m88[0;30;5;40;100m@[0;33;5;40;100m%[0;35;5;40;100mS[0;33;5;40;100mS[0;30;5;40;100mX[0;35;5;40;100mt[0;33;5;40;100mX[0;35;5;40;100mX[0;33;5;40;100mX[0;30;5;40;100m8[0;31;40m8[0;31;5;40;100m888S[0;33;5;40;100m8[0;31;5;40;100m8S[0;1;30;90;41m8[0;33;5;40;100m8[0;1;30;90;41mX[0;1;30;90;40m8[0;33;5;40;100mX[0;31;5;40;100m@[0;30;5;40;100m@[0;31;5;40;100mXS[0;33;5;40;100m@[0;31;5;40;100m8@X[0;1;30;90;40m8[0;1;30;90;41mt8[0;31;5;40;100mX8[0;30;5;40;100mX[0;31;5;40;100mSSX[0;30;5;40;100m8[0;31;5;40;100m@[0;30;5;40;100m8[0;33;5;40;100mX[0m
[0;1;30;90;43m:[0;31;43mX[0;1;30;90;43m:[0;31;43m%t[0;30;41m8[0;1;30;90;43m.[0;31;43mS[0;1;30;90;43m::[0;31;43m%%[0;33;41m@[0;1;30;90;43m:;[0;31;43m;[0;1;30;90;43mt[0;31;43mtS;;[0;1;30;90;43m%;[0;1;33;93;43m:[0;1;30;90;43m;[0;31;43mS[0;30;41m8[0;1;30;90;43m::.[0;1;31;91;43m8[0;1;33;93;43m%[0;1;30;90;43m::[0;1;30;90;41m8[0;32;40m@[0;30;41m8[0;33;5;40;100m8[0;31;40m8[0;1;30;90;40m8[0;32;40m;[0;31;40m;[0;30;5;40;100mS[0;37;5;40;100m@[0;33;5;40;100m [0;31;40m;[0;34;40m:[0;30;5;40;100mX[0;33;5;40;100m8[0;32;40mX[0;31;40mt[0;34;40m:[0;33;5;40;100mX:[0;31;5;40;100m8[0;34;40m.:[0;32;40m:[0;1;30;90;40m8[0;33;5;40;100m.    ..[0;30;5;40;100m@[0;1;30;90;40m8[0;33;5;40;100mt.    . t[0;30;5;40;100m@[0;31;5;40;100mX[0;1;30;90;40m8[0;31;5;40;100m@[0;32;40m8[0;1;30;90;41m8[0;32;5;40;100m8[0;1;30;90;41m8[0;32;40m8[0;33;5;40;100m8[0;35;5;40;100m:[0;33;5;40;100m; .;.t[0;35;5;40;100mt[0;31;5;40;100mX[0;32;40m%[0;33;5;40;100mtX[0;32;5;40;100mS[0;33;5;40;100mS[0;31;5;40;100mX[0;32;5;40;100mS[0;33;5;40;100m8X[0;31;5;40;100mX[0;32;5;40;100mX[0;31;40mX[0;36;5;40;100m:[0;33;5;40;100m%[0;36;5;40;100m%[0;33;5;40;100mS[0;30;5;40;100mX[0;36;5;40;100m8[0;30;5;40;100mX[0;36;5;40;100m%[0;33;5;40;100mX[0;31;40mt[0;30;41mS[0;31;5;40;100m8[0;30;5;40;100m8@[0;33;5;40;100m%[0;36;5;40;100m%[0;33;5;40;100mS[0;36;5;40;100m%[0;31;5;40;100mS[0;32;5;40;100mS[0;30;5;40;100mS[0;35;5;40;100mt[0m
[0;1;30;90;43m.[0;31;43mX%;[0;1;30;90;43m.[0;30;41m8[0;1;30;90;43m..[0;31;43mX[0;1;30;90;43m;[0;31;43m;X[0;31;40m8[0;1;30;90;43m.;[0;1;31;91;43m8[0;1;30;90;43m:[0;31;43m;S[0;1;30;90;43m%[0;1;31;91;43m8[0;1;30;90;43mt[0;1;33;93;43m.[0;1;31;91;43m8[0;1;30;90;43m;.[0;31;40m8[0;1;30;90;43m.[0;31;43mt[0;1;33;93;43m.[0;1;30;90;43m:[0;1;31;91;43m8[0;1;30;90;43m.[0;31;43m@[0;30;41m8[0;32;43m8[0;31;40m@[0;1;30;90;43m.:[0;31;40m%[0;32;40m:[0;34;40m.[0;31;5;40;100mS[0;37;5;40;100m8[0;33;5;40;100m [0;32;40m.[0;31;40m:[0;30;5;40;100m@[0;31;5;40;100mX[0;1;30;90;40m8[0;32;40m:[0;31;40m [0;35;5;40;100m [0;1;37;97;47m.[0;36;5;40;100m:[0;34;40m [0;32;40m:[0;31;40m:[0;30;5;40;100m8[0;33;5;40;100m.      [0;31;5;40;100mX[0;30;5;40;100m@[0;33;5;40;100m%   [0;37;5;40;100m@[0;33;5;40;100m.  %8[0;32;5;40;100m@[0;33;5;40;100m8[0;32;40m8[0;33;5;40;100m8[0;1;30;90;40m88[0;33;5;40;100m8[0;1;30;90;40m8[0;31;5;40;100mX[0;33;5;40;100m;     ..S[0;1;30;90;40mS[0;33;5;40;100mS[0;30;5;40;100mS[0;33;5;40;100mt[0;31;5;40;100mS[0;32;5;40;100mS[0;33;5;40;100m%[0;30;5;40;100mX[0;33;5;40;100mt[0;1;30;90;40mX[0;31;40mt[0;1;30;90;40m8[0;33;5;40;100m:[0;35;5;40;100mt[0;33;5;40;100mS[0;34;5;40;100mS[0;32;5;40;100mX[0;31;5;40;100mS[0;36;5;40;100mt[0;31;5;40;100mS[0;36;5;40;100mt[0;1;30;90;40mX[0;30;41m8[0;1;30;90;41m8[0;32;5;40;100m8[0;30;5;40;100m8[0;31;5;40;100mX[0;30;5;40;100mS[0;31;5;40;100m%[0;32;5;40;100m%[0;35;5;40;100m%[0;33;5;40;100mt[0;36;5;40;100mt[0;33;5;40;100mS[0m
[0;1;30;90;43m.[0;31;43mS[0;1;30;90;43m.[0;31;43m%S[0;1;30;90;41m8[0;1;30;90;43m .;[0;31;43mS[0;1;30;90;43m:[0;31;43mX[0;1;30;90;43m:[0;31;43m%[0;1;30;90;43m;:[0;31;43m;tX[0;1;30;90;43m%t[0;1;33;93;43m.[0;1;30;90;43mt[0;1;33;93;43m;[0;1;30;90;43m;[0;31;43m8[0;31;40m8[0;1;30;90;43m:[0;31;43m;[0;1;31;91;43m8[0;1;33;93;43mt[0;1;30;90;43m:.[0;31;43m@[0;32;40m8[0;30;41m8[0;33;5;40;100m8[0;33;41m8[0;33;5;40;100m8[0;32;40m;[0;31;40m:[0;34;40m:[0;32;40m:[0;34;40m:[0;31;40m:[0;32;40m.;[0;33;5;40;100mSX[0;30;5;40;100m@[0;31;40m.[0;34;40m:[0;1;30;90;40mS[0;31;40mt[0;34;40mt[0;31;40m:[0;34;40m:[0;1;30;90;40m8[0;31;5;40;100mS[0;33;5;40;100m: [0;37;5;40;100m8[0;33;5;40;100m.   8[0;1;30;90;40m8[0;33;5;40;100m; [0;37;5;40;100m8[0;33;5;40;100m.  [0;37;5;40;100m8[0;33;5;40;100m S[0;31;40m@[0;30;5;40;100m@[0;31;5;40;100m8[0;30;5;40;100m8[0;31;5;40;100m8[0;32;5;40;100m@[0;31;40m8[0;30;5;40;100m@X[0;1;30;90;40m8[0;33;5;40;100mS [0;37;5;40;100m8[0;33;5;40;100m. [0;37;5;40;100m8[0;33;5;40;100m; %[0;31;40mt[0;36;5;40;100mS[0;33;5;40;100mX%[0;32;5;40;100mS[0;31;5;40;100mS[0;30;5;40;100mX[0;33;5;40;100mSt[0;1;30;90;40m8[0;32;40m;t[0;35;5;40;100m:[0;33;5;40;100mt[0;36;5;40;100m%[0;33;5;40;100mS[0;35;5;40;100mt[0;32;5;40;100mX[0;33;5;40;100mt[0;36;5;40;100mt[0;33;5;40;100m%[0;1;30;90;40m8[0;31;40mS[0;30;41mX[0;31;5;40;100mX[0;30;5;40;100m@[0;33;5;40;100m%[0;36;5;40;100mS[0;31;5;40;100mX[0;36;5;40;100mS[0;33;5;40;100m@[0;34;5;40;100mX[0;33;5;40;100m@[0;35;5;40;100m%[0m
[0;1;30;90;41m8[0;1;30;90;43m.[0;30;41m8[0;1;30;90;43mt[0;31;40m@[0;32;40mX[0;33;41m8[0;30;41m8[0;1;30;90;43mt[0;33;41m@[0;1;30;90;43m;[0;31;40mX8[0;1;30;90;43m;[0;31;43m8[0;1;30;90;43mt[0;31;43m8X[0;1;30;90;43m%[0;31;43m%[0;1;30;90;43mS[0;31;43mt[0;1;31;91;43m8[0;1;30;90;43mt[0;31;43mt[0;33;41m8[0;32;40mS[0;31;43mX[0;1;30;90;43m:t[0;31;43m;[0;1;31;91;43m8[0;1;30;90;43m.[0;33;41m8[0;31;40m@[0;32;40m8[0;31;40mX[0;32;5;40;100m8[0;33;5;40;100mX[0;31;40m;[0;34;40m:[0;32;40m:[0;34;40m:[0;32;40m:[0;34;40m:[0;31;40m.[0;1;30;90;40m8[0;37;5;40;100m@@[0;33;5;40;100m.[0;31;40m.:[0;34;40m:[0;32;40m;[0;31;40m;[0;32;40m;[0;31;40m;[0;30;5;40;100mX[0;33;5;40;100m  .;.. :[0;30;5;40;100m@[0;37;5;40;100m8[0;33;5;40;100m  . [0;37;5;40;100m8[0;33;5;40;100m:. [0;37;5;40;100m8[0;1;30;90;47m%[0;37;5;40;100m88[0;1;30;90;47mX[0;37;5;40;100m88[0;1;30;90;47m%[0;37;5;40;100m888[0;33;5;40;100mt::[0;37;5;40;100m8[0;33;5;40;100mt:  [0;37;5;40;100m8[0;30;5;40;100m8[0;31;40m@[0;33;5;40;100m;%[0;30;5;40;100mS[0;33;5;40;100mX[0;32;5;40;100mS[0;31;5;40;100m%[0;33;5;40;100mt[0;30;5;40;100m8[0;1;30;90;40m@[0;31;40m;[0;32;5;40;100mS[0;35;5;40;100mt[0;33;5;40;100mX[0;30;5;40;100m@[0;36;5;40;100m%[0;31;5;40;100mX[0;36;5;40;100mS[0;31;5;40;100mS[0;33;5;40;100mt%[0;1;30;90;40m8[0;31;40mS[0;30;5;40;100mXXX[0;33;5;40;100mX[0;34;5;40;100mS[0;33;5;40;100m8[0;34;5;40;100mX[0;33;5;40;100m@[0;34;5;40;100mX[0;33;5;40;100m8[0m
[0;31;40mt[0;1;30;90;40m8[0;32;40mt[0;34;40mt[0;32;40m;[0;31;40m.[0;32;40m:[0;34;40m: .t[0;32;40m;[0;1;30;90;40mXS[0;34;40m.[0;31;40m.t[0;30;5;40;100m8[0;31;40mt8[0;30;41m8[0;30;5;40;100m@[0;30;41m8[0;1;30;90;43m%[0;31;40mS[0;32;40m;[0;31;40m;X88[0;30;5;40;100mX[0;30;41m8[0;1;30;90;43mt[0;32;40m.;[0;31;40m%[0;32;40mt[0;31;40mt[0;34;40mt[0;31;40mt[0;32;40m;[0;34;40m:[0;31;40m:.[0;32;40m.[0;34;40m:[0;1;30;90;40m@[0;31;5;40;100mS[0;33;5;40;100m8[0;30;5;40;100m8[0;31;40m [0;32;40m:[0;31;40m:[0;34;40m;[0;32;40m;[0;34;40m:[0;32;40m:[0;30;5;40;100m8[0;33;5;40;100m:. ;%S.;[0;31;5;40;100mS[0;33;5;40;100m    :;  ::[0;1;30;90;47mt@[0;33;5;40;100m [0;1;30;90;47m%XXX%%%[0;33;5;40;100mt;;;:. ;[0;37;5;40;100m8[0;33;5;40;100mX[0;1;30;90;40m8[0;33;5;40;100m%S[0;30;5;40;100mSX[0;33;5;40;100mS[0;32;5;40;100mS[0;33;5;40;100m%[0;30;5;40;100m@@[0;31;40mt[0;30;5;40;100mS[0;33;5;40;100m:[0;30;5;40;100m@[0;1;30;90;40m8X88[0;30;5;40;100m@S[0;33;5;40;100m %[0;32;40m;[0;30;5;40;100mS[0;33;5;40;100mX[0;30;5;40;100m@[0;33;5;40;100m%[0;30;5;40;100mX[0;33;5;40;100mt[0;31;5;40;100mS[0;36;5;40;100m%[0;33;5;40;100m@[0;34;5;40;100m@[0m
[0;1;30;90;40m8[0;30;5;40;100m8[0;31;5;40;100m8[0;1;30;90;40m8[0;31;40m@[0;1;30;90;40m8X8[0;31;40m%[0;1;30;90;40mX[0;32;40m%[0;31;40mS[0;1;30;90;40mX[0;31;40mt[0;1;30;90;40mS[0;31;40mt[0;1;30;90;40mX[0;34;40m;[0;32;40m;[0;34;40mt[0;32;40m%[0;31;40mt[0;32;40m%[0;34;40m;[0;32;40m:[0;34;40m;[0;32;40mt[0;34;40mt[0;32;40mSt[0;31;40m%[0;32;40m%[0;34;40m::[0;32;40m;[0;34;40mt[0;31;40mt[0;1;30;90;40mS[0;32;40mt[0;1;30;90;40mXX[0;31;40mt[0;32;40mt[0;34;40m;[0;31;40mt[0;32;40m%[0;31;40m%[0;34;40m;;[0;31;40mt[0;1;30;90;40m@[0;32;40mt[0;34;40m:[0;31;40m;[0;34;40m:[0;31;40mt[0;32;40mt[0;31;40m;[0;32;40mt[0;31;5;40;100mX[0;1;30;90;40m88@X[0;30;5;40;100m8[0;31;5;40;100mS[0;32;40m%[0;1;30;90;40m8[0;33;5;40;100m8X[0;30;5;40;100mX[0;33;5;40;100m8[0;31;5;40;100mX[0;33;5;40;100m@;%[0;1;30;90;40m@8[0;31;5;40;100mS[0;33;5;40;100m8[0;1;30;90;40m8[0;33;5;40;100m8[0;31;5;40;100m@[0;33;5;40;100m8[0;31;5;40;100m@[0;33;5;40;100m8[0;31;5;40;100mX[0;33;5;40;100mX;;;t;:;tX[0;1;30;90;40mS[0;33;5;40;100m%[0;30;5;40;100mS[0;33;5;40;100mSS[0;30;5;40;100mS[0;33;5;40;100m%[0;31;5;40;100mS[0;33;5;40;100m%[0;30;5;40;100m8[0;1;30;90;40m@8[0;33;5;40;100m.;t[0;30;5;40;100mS[0;33;5;40;100m%%[0;36;5;40;100mt[0;33;5;40;100mS[0;35;5;40;100m:[0;33;5;40;100m [0;1;30;90;40m@[0;30;5;40;100m@SS[0;35;5;40;100mt[0;32;5;40;100mS[0;35;5;40;100mS[0;32;5;40;100mX[0;31;5;40;100mS[0;36;5;40;100m%[0;33;5;40;100m8[0m
[0;33;5;40;100m8[0;31;5;40;100m8[0;32;5;40;100m8[0;31;5;40;100mX[0;33;5;40;100m8[0;30;5;40;100m@[0;33;5;40;100m8[0;30;5;40;100m8[0;33;5;40;100m8[0;31;5;40;100m8[0;33;5;40;100m@[0;30;5;40;100m@[0;33;5;40;100m8[0;30;5;40;100m@[0;31;5;40;100mS[0;32;5;40;100mX[0;31;5;40;100m8S[0;33;5;40;100m8[0;31;5;40;100m8[0;30;5;40;100mS[0;33;5;40;100m8[0;30;5;40;100m8[0;31;5;40;100mX[0;30;5;40;100mX[0;31;5;40;100mSS[0;33;5;40;100m8[0;30;5;40;100m8[0;31;5;40;100mS[0;32;5;40;100mS[0;30;5;40;100m8[0;31;5;40;100m@[0;30;5;40;100m@[0;31;5;40;100mS[0;32;5;40;100mS[0;30;5;40;100m8[0;31;5;40;100m8[0;30;5;40;100m8[0;1;30;90;40m88[0;30;5;40;100m88[0;1;30;90;40m8[0;30;5;40;100m@8[0;33;5;40;100mX[0;31;5;40;100mS[0;33;5;40;100mS[0;1;30;90;40m8[0;31;40mt[0;30;5;40;100m8[0;1;30;90;40m8@[0;32;40mt[0;31;40m%[0;1;30;90;40mXX[0;31;40m;[0;32;40m%[0;31;40mt[0;32;40mt[0;31;40m%t[0;32;40m;[0;34;40m;[0;31;40m%[0;32;40m;[0;34;40mt[0;31;40m:[0;34;40m..[0;32;40m.[0;34;40m:[0;1;30;90;40m8[0;31;40m;%[0;32;40mX[0;31;40m%[0;1;30;90;40mX[0;31;40mS[0;32;40m%[0;31;40mX[0;32;40mt;[0;31;40m;[0;32;40mt[0;1;30;90;40m@[0;30;5;40;100m8[0;31;40mS[0;1;30;90;40m@[0;31;40mX[0;1;30;90;40m8[0;31;40m@[0;33;5;40;100mS[0;31;40m%[0;34;40m:[0;31;40m;[0;30;5;40;100m8[0;1;30;90;40m8[0;30;5;40;100m8@@888[0;32;40m:.;[0;30;5;40;100m@[0;1;30;90;40m88[0;30;5;40;100m88[0;1;30;90;40m88[0;30;5;40;100m@[0;33;5;40;100mS.[0;1;30;90;40m@[0;31;40mS[0;32;5;40;100mS[0;30;5;40;100m8SXSSS[0;31;5;40;100mX[0;36;5;40;100mX[0m
[0;33;5;40;100mX[0;31;5;40;100m@X[0;30;5;40;100m@[0;33;5;40;100m@[0;31;5;40;100m8[0;30;5;40;100mS[0;31;5;40;100mS[0;30;5;40;100m@S[0;31;5;40;100m@[0;30;5;40;100mX[0;31;5;40;100m@[0;30;5;40;100mS[0;31;5;40;100mX[0;30;5;40;100m@SX@[0;33;5;40;100m8[0;30;5;40;100m8[0;31;5;40;100m8[0;30;5;40;100mX[0;33;5;40;100m8[0;30;5;40;100m8[0;33;5;40;100m8[0;30;5;40;100m8[0;31;5;40;100m@[0;33;5;40;100m8[0;31;5;40;100m8[0;33;5;40;100mX[0;31;5;40;100mX[0;32;5;40;100mS[0;31;5;40;100mX[0;33;5;40;100m8[0;31;5;40;100m8[0;32;5;40;100mS[0;31;5;40;100mX[0;33;5;40;100m8[0;31;5;40;100m@[0;33;5;40;100m8[0;31;5;40;100m8[0;33;5;40;100m8[0;31;5;40;100m@[0;33;5;40;100m8[0;31;5;40;100m8[0;30;5;40;100mX[0;33;5;40;100mS[0;30;5;40;100mS[0;33;5;40;100m%[0;31;5;40;100mSS[0;30;5;40;100mS[0;31;5;40;100mX[0;33;5;40;100m8[0;30;5;40;100mX[0;31;5;40;100mS[0;32;5;40;100mS[0;31;5;40;100m@[0;30;5;40;100mS[0;31;5;40;100mS[0;30;5;40;100mS[0;31;5;40;100mS[0;30;5;40;100m@[0;31;5;40;100mX[0;30;5;40;100m@[0;33;5;40;100m8[0;30;5;40;100m@8[0;1;30;90;40m8888[0;31;40m%[0;1;30;90;40mX[0;32;5;40;100mX[0;31;5;40;100mX[0;33;5;40;100mt%%t[0;35;5;40;100m%[0;33;5;40;100mS[0;35;5;40;100m%[0;32;5;40;100mS[0;31;5;40;100m8[0;30;5;40;100m88[0;31;40m%[0;32;40m;:;[0;31;40m:[0;32;40m;[0;34;40mt[0;32;40m;[0;34;40m:[0;32;40m;[0;34;40m:[0;32;40m.[0;31;40m  .[0;32;40m..;[0;31;40m%[0;34;40m;[0;31;40m:[0;34;40mt[0;31;40m;[0;32;40mt[0;31;40mS[0;1;30;90;40m8[0;31;40mt[0;32;40m:[0;34;40m:[0;31;40mt[0;30;5;40;100m8[0;1;30;90;40m@[0;32;40m.[0;31;40m%[0;30;5;40;100m8@[0;33;5;40;100m8[0;30;5;40;100m@[0;31;40mS[0;32;40m:t[0;30;5;40;100m8[0m
[0;33;5;40;100m.::;:tt%%SX[0;30;5;40;100mX[0;33;5;40;100m8[0;30;5;40;100mS[0;33;5;40;100m8[0;31;5;40;100mX[0;33;5;40;100m8[0;31;5;40;100mX[0;33;5;40;100m8[0;30;5;40;100m8[0;33;5;40;100m8[0;30;5;40;100m@[0;33;5;40;100m8[0;30;5;40;100m8[0;31;5;40;100mSX[0;32;5;40;100mS[0;31;5;40;100m8[0;30;5;40;100m8[0;32;5;40;100mS[0;31;5;40;100m8[0;30;5;40;100mX[0;33;5;40;100m8[0;30;5;40;100m8[0;31;5;40;100mX[0;30;5;40;100mS[0;31;5;40;100mS[0;33;5;40;100m8[0;30;5;40;100mX[0;33;5;40;100mS[0;30;5;40;100mS[0;31;5;40;100mS[0;30;5;40;100mX[0;33;5;40;100mX[0;30;5;40;100m@[0;33;5;40;100m%[0;31;5;40;100mX[0;30;5;40;100mS[0;33;5;40;100mX[0;30;5;40;100m@[0;31;5;40;100mS[0;32;5;40;100m8[0;31;5;40;100m8[0;30;5;40;100m8@[0;31;5;40;100mX[0;30;5;40;100m@[0;31;5;40;100m@[0;30;5;40;100m8[0;33;5;40;100m8[0;30;5;40;100m8[0;31;5;40;100mS[0;32;5;40;100m@[0;31;5;40;100m8[0;32;5;40;100m@[0;31;5;40;100m8[0;30;5;40;100mS[0;33;5;40;100m8[0;31;5;40;100m8S[0;30;5;40;100mS[0;33;5;40;100m8[0;31;5;40;100mX[0;33;5;40;100mXS[0;31;5;40;100mS[0;33;5;40;100mtt[0;35;5;40;100mt[0;33;5;40;100mSt%tS[0;35;5;40;100mt[0;33;5;40;100mS%S[0;31;5;40;100mS[0;30;5;40;100m8[0;31;5;40;100m8[0;1;30;90;40m@8[0;30;5;40;100m8[0;1;30;90;40m88[0;30;5;40;100m8[0;31;40m@[0;1;30;90;40m8[0;32;40m%[0;31;40m@[0;1;30;90;40mX[0;32;40m%[0;31;40mS[0;1;30;90;40mS@@@[0;32;40mt[0;31;40m%[0;32;40mt[0;34;40mt[0;32;40mt[0;34;40mt[0;32;40mt[0;31;40mt[0;34;40m;[0;32;40m%[0;30;5;40;100m8[0;31;40m%[0;32;40m%[0;34;40mt[0;31;40m;[0;32;40m.[0;34;40m:[0;31;40m%[0;1;30;90;40m88[0;31;40m%[0;1;30;90;40m8[0m
[0;1;30;90;47m8SX8[0;37;5;40;100m8[0;33;5;40;100m     ..:;t;tt[0;35;5;40;100m%[0;33;5;40;100m%[0;35;5;40;100m%[0;33;5;40;100mS[0;35;5;40;100mX[0;33;5;40;100m8[0;30;5;40;100mX[0;33;5;40;100mS[0;31;5;40;100mX[0;36;5;40;100mX[0;31;5;40;100mS[0;33;5;40;100mS[0;30;5;40;100mS[0;33;5;40;100mS[0;31;5;40;100mS[0;33;5;40;100mS[0;30;5;40;100mS[0;33;5;40;100mX[0;30;5;40;100mX[0;33;5;40;100m%[0;31;5;40;100mSS[0;33;5;40;100m%%[0;31;5;40;100mS[0;33;5;40;100m%[0;35;5;40;100mS[0;33;5;40;100m@[0;36;5;40;100m%[0;31;5;40;100mS[0;33;5;40;100m%tS[0;31;5;40;100mX[0;33;5;40;100mXXXXX[0;30;5;40;100mS[0;33;5;40;100m@[0;30;5;40;100m@[0;33;5;40;100mX[0;31;5;40;100mX[0;33;5;40;100m8[0;30;5;40;100mX[0;33;5;40;100m@[0;31;5;40;100mS[0;33;5;40;100mX[0;31;5;40;100mS[0;32;5;40;100mS[0;33;5;40;100m8[0;31;5;40;100m8[0;33;5;40;100mX[0;30;5;40;100mS[0;33;5;40;100mS[0;31;5;40;100mS[0;33;5;40;100m%[0;35;5;40;100m%[0;33;5;40;100m@S[0;35;5;40;100mS[0;33;5;40;100m%[0;35;5;40;100m;[0;33;5;40;100m%t%[0;35;5;40;100m%[0;33;5;40;100mS[0;31;5;40;100mS[0;33;5;40;100m%X[0;30;5;40;100mX[0;33;5;40;100m@[0;31;5;40;100mX[0;33;5;40;100m8[0;31;5;40;100m@[0;33;5;40;100m8[0;30;5;40;100m@[0;33;5;40;100m@[0;31;5;40;100m@[0;33;5;40;100mX[0;30;5;40;100m@[0;31;5;40;100mSS[0;32;5;40;100mX[0;31;5;40;100m8[0;30;5;40;100m8[0;33;5;40;100m8[0;30;5;40;100m8[0;31;5;40;100mS[0;32;5;40;100mX[0;31;5;40;100m8[0;30;5;40;100m88[0;31;5;40;100m@[0;1;30;90;40m8[0;30;5;40;100m@[0;1;30;90;40m8[0;30;5;40;100m88@88[0;1;30;90;40m88[0;30;5;40;100m8[0;1;30;90;40m88[0;30;5;40;100m@@[0;1;30;90;40m8[0m
[0;33;5;40;100m%%t%St:t%%%%[0;31;5;40;100mS[0;33;5;40;100mS[0;31;5;40;100mS[0;32;5;40;100mS[0;31;5;40;100mS[0;32;5;40;100mX[0;31;5;40;100mX[0;33;5;40;100mS[0;32;5;40;100mS[0;31;5;40;100mS[0;32;5;40;100mS[0;35;5;40;100m%[0;33;5;40;100mt[0;36;5;40;100m [0;33;5;40;100m:;   [0;37;5;40;100mS[0;36;5;40;100m [0;35;5;40;100m:[0;33;5;40;100m [0;37;5;40;100mS[0;33;5;40;100m [0;35;5;40;100m [0;33;5;40;100m [0;36;5;40;100m [0;35;5;40;100m [0;36;5;40;100m :[0;33;5;40;100m%[0;32;5;40;100mS[0;31;5;40;100mS[0;33;5;40;100mS[0;35;5;40;100m%[0;33;5;40;100mX[0;35;5;40;100m@[0;32;5;40;100mS[0;35;5;40;100m%[0;33;5;40;100mX[0;30;5;40;100mX[0;31;5;40;100mS[0;34;5;40;100mX[0;33;5;40;100m8[0;31;5;40;100mS[0;33;5;40;100mt[0;31;5;40;100mS[0;33;5;40;100m%[0;30;5;40;100mS[0;33;5;40;100m%[0;31;5;40;100mS[0;33;5;40;100mtt[0;34;5;40;100mS[0;31;5;40;100mSS[0;32;5;40;100m%[0;33;5;40;100mt[0;31;5;40;100mS[0;33;5;40;100mt[0;35;5;40;100m%[0;33;5;40;100mStS[0;35;5;40;100mS[0;33;5;40;100m@%t%[0;35;5;40;100mt[0;33;5;40;100m%t%[0;35;5;40;100mt[0;33;5;40;100mS[0;30;5;40;100mS[0;33;5;40;100m%[0;31;5;40;100mS[0;33;5;40;100mS[0;30;5;40;100m@[0;31;5;40;100mS[0;32;5;40;100m@[0;31;5;40;100m8[0;33;5;40;100m@[0;30;5;40;100m8[0;32;5;40;100mS[0;31;5;40;100mX[0;32;5;40;100mX[0;30;5;40;100m@[0;33;5;40;100m8[0;30;5;40;100m8[0;31;5;40;100mS[0;30;5;40;100mX[0;31;5;40;100mX[0;32;5;40;100mS[0;31;5;40;100m8[0;30;5;40;100m@[0;31;5;40;100mS[0;30;5;40;100m@S@X[0;31;5;40;100mX[0;30;5;40;100mX[0;31;5;40;100m@[0;30;5;40;100m@[0;31;5;40;100mX[0;30;5;40;100mX[0;31;5;40;100mX[0;30;5;40;100mX[0;31;5;40;100mX[0;30;5;40;100mX[0;33;5;40;100m8[0;30;5;40;100m8[0;31;5;40;100mS[0;33;5;40;100m8[0;31;5;40;100mX[0m
[0;33;5;40;100m;;;t[0;35;5;40;100mt[0;33;5;40;100m%tt[0;35;5;40;100m%[0;33;5;40;100mS[0;35;5;40;100mS[0;33;5;40;100mXt[0;35;5;40;100m%[0;33;5;40;100mX[0;35;5;40;100mS[0;33;5;40;100m@[0;35;5;40;100mS[0;32;5;40;100mS[0;31;5;40;100mXS[0;33;5;40;100mS[0;31;5;40;100mX[0;33;5;40;100m@[0;31;5;40;100mX[0;33;5;40;100m%%[0;31;5;40;100mS[0;33;5;40;100mS%[0;31;5;40;100mS[0;33;5;40;100mS[0;31;5;40;100mS[0;33;5;40;100mSt%;:.::::[0;35;5;40;100m;[0;33;5;40;100m:[0;35;5;40;100m:[0;33;5;40;100m:%[0;30;5;40;100mS[0;33;5;40;100mX[0;31;5;40;100mS[0;32;5;40;100mS[0;35;5;40;100mX[0;33;5;40;100mXS[0;31;5;40;100mX[0;36;5;40;100m%[0;31;5;40;100mS[0;33;5;40;100m%[0;34;5;40;100mS[0;33;5;40;100m8[0;31;5;40;100mS[0;30;5;40;100mS[0;33;5;40;100mt[0;31;5;40;100mS[0;30;5;40;100mS[0;33;5;40;100m@[0;30;5;40;100m@[0;33;5;40;100m%[0;31;5;40;100mS[0;30;5;40;100mS[0;33;5;40;100m%[0;30;5;40;100mX[0;33;5;40;100m%[0;35;5;40;100mt[0;33;5;40;100m%t%[0;35;5;40;100m%[0;33;5;40;100m%[0;35;5;40;100mt[0;33;5;40;100mSt[0;35;5;40;100m;[0;33;5;40;100m%%%[0;35;5;40;100m%[0;33;5;40;100mSt[0;35;5;40;100m%[0;33;5;40;100m@%[0;31;5;40;100mX[0;33;5;40;100m%[0;30;5;40;100mS[0;33;5;40;100m%[0;35;5;40;100mS[0;31;5;40;100mS[0;30;5;40;100mS[0;33;5;40;100m@[0;31;5;40;100m@[0;30;5;40;100mX[0;33;5;40;100mX[0;31;5;40;100mS[0;33;5;40;100m8[0;30;5;40;100m@[0;31;5;40;100mX[0;32;5;40;100mX[0;31;5;40;100mX[0;32;5;40;100mS[0;31;5;40;100mX[0;33;5;40;100m8[0;1;30;90;40m8[0;33;5;40;100m8[0;1;30;90;40m8[0;33;5;40;100m8[0;1;30;90;40m8[0;33;5;40;100m8[0;30;5;40;100m8[0;33;5;40;100m8[0;1;30;90;40m8[0;33;5;40;100m8[0;1;30;90;40m8[0;31;5;40;100mS[0;30;5;40;100m@[0;33;5;40;100m8[0;30;5;40;100m8[0;31;5;40;100mX[0;32;5;40;100mX[0m
[0;33;5;40;100m;:;t%[0;35;5;40;100m;[0;33;5;40;100m%%%%X[0;35;5;40;100mS[0;33;5;40;100m8S[0;31;5;40;100mS[0;33;5;40;100mX[0;30;5;40;100mS[0;33;5;40;100mX%%[0;31;5;40;100m%[0;33;5;40;100m%[0;32;5;40;100m%[0;35;5;40;100m%[0;33;5;40;100m@[0;30;5;40;100mS[0;33;5;40;100mt;;;;;t;;[0;35;5;40;100m;[0;33;5;40;100m%t;;tt%%%%[0;35;5;40;100m%[0;33;5;40;100m@t[0;31;5;40;100mS[0;33;5;40;100mt[0;31;5;40;100mS[0;33;5;40;100m8[0;34;5;40;100mS[0;33;5;40;100m@[0;31;5;40;100mS[0;33;5;40;100mX%[0;31;5;40;100mS[0;33;5;40;100mX[0;35;5;40;100mS[0;33;5;40;100mX;[0;35;5;40;100m%[0;33;5;40;100mXt[0;35;5;40;100m%[0;33;5;40;100mS[0;35;5;40;100m;[0;33;5;40;100m%;[0;35;5;40;100mt[0;33;5;40;100mS%%[0;35;5;40;100m%[0;33;5;40;100mS[0;35;5;40;100mt[0;33;5;40;100mX;t[0;35;5;40;100m%[0;33;5;40;100mXt[0;35;5;40;100mt[0;33;5;40;100m%[0;31;5;40;100mS[0;33;5;40;100mS[0;35;5;40;100mS[0;33;5;40;100m8[0;30;5;40;100mS[0;35;5;40;100mt[0;33;5;40;100mX[0;35;5;40;100m%[0;33;5;40;100m@[0;35;5;40;100mS[0;33;5;40;100m8@S[0;31;5;40;100mS[0;33;5;40;100m%[0;31;5;40;100mS[0;33;5;40;100m%[0;31;5;40;100mX[0;32;5;40;100mX[0;31;5;40;100mX[0;33;5;40;100mX[0;31;5;40;100mX[0;33;5;40;100m@[0;30;5;40;100m@[0;33;5;40;100m8[0;30;5;40;100m@[0;33;5;40;100m8[0;31;5;40;100m@S[0;30;5;40;100mS[0;31;5;40;100mS[0;33;5;40;100m8[0;30;5;40;100m8[0;33;5;40;100m8[0;31;5;40;100m8[0;33;5;40;100m@[0;30;5;40;100m@[0;33;5;40;100m@@[0;31;5;40;100mX[0;33;5;40;100mS[0;31;5;40;100mS[0;33;5;40;100mS[0;35;5;40;100mS[0m
[0;33;5;40;100m;::;ttt[0;35;5;40;100m%[0;33;5;40;100mS[0;35;5;40;100mS[0;33;5;40;100mXS[0;35;5;40;100mS[0;33;5;40;100mX[0;36;5;40;100m%[0;33;5;40;100mX[0;35;5;40;100m%[0;33;5;40;100mX[0;35;5;40;100mS[0;33;5;40;100m@t[0;35;5;40;100m%[0;33;5;40;100m@X[0;30;5;40;100mS[0;33;5;40;100m;%[0;35;5;40;100mS[0;33;5;40;100mX[0;35;5;40;100mt[0;33;5;40;100mS;%[0;35;5;40;100m%[0;33;5;40;100mX%t;tt;;[0;35;5;40;100mt[0;33;5;40;100mX[0;35;5;40;100mS[0;33;5;40;100m@S[0;35;5;40;100m%[0;33;5;40;100mXttt%[0;31;5;40;100mS[0;33;5;40;100mtt[0;35;5;40;100m%[0;33;5;40;100mS;%S[0;35;5;40;100mt[0;33;5;40;100m@S[0;35;5;40;100mS[0;33;5;40;100m8%tS[0;35;5;40;100mt[0;33;5;40;100m8S[0;35;5;40;100mS[0;33;5;40;100mX[0;31;5;40;100m%[0;33;5;40;100mS%S[0;35;5;40;100mt[0;33;5;40;100mX%S[0;35;5;40;100m%[0;33;5;40;100mX%[0;35;5;40;100m;[0;33;5;40;100m%%S[0;35;5;40;100m%[0;33;5;40;100m@S[0;30;5;40;100m@[0;33;5;40;100mX[0;31;5;40;100mX[0;32;5;40;100mX[0;31;5;40;100mS[0;30;5;40;100mS[0;33;5;40;100mt%[0;31;5;40;100mS[0;32;5;40;100m%[0;33;5;40;100m%[0;31;5;40;100mS[0;33;5;40;100m%[0;31;5;40;100mS[0;32;5;40;100mS[0;31;5;40;100mS[0;33;5;40;100mS[0;31;5;40;100mSS[0;33;5;40;100mX[0;31;5;40;100mX[0;32;5;40;100mX[0;31;5;40;100mS[0;33;5;40;100m8[0;30;5;40;100mX[0;31;5;40;100mXS[0;30;5;40;100mX[0;33;5;40;100m%[0;31;5;40;100mX[0;33;5;40;100m%[0;31;5;40;100mS[0;33;5;40;100m%[0;31;5;40;100mS[0;36;5;40;100m%[0;33;5;40;100mX[0;31;5;40;100mS[0;33;5;40;100mS[0m
