[0;1;37;97;47m8[0;37;5;47;107m8[0;1;37;97;47m8[0;37;5;47;107m8[0;1;37;97;47m@[0;37;5;47;107m8[0;1;37;97;47m@[0;37;5;47;107m88888[0;1;37;97;47m@[0;37;5;47;107m8888[0;1;37;97;47m@[0;37;5;47;107m8[0;1;37;97;47m@[0;37;5;47;107m8[0;1;37;97;47mX[0;37;5;47;107m8[0;1;37;97;47m@@[0;37;5;47;107m888888[0;1;37;97;47m@[0;37;5;47;107m888[0;1;37;97;47m8[0;37;5;47;107m8[0;1;37;97;47m8[0;37;5;47;107m8[0;1;37;97;47m@[0;37;5;47;107m888XXSXSXXXXXXX@8@88888[0;1;37;97;47m@@@X@@@@[0;37;5;47;107m8[0;1;37;97;47m@[0;37;5;47;107m8[0;1;37;97;47m@[0;37;5;47;107m8888[0;1;37;97;47m8[0;37;5;47;107m8[0;1;37;97;47m@@@XXXSSS%%%%%%ttt;tt;t;;:::::..   .[0;1;30;90;47m ....:::;;;;t[0m
[0;1;37;97;47m8888@@[0;37;5;47;107m8[0;1;37;97;47m@[0;37;5;47;107m8[0;1;37;97;47mX[0;37;5;47;107m888[0;1;37;97;47m@[0;37;5;47;107m8[0;1;37;97;47mX[0;37;5;47;107m88[0;1;37;97;47m@[0;37;5;47;107m8[0;1;37;97;47mX[0;37;5;47;107m8[0;1;37;97;47m@[0;37;5;47;107m888888888888888[0;1;37;97;47m8[0;37;5;47;107m888S%SXXX@@8@@@@@888888[0;1;37;97;47m@[0;37;5;47;107m8[0;1;37;97;47mX@@@@@[0;37;5;47;107m8[0;1;37;97;47mX[0;37;5;47;107m8[0;1;37;97;47mX[0;37;5;47;107m8[0;1;37;97;47m@[0;37;5;47;107m8[0;1;37;97;47m@[0;37;5;47;107m88[0;1;37;97;47m@[0;37;5;47;107m8[0;1;37;97;47mX@@XXXSSSSSS%%%t;t;;;;:;:::...[0;1;30;90;47m    ...::;;;t;t;tt[0m
[0;1;37;97;47m88[0;37;5;47;107m8[0;1;37;97;47m@[0;37;5;47;107m8[0;1;37;97;47mX[0;37;5;47;107m8888[0;1;37;97;47mX[0;37;5;47;107m88[0;1;37;97;47m@[0;37;5;47;107m88[0;1;37;97;47m@[0;37;5;47;107m88[0;1;37;97;47m@[0;37;5;47;107m8[0;1;37;97;47m@[0;37;5;47;107m8888888888@X@888888St;tSX@@8@@@@@8888[0;1;37;97;47m@@@[0;37;5;47;107m8[0;1;37;97;47mX[0;37;5;47;107m8[0;1;37;97;47mS@X@@@[0;37;5;47;107m8[0;1;37;97;47mX[0;37;5;47;107m8[0;1;37;97;47m@[0;37;5;47;107m88888[0;1;37;97;47m88[0;37;5;47;107m8[0;1;37;97;47mX@@@@@XXXXSS%%tt;t;;:::....[0;1;30;90;47m   ...::::;t;t;ttttt[0m
[0;1;37;97;47m88@[0;37;5;47;107m8[0;1;37;97;47m@[0;37;5;47;107m88[0;1;37;97;47m@[0;37;5;47;107m888888888[0;1;37;97;47m@[0;37;5;47;107m8888@@X@@8888@@@888@@@@Xt%XX@X@@8@@@8888[0;1;37;97;47m@[0;37;5;47;107m88[0;1;37;97;47m@[0;37;5;47;107m8[0;1;37;97;47mX[0;37;5;47;107m8[0;1;37;97;47m@[0;37;5;47;107m8[0;1;37;97;47mX[0;37;5;47;107m8[0;1;37;97;47m@[0;37;5;47;107m8[0;1;37;97;47m@[0;37;5;47;107m8888888888[0;1;37;97;47m8[0;37;5;47;107m8[0;1;37;97;47m8[0;37;5;47;107m8[0;1;37;97;47m8[0;37;5;47;107m8[0;1;37;97;47m@@@@XS%%%tt;;;;::.:.[0;1;30;90;47m    ...:::;;;t;t;;;;::[0m
[0;37;5;47;107m8[0;1;37;97;47m8[0;37;5;47;107m88@88@@@X888888@@@SSSSSSS%SXX888@XS%SSX@X@8@@XXXSSSX@88888888888888[0;1;37;97;47m@@[0;37;5;47;107m88888@@888888888[0;1;37;97;47m8888XXSS%%tt;;;::..[0;1;30;90;47m    ..:::::::::::.. [0;1;37;97;47m ...[0m
[0;37;5;47;107m888@XXXSSSSSXXSS@XSS%%SS%S%%SX@@@@S%t%t%XXSX8@XXXSS%XX888888@88888888888@8@XStSXXXX@888[0;1;37;97;47m8[0;37;5;47;107m8[0;1;37;97;47m8@@XSS%tt;;::...[0;1;30;90;47m   ....:::;;:.[0;1;37;97;47m  . ...::::[0m
[0;37;5;47;107m8888@@XXSS%SSSSSSSSSS%S%%%%%SSX@@XS%tt%SSSXXX@@XXSSXX8@@@8@XSXXXX8@@X@8XSSXX%ttt%%SX88[0;1;37;97;47m8888XXSSttt;;:::..[0;1;30;90;47m    ..::.:::. [0;1;37;97;47m...:::;::;t;[0m
[0;37;5;47;107m88@@X@XXSS%%S%t%%XXSXSSS%%%%%SSXXS%%%%%SXSXXXXXXSXX@@XX%%S%%%SSSS%%%tS8%%%%%t%;:;%X88[0;1;37;97;47m888@XSS%tt;;;::..[0;1;30;90;47m    ..:...::..[0;1;37;97;47m . .:::;;tt%%S[0m
[0;37;5;47;107mXSSS%%%%%%%%%%t%%%SSSSSSS%S%SSXS%%%%%%%SSSSSSXSSXXXXS@S%SSX%@8XS%@S%tt[0;1;37;97;47m8[0;37;5;47;107mtttttt%S%SX8[0;1;37;97;47m8888@XS%%tt;;::..[0;1;30;90;47m    .....:.... [0;1;37;97;47m...::;;t%%%SSS%[0m
[0;1;37;97;47mXXS@8[0;37;5;47;107m888S%;;::;t%%SS%SS%SS%SSSSS%%%%%%S%S%%%SXSXXXXSt[0;1;37;97;47m8X@@8@@[0;1;30;90;47m;[0;35;5;40;100m [0;37;5;40;100m8[0;35;5;40;100m [0;1;30;90;47m@[0;35;5;40;100m [0;1;30;90;47m@[0;37;5;40;100m88[0;1;30;90;47mX8[0;37;5;47;107mXtXS.;ttSX8[0;1;37;97;47m8[0;37;5;47;107m8[0;1;37;97;47m88@XSS%tt;;::[0;1;30;90;47m [0;1;37;97;47m.[0;1;30;90;47m     ...... . [0;1;37;97;47m.::;;ttt%%t%SXS%%[0m
[0;36;5;40;100m [0;37;5;40;100mS[0;35;5;40;100m [0;37;5;40;100mX%[0;35;5;40;100m [0;37;5;40;100mS@@[0;1;30;90;47m8[0;37;5;40;100mS[0;1;30;90;47m8X%;[0;1;37;97;47m tX[0;37;5;47;107m88S%%%%%SSSXSXSSSS%S%%S%%%%XXXXXS%%[0;35;5;40;100m %;tt%[0;30;5;40;100mS[0;35;5;40;100m.[0;1;30;90;47m8[0;37;5;40;100m8[0;1;30;90;47mX@X[0;37;5;40;100m88888[0;1;30;90;47m%t%;.[0;1;37;97;47m@[0;37;5;47;107mt%S8[0;1;37;97;47m8888@XXS%tt;::..:[0;1;30;90;47m [0;1;37;97;47m.[0;1;30;90;47m    ....   [0;1;37;97;47m::;t%tS%SSS%SSSSS%%[0m
[0;37;5;40;100mSSSX@XS@@S[0;35;5;40;100m [0;1;30;90;47m8[0;37;5;40;100m@8X@[0;1;30;90;47m88[0;37;5;40;100mS@[0;1;30;90;47m@@X.[0;1;37;97;47mS8[0;37;5;47;107m@S%SSSSXSSXSSSSXSXXXXXSSS:[0;1;37;97;47m%[0;30;5;40;100m8[0;35;5;40;100m;[0;36;5;40;100m .:[0;33;5;40;100m.[0;35;5;40;100m .. [0;37;5;40;100m8[0;1;30;90;47m@@X@[0;37;5;40;100m8[0;1;30;90;47mX@[0;37;5;40;100m888[0;1;30;90;47m8[0;37;5;40;100m8[0;1;30;90;47m:[0;37;5;47;107mX[0;1;37;97;47m8:[0;1;30;90;47mStttt;t;;;;;;:::::::::..    [0;1;37;97;47m:;tttSXXXXXXSSS%%%%%%t[0m
[0;37;5;40;100mS[0;35;5;40;100m [0;37;5;40;100m8XXS@8@@S@88X8[0;1;30;90;47m88[0;37;5;40;100m@[0;1;30;90;47m88@[0;37;5;40;100m8[0;1;30;90;47mX%88;[0;1;37;97;47m;8[0;37;5;47;107m;%SXSXXXXXXXXXXXXXXSS;[0;35;5;40;100m [0;31;5;40;100m8[0;36;5;40;100m;[0;33;5;40;100m   [0;36;5;40;100m  [0;35;5;40;100m  [0;37;5;40;100m@8[0;1;30;90;47mSSSS@%t;%%S%8[0;35;5;40;100mt [0;1;30;90;47mX@@@@@@88888[0;37;5;40;100m8[0;1;30;90;47m8[0;37;5;40;100m88[0;1;30;90;47m8[0;37;5;40;100m888888888[0;1;30;90;47m88@X%;:. [0;1;37;97;47m;.t%%tSS%%%%%%S%[0m
[0;37;5;40;100mXS@@@X@8[0;1;30;90;47m8[0;37;5;40;100mXS[0;1;30;90;47m8[0;37;5;40;100m88@[0;1;30;90;47m888[0;37;5;40;100m@[0;1;30;90;47m8X@8X;S@tS8% [0;1;37;97;47m8[0;37;5;47;107mSSXX@XXXXXXX@XXS%tX[0;35;5;40;100m%[0;36;5;40;100m;[0;37;5;40;100m8[0;33;5;40;100m   [0;36;5;40;100m [0;35;5;40;100m   [0;37;5;40;100m8[0;35;5;40;100m:[0;1;30;90;40m8[0;30;5;40;100m8@@8XXS[0;35;5;40;100m8[0;30;5;40;100m@[0;35;5;40;100m%%[0;32;5;40;100mS[0;35;5;40;100mS[0;30;5;40;100mS[0;37;5;40;100m@[0;1;30;90;47m8SXSXXXX@X@X@X@8@@@8@888888[0;37;5;40;100m8[0;1;30;90;47m8[0;37;5;40;100m88888888888[0;1;30;90;47m8[0;37;5;40;100m8[0;1;30;90;47m8888@XXX[0m
[0;37;5;40;100mXS888@8[0;1;30;90;47m8[0;37;5;40;100m8@@8[0;1;30;90;47m8[0;37;5;40;100m8@[0;1;30;90;47m8@@[0;37;5;40;100m8[0;1;30;90;47m8S@8%;SS:%8S[0;37;5;40;100m8X[0;35;5;40;100m [0;1;37;97;47mt[0;37;5;47;107mSSXXX@X@@XXXXXX:[0;1;30;90;47m8[0;31;5;40;100mX[0;1;30;90;47m%t;:;;%[0;37;5;40;100mS[0;35;5;40;100m [0;1;30;90;47mX[0;35;5;40;100m [0;1;30;90;40m88[0;30;5;40;100m8[0;1;30;90;40m8@[0;34;40mX[0;1;30;90;40m8XS[0;30;5;40;100m8[0;1;30;90;40m88X[0;36;5;40;100m%[0;30;5;40;100m8[0;35;5;40;100m [0;1;30;90;47m8%8[0;31;5;40;100mS[0;35;5;40;100m%[0;33;5;40;100mS[0;35;5;40;100mS[0;33;5;40;100mt[0;35;5;40;100m;[0;33;5;40;100m:[0;35;5;40;100m   [0;37;5;40;100mX[0;35;5;40;100m [0;37;5;40;100mS%SXX@[0;1;30;90;47m8[0;37;5;40;100m@[0;1;30;90;47m8[0;37;5;40;100m8[0;1;30;90;47m88888@@@@8@@8@88888888[0;37;5;40;100m8[0;1;30;90;47m8[0;37;5;40;100m8[0m
[0;37;5;40;100mXX888@[0;1;30;90;47m8[0;37;5;40;100m8[0;1;30;90;47m8[0;37;5;40;100m@8[0;1;30;90;47m88[0;37;5;40;100m88[0;1;30;90;47mXX@8@SX8t:S%:%8S[0;37;5;40;100m88X[0;35;5;40;100m [0;1;37;97;47m8[0;37;5;47;107m%X@@@@XXX%%%%%S[0;30;5;40;100mS[0;37;5;40;100m8[0;1;30;90;47m SSSSXX[0;37;5;40;100mX[0;35;5;40;100m [0;1;30;90;47mX[0;35;5;40;100m [0;30;5;40;100m88[0;34;5;40;100m8[0;30;5;40;100m8[0;1;30;90;40m888@S8[0;30;5;40;100m8[0;1;30;90;40m8X[0;31;5;40;100mS[0;30;5;40;100mX[0;35;5;40;100m [0;37;5;40;100m@[0;1;30;90;47mt@[0;33;5;40;100m [0;36;5;40;100m  ;[0;31;40mt[0;30;5;40;100m8[0;1;30;90;40m8[0;35;5;40;100m:S[0;33;5;40;100m;[0;35;5;40;100m [0;1;30;90;40m8@@[0;31;40mXt[0;1;30;90;40mX[0;31;40mt%[0;1;30;90;40m8[0;31;40mS[0;1;30;90;40m@[0;31;40mS[0;1;30;90;40m8X8[0;30;5;40;100m88[0;31;5;40;100m8[0;30;5;40;100m@[0;31;5;40;100mS[0;35;5;40;100mt[0;33;5;40;100m%[0;35;5;40;100m;[0;33;5;40;100m.  [0;37;5;40;100mS[0;33;5;40;100m [0;37;5;40;100m@[0;33;5;40;100m [0;1;30;90;47m8[0;37;5;40;100m@[0;1;30;90;47m8888[0m
[0;37;5;40;100mX@8[0;1;30;90;47m8[0;37;5;40;100m88[0;1;30;90;47m888[0;37;5;40;100m@8[0;1;30;90;47m88[0;37;5;40;100m88[0;1;30;90;47mXX88XSX8;;St:%@X[0;37;5;40;100m@X[0;35;5;40;100m  [0;1;37;97;47m8[0;37;5;47;107m%XXXSXSSSS%X[0;1;30;90;47m%t:[0;35;5;40;100mX[0;1;30;90;47m:[0;37;5;40;100m8[0;33;5;40;100m [0;37;5;40;100m@[0;33;5;40;100m [0;1;30;90;47mSXX[0;37;5;40;100mX[0;33;5;40;100m [0;1;30;90;47m8[0;35;5;40;100m %[0;32;5;40;100mS[0;31;5;40;100mX[0;36;5;40;100m@[0;1;30;90;40m8[0;30;5;40;100m@@8[0;1;30;90;40m8[0;30;5;40;100m@@8[0;1;30;90;40m8[0;30;5;40;100mX@[0;35;5;40;100m.[0;37;5;40;100m%[0;1;30;90;47mtt@88[0;37;5;40;100m8[0;33;5;40;100m     [0;37;5;40;100mS8[0;35;5;40;100m:[0;33;5;40;100mt[0;35;5;40;100m%[0;36;5;40;100m. ..S[0;30;5;40;100m8X@88[0;1;30;90;40m8[0;30;5;40;100m8[0;1;30;90;40m@@@@[0;32;40m%[0;1;30;90;40mSXS[0;30;5;40;100m88[0;31;5;40;100m@[0;1;30;90;40mS88[0;33;5;40;100m;;.[0;31;40m%[0;1;30;90;40m8[0;30;5;40;100m8[0;33;5;40;100mS[0m
[0;37;5;40;100mX8[0;1;30;90;47m8[0;37;5;40;100m888[0;1;30;90;47m88[0;37;5;40;100m888[0;1;30;90;47m@@[0;37;5;40;100m8[0;1;30;90;47m8SS88S%XX:;S;.S@@[0;37;5;40;100mX@[0;35;5;40;100m [0;37;5;40;100m@[0;1;30;90;47m:[0;1;37;97;47m;.;;;tt%%SS.[0;35;5;40;100m  ;[0;1;30;90;47m8:[0;33;5;40;100m tt:[0;1;30;90;47m8@X[0;37;5;40;100m@[0;33;5;40;100m [0;37;5;40;100m8@[0;1;30;90;47m8%XS8XttXXSX8[0;36;5;40;100m;[0;30;5;40;100m8[0;35;5;40;100mt[0;33;5;40;100m [0;1;30;90;47m;;ttt;:::.:tt%St;:tSX%%%SSXXX@X@S88[0;37;5;40;100m8[0;1;30;90;47m8[0;37;5;40;100m8[0;1;30;90;47m8[0;37;5;40;100m8X[0;33;5;40;100m [0;37;5;40;100m8S8[0;33;5;40;100m   [0;36;5;40;100m [0m
[0;37;5;40;100m@88[0;1;30;90;47m8[0;37;5;40;100m8[0;1;30;90;47m8@8@[0;37;5;40;100m8[0;1;30;90;47m88@[0;37;5;40;100m8[0;1;30;90;47m@SS88%%XS::S:.S@@[0;37;5;40;100mX@[0;35;5;40;100m  [0;1;30;90;47m%SX@@@@@8@8@@;%t.StX@@@XX[0;37;5;40;100m@[0;33;5;40;100m [0;37;5;40;100m8@[0;1;30;90;47m@;;;%tt:tttt@[0;35;5;40;100m.[0;1;30;90;40m8[0;33;5;40;100m%[0;35;5;40;100m [0;1;30;90;47mt;tt;ttttt%tt%t%%%%%%%%SSSSSSSSX@@XXXSX@SS@@SSSSX[0m
[0;33;5;40;100m [0;37;5;40;100m8XX[0;35;5;40;100m [0;1;30;90;47m8[0;37;5;40;100m88888[0;1;30;90;47m88[0;37;5;40;100m8[0;1;30;90;47mS%%XX;tX%.;S:.X@8[0;37;5;40;100mXXS[0;35;5;40;100m [0;1;30;90;47m%X@SXSSSSSSSSS%t@S;XXXXXX[0;37;5;40;100m@[0;33;5;40;100m [0;37;5;40;100m8S[0;30;5;40;100m@88@8[0;31;5;40;100mX[0;30;5;40;100mX[0;34;5;40;100mS[0;30;5;40;100mXXS[0;34;5;40;100mS[0;33;5;40;100mX[0;30;5;40;100m@@[0;34;5;40;100mS[0;33;5;40;100m [0;1;30;90;47m%:;tt;;;;;;;;;;;;;;tttttttt%%S%S%SSSXSSXXX@@@XX@@[0m
[0;30;5;40;100m88[0;33;5;40;100m:[0;35;5;40;100m;[0;33;5;40;100m:[0;35;5;40;100m%[0;32;5;40;100m%[0;35;5;40;100m8[0;33;5;40;100m.[0;35;5;40;100m ;[0;33;5;40;100m;[0;35;5;40;100m;[0;33;5;40;100m;[0;35;5;40;100mt[0;36;5;40;100m;[0;35;5;40;100mt[0;36;5;40;100mt[0;35;5;40;100m  [0;37;5;40;100m@[0;35;5;40;100m [0;37;5;40;100m8[0;1;30;90;47m8@@t:SX8[0;37;5;40;100mXS[0;35;5;40;100m [0;37;5;40;100m8[0;35;5;40;100m.  [0;33;5;40;100m [0;37;5;40;100mt[0;33;5;40;100m   [0;37;5;40;100m@[0;1;30;90;47m%SSS%%%%:%SXSXXS8[0;33;5;40;100m [0;1;30;90;47m8[0;33;5;40;100m ;[0;30;5;40;100m@XX8@@X8[0;1;30;90;40m8[0;30;5;40;100m8[0;1;30;90;40m@[0;30;5;40;100m88S[0;31;5;40;100mS[0;36;5;40;100m [0;1;30;90;47mS[0;1;37;97;47m [0;37;5;40;100m8[0;31;5;40;100m@[0;30;5;40;100mX[0;33;5;40;100m%[0;30;5;40;100m8[0;31;5;40;100m8[0;30;5;40;100m8[0;31;5;40;100m@[0;30;5;40;100m8[0;31;5;40;100m@[0;30;5;40;100m@[0;31;5;40;100mX[0;30;5;40;100mX[0;33;5;40;100mS[0;31;5;40;100mX[0;30;5;40;100mX[0;33;5;40;100mS[0;31;5;40;100mS[0;33;5;40;100m%[0;35;5;40;100mS[0;33;5;40;100mSt[0;35;5;40;100m%[0;33;5;40;100mXt[0;35;5;40;100m;[0;33;5;40;100mt::::..      [0;37;5;40;100mX[0;33;5;40;100m [0;37;5;40;100m@[0;33;5;40;100m [0;37;5;40;100m8[0;33;5;40;100m [0;1;30;90;47m8[0;37;5;40;100mX[0m
[0;33;5;40;100m%[0;35;5;40;100mt[0;36;5;40;100m   [0;33;5;40;100m  .[0;37;5;40;100m8[0;33;5;40;100m [0;37;5;40;100mS%%[0;36;5;40;100m [0;37;5;40;100mS[0;33;5;40;100m  .[0;1;30;90;47mt@88[0;37;5;40;100m8[0;35;5;40;100m  X[0;33;5;40;100m [0;37;5;40;100mX[0;35;5;40;100m t[0;36;5;40;100m:[0;35;5;40;100m. [0;37;5;40;100m@[0;35;5;40;100m [0;37;5;40;100m88[0;1;30;90;47m88@XSS8@XXXXXXXSSXXXSSSt;tt@%;;SS%t%X%%8[0;35;5;40;100m [0;30;5;40;100mXX[0;33;5;40;100m [0;1;30;90;47m@.S[0;33;5;40;100m. [0;35;5;40;100m.[0;36;5;40;100m.t[0;33;5;40;100m%[0;36;5;40;100mX[0;31;5;40;100mX[0;36;5;40;100m8[0;30;5;40;100m@[0;32;5;40;100mS[0;31;5;40;100mS[0;34;5;40;100m@[0;32;5;40;100m@[0;30;5;40;100mX888888[0;1;30;90;40m8[0;30;5;40;100m8[0;1;30;90;40m8[0;30;5;40;100m8888[0;35;5;40;100m.[0;31;5;40;100mS[0;34;5;40;100m%[0;30;5;40;100m8[0;31;5;40;100m8[0;1;30;90;40m8[0;33;5;40;100m;t [0;31;5;40;100mX[0;1;30;90;40m88[0;33;5;40;100mt[0;31;5;40;100mS[0;33;5;40;100m;[0;30;5;40;100m8[0;31;40mX[0;1;30;90;40m8[0m
[0;33;5;40;100mt[0;36;5;40;100mt[0;33;5;40;100m [0;37;5;40;100m@XX[0;33;5;40;100m [0;37;5;40;100mX8[0;33;5;40;100m [0;37;5;40;100mXXX@X@[0;33;5;40;100m  [0;1;30;90;47m%8[0;37;5;40;100m8[0;1;30;90;47m88[0;37;5;40;100m8[0;33;5;40;100m t[0;1;30;90;47m@%8[0;32;5;40;100mS[0;31;5;40;100mX[0;36;5;40;100m;[0;35;5;40;100m%[0;1;30;90;40m8[0;35;5;40;100m [0;37;5;40;100m88[0;1;30;90;47m888XXS%;;;[0;1;37;97;47m [0;1;30;90;47mt;:::;:tt%%S%%%%8S%88SS%S@St@[0;37;5;40;100m@[0;30;5;40;100mSX[0;33;5;40;100m [0;1;30;90;47m8::.[0;1;37;97;47m [0;1;30;90;47m.:;tt:t::;t;:.:;;;;;t%%SSSXX@@8@[0;37;5;40;100m8[0;1;30;90;47m88[0;37;5;40;100m8888X@@S[0;33;5;40;100m [0m
[0;33;5;40;100mt[0;35;5;40;100m [0;37;5;40;100m8S[0;33;5;40;100m [0;37;5;40;100m@[0;33;5;40;100m [0;37;5;40;100m@8[0;33;5;40;100m [0;37;5;40;100m8@88X[0;33;5;40;100m [0;37;5;40;100m8[0;33;5;40;100m [0;1;30;90;47m;[0;37;5;40;100m8[0;1;30;90;47m8[0;37;5;40;100m8[0;1;30;90;47m8[0;37;5;40;100m@[0;33;5;40;100m [0;35;5;40;100m [0;1;30;90;47mXS[0;37;5;40;100m8[0;35;5;40;100m%[0;32;5;40;100mS[0;35;5;40;100m;[0;33;5;40;100m.:[0;35;5;40;100m [0;37;5;40;100mX@@[0;1;30;90;47m88888[0;33;5;40;100m%[0;31;5;40;100m8XXS[0;33;5;40;100m%[0;31;5;40;100mS[0;33;5;40;100m%[0;31;5;40;100mS[0;33;5;40;100mt[0;31;5;40;100m%[0;33;5;40;100m%[0;31;5;40;100mX[0;33;5;40;100m [0;1;30;90;47mtSS%S%%@8@SXX%%S@SS8[0;37;5;40;100m@[0;31;5;40;100mS[0;30;5;40;100mX[0;33;5;40;100m.[0;37;5;40;100m8[0;1;30;90;47m:t;;;t;%t;tt%;S%t%tt%S;%tttSttt%%St%%%XXt%%SX%tt[0m
[0;33;5;40;100m%[0;35;5;40;100m;[0;36;5;40;100m [0;33;5;40;100m    [0;37;5;40;100mX[0;33;5;40;100m      [0;37;5;40;100m8[0;33;5;40;100m .[0;37;5;40;100m8[0;1;30;90;47m8[0;37;5;40;100mSS@[0;33;5;40;100m [0;37;5;40;100m@[0;33;5;40;100m  [0;1;30;90;47mSX[0;37;5;40;100m8[0;33;5;40;100mt[0;35;5;40;100m%[0;36;5;40;100m:[0;33;5;40;100m [0;36;5;40;100m [0;35;5;40;100m .[0;1;30;90;47m@S8SSt@[0;31;40m@[0;36;5;40;100m8[0;30;5;40;100m8[0;1;30;90;40m@[0;30;5;40;100m8[0;1;30;90;40m8[0;30;5;40;100m8[0;1;30;90;40m@[0;30;5;40;100m8[0;1;30;90;40m8X[0;34;5;40;100mX[0;1;30;90;40m8[0;30;5;40;100m8[0;37;5;40;100mS[0;33;5;40;100m [0;37;5;40;100mS[0;33;5;40;100m [0;37;5;40;100mS[0;33;5;40;100m  [0;1;30;90;47m8[0;37;5;40;100m@[0;33;5;40;100m [0;37;5;40;100mXS[0;1;30;90;47m8[0;37;5;40;100mS@X@[0;1;30;90;47m%S8[0;37;5;40;100mS[0;36;5;40;100m%[0;30;5;40;100m8[0;33;5;40;100m [0;37;5;40;100m8[0;1;30;90;47mtt:;;;;tt;;:;;%;;;;;;%;;t;t%tttttStt%tS@%%%%@XSS[0m
[0;37;5;40;100m8[0;1;30;90;47m88888[0;37;5;40;100m8[0;1;30;90;47m8[0;37;5;40;100mX[0;1;30;90;47m8@XXSSS[0;37;5;40;100mX8[0;1;30;90;47m%%;%%[0;37;5;40;100m8[0;33;5;40;100m:[0;35;5;40;100m [0;1;30;90;47m8[0;33;5;40;100m [0;37;5;40;100mS[0;36;5;40;100mt[0;33;5;40;100m%[0;36;5;40;100m [0;37;5;40;100m%[0;36;5;40;100m [0;35;5;40;100m  t[0;33;5;40;100m::[0;1;30;90;47m8;;t[0;1;30;90;40m@[0;35;5;40;100m;[0;33;5;40;100mt[0;34;40m%[0;33;5;40;100m%[0;30;5;40;100m8888@[0;1;30;90;40m@[0;33;5;40;100mt[0;30;5;40;100m@[0;1;30;90;40m8[0;1;30;90;47m8[0;33;5;40;100m:[0;35;5;40;100mt[0;37;5;40;100mSS[0;1;30;90;47m8[0;37;5;40;100mS@@X[0;1;30;90;47m8[0;33;5;40;100mt.%[0;31;5;40;100mS[0;33;5;40;100m%[0;30;5;40;100m8[0;31;5;40;100mX[0;33;5;40;100m:[0;30;5;40;100mX[0;31;5;40;100mSS[0;33;5;40;100mX[0;30;5;40;100mX[0;33;5;40;100mS[0;31;5;40;100m@[0;30;5;40;100m8[0;33;5;40;100mS[0;35;5;40;100m%[0;33;5;40;100m8[0;31;5;40;100mXS[0;33;5;40;100mS[0;31;5;40;100mX[0;33;5;40;100m%[0;31;5;40;100mX[0;30;5;40;100mX[0;33;5;40;100m:;t;;;t%[0;31;5;40;100mX[0;33;5;40;100m:%%[0;35;5;40;100mt[0;33;5;40;100m@[0;31;5;40;100m%[0;33;5;40;100m%%[0;35;5;40;100mt[0;33;5;40;100m@[0;35;5;40;100m;[0;33;5;40;100m%%tt;t%ttt;;;:::[0m
[0;33;5;40;100m.::..::::..::::;;[0;35;5;40;100m;[0;33;5;40;100m;:[0;35;5;40;100mt[0;33;5;40;100m%[0;35;5;40;100mt[0;33;5;40;100mt[0;35;5;40;100m%[0;33;5;40;100m%..:;[0;35;5;40;100m;[0;33;5;40;100m:.. .;[0;35;5;40;100m:t[0;33;5;40;100m [0;1;30;90;47m;S8[0;31;40m%[0;36;5;40;100m:[0;30;5;40;100mS[0;1;30;90;40m8[0;30;5;40;100m@X8[0;1;30;90;40m8[0;30;5;40;100m@[0;33;5;40;100m:[0;35;5;40;100m%[0;30;5;40;100m@[0;32;5;40;100mX[0;31;40m%[0;37;5;40;100m88@[0;1;30;90;47mX[0;33;5;40;100m .[0;37;5;40;100m%X[0;1;30;90;47m888[0;33;5;40;100m: ;[0;30;5;40;100m@@[0;32;5;40;100mX[0;30;5;40;100m88[0;32;5;40;100m8[0;30;5;40;100m88@X[0;36;5;40;100mS[0;33;5;40;100mS[0;30;5;40;100m888@[0;32;5;40;100m@[0;30;5;40;100m8@X[0;32;5;40;100mS[0;30;5;40;100mX[0;1;30;90;40m8[0;30;5;40;100mXX[0;31;5;40;100mX[0;30;5;40;100m@SX[0;31;5;40;100mS[0;33;5;40;100m .. .:.. .t;t[0;35;5;40;100m:[0;33;5;40;100m; t[0;35;5;40;100mS[0;30;5;40;100m@[0;35;5;40;100mS[0;33;5;40;100mt[0;35;5;40;100m.[0;33;5;40;100m: ... :[0m
[0;33;5;40;100m;::. :...:.:.:  :;[0;35;5;40;100m:[0;33;5;40;100mt;[0;35;5;40;100m:[0;33;5;40;100m;::.   .:. . .;%;[0;37;5;40;100m@[0;1;30;90;47m8[0;37;5;40;100m88[0;1;30;90;40mX[0;33;5;40;100m [0;30;5;40;100mS8X[0;36;5;40;100mS[0;30;5;40;100m@@8[0;32;5;40;100mX[0;35;5;40;100m;[0;33;5;40;100m%[0;1;30;90;40m@[0;34;40mS[0;33;5;40;100m [0;37;5;40;100mXSSS8@@[0;1;30;90;47m8[0;37;5;40;100m@[0;1;30;90;47m8[0;33;5;40;100m:[0;37;5;40;100mX[0;33;5;40;100m;[0;35;5;40;100m [0;33;5;40;100m [0;35;5;40;100m [0;33;5;40;100m  [0;35;5;40;100m.[0;33;5;40;100m.     .   [0;35;5;40;100m [0;36;5;40;100m  .[0;35;5;40;100m.[0;33;5;40;100m.:.::::    [0;37;5;40;100m8[0;33;5;40;100m ..[0;35;5;40;100m.[0;33;5;40;100m   [0;35;5;40;100m.t[0;33;5;40;100mt[0;35;5;40;100m;[0;33;5;40;100m:[0;35;5;40;100m:[0;33;5;40;100m;[0;36;5;40;100m%[0;33;5;40;100mX[0;30;5;40;100mX[0;33;5;40;100m  :     .[0m
[0;33;5;40;100m;.:  ;. ..::..  .::[0;35;5;40;100m:[0;33;5;40;100m;::[0;35;5;40;100m.[0;33;5;40;100m:   . ..:;::;;.[0;37;5;40;100mXX[0;35;5;40;100m  [0;1;30;90;40m@[0;33;5;40;100m;[0;30;5;40;100m8888XX@[0;31;5;40;100mX[0;36;5;40;100mS[0;35;5;40;100m:[0;30;5;40;100m8X[0;33;5;40;100m  ;[0;35;5;40;100m [0;37;5;40;100mS@@@@[0;1;30;90;47m88[0;33;5;40;100m: ;[0;35;5;40;100m%[0;33;5;40;100mt[0;35;5;40;100mS[0;33;5;40;100mX[0;34;5;40;100mS[0;33;5;40;100mS[0;36;5;40;100m%[0;30;5;40;100mX[0;33;5;40;100m%[0;35;5;40;100mt[0;30;5;40;100m@[0;33;5;40;100m.t[0;34;5;40;100mS[0;33;5;40;100m;:.[0;36;5;40;100m%[0;30;5;40;100m8SSXX[0;33;5;40;100mt[0;31;5;40;100mS[0;30;5;40;100mXS[0;33;5;40;100m%[0;34;5;40;100mX[0;33;5;40;100mX;[0;31;5;40;100m%[0;33;5;40;100m.[0;37;5;40;100m@[0;33;5;40;100mS[0;35;5;40;100mS[0;33;5;40;100mX[0;35;5;40;100mt[0;33;5;40;100m;[0;35;5;40;100mt[0;1;30;90;40m8[0;30;5;40;100mX@@@X[0;33;5;40;100mt[0;30;5;40;100mX[0;34;5;40;100mS[0;30;5;40;100mX[0;33;5;40;100m.       .[0m
[0;33;5;40;100m;:..:; ..:.::.[0;37;5;40;100m8[0;33;5;40;100mt.:::[0;35;5;40;100m;[0;33;5;40;100m;[0;35;5;40;100m:[0;33;5;40;100m:.   ...::;:tt[0;35;5;40;100m%[0;33;5;40;100m;[0;37;5;40;100m@[0;35;5;40;100m.[0;30;5;40;100m8[0;31;5;40;100m8[0;30;5;40;100m8X@X[0;31;5;40;100mX[0;30;5;40;100m8XXSX[0;31;5;40;100m@[0;36;5;40;100m [0;30;5;40;100mS@X8[0;1;30;90;40m8[0;35;5;40;100mt[0;37;5;40;100m@[0;33;5;40;100m [0;37;5;40;100mSX[0;1;30;90;47m8[0;37;5;40;100m@[0;1;30;90;47m8[0;33;5;40;100m:[0;37;5;40;100mX[0;33;5;40;100m;;;%;;[0;31;5;40;100mSS[0;33;5;40;100m;::. :t  .: .:.;..:.;;[0;35;5;40;100m [0;33;5;40;100m .  ;t[0;35;5;40;100mt[0;33;5;40;100mS:;t;.::.:;tt; :;  [0;37;5;40;100m8[0;33;5;40;100mt [0m
[0;33;5;40;100m::t;:;..:::;::  .:[0;35;5;40;100m:[0;33;5;40;100mtS[0;35;5;40;100mS[0;32;5;40;100m@[0;31;5;40;100mS[0;33;5;40;100m%;%@[0;31;5;40;100mS[0;33;5;40;100mXS[0;31;5;40;100m8[0;33;5;40;100mX[0;31;5;40;100m@[0;33;5;40;100mS[0;31;5;40;100mS[0;30;5;40;100m8[0;33;5;40;100m@[0;35;5;40;100m.[0;37;5;40;100mS[0;31;5;40;100m8[0;1;30;90;40m@[0;30;5;40;100m@@@@X8@X[0;31;5;40;100mX[0;30;5;40;100m@X8[0;33;5;40;100m;S[0;35;5;40;100m;[0;30;5;40;100mX@8[0;1;30;90;40m8[0;33;5;40;100m;  [0;37;5;40;100m8SX[0;1;30;90;47m8[0;33;5;40;100m:       .    [0;37;5;40;100m8[0;33;5;40;100m.  [0;37;5;40;100m8[0;33;5;40;100m [0;37;5;40;100m@[0;33;5;40;100m. [0;37;5;40;100m8[0;33;5;40;100m;  :; .: [0;37;5;40;100m@[0;33;5;40;100m [0;37;5;40;100m8[0;33;5;40;100m [0;1;30;90;47m8[0;33;5;40;100mt:;.  :: ..  : .@..% tt:.[0m
[0;33;5;40;100m@[0;35;5;40;100m%[0;31;5;40;100mS[0;33;5;40;100m:;XSX8[0;31;5;40;100mXS[0;30;5;40;100mX[0;33;5;40;100m8;;8[0;31;40mX[0;1;30;90;40m8[0;32;40mS[0;31;40mS[0;32;40m%;[0;31;40mt[0;32;40mt[0;31;40mt[0;1;30;90;40m@[0;31;40m%:[0;32;40mt[0;31;40mS[0;32;40mt[0;34;40m:[0;32;40m:[0;34;40m:[0;31;40m:[0;32;40m:[0;31;40m.[0;30;5;40;100m8[0;33;5;40;100m [0;37;5;40;100mX[0;30;5;40;100m8[0;1;30;90;40m8[0;30;5;40;100m8888XX@[0;1;30;90;40m8[0;32;5;40;100mX[0;30;5;40;100mX[0;32;5;40;100m%[0;30;5;40;100m8[0;31;5;40;100mS[0;30;5;40;100m8[0;33;5;40;100m t[0;1;30;90;40m8[0;30;5;40;100m888[0;33;5;40;100m [0;1;30;90;47m8[0;37;5;40;100m@[0;33;5;40;100m: [0;1;30;90;47m8[0;33;5;40;100m ;[0;35;5;40;100m.[0;33;5;40;100m [0;37;5;40;100m@[0;33;5;40;100m: [0;37;5;40;100m8[0;33;5;40;100m; [0;37;5;40;100m8[0;33;5;40;100m: .[0;37;5;40;100m8[0;33;5;40;100m : [0;37;5;40;100m8[0;33;5;40;100m;[0;37;5;40;100m8[0;33;5;40;100m; [0;37;5;40;100m8[0;33;5;40;100m:[0;37;5;40;100m8[0;33;5;40;100mt [0;37;5;40;100m8[0;33;5;40;100m  [0;37;5;40;100m8[0;33;5;40;100m.[0;37;5;40;100m8[0;33;5;40;100m; .  ..   %[0;31;5;40;100mS[0;33;5;40;100m%t%S[0;31;5;40;100mX[0;33;5;40;100m@[0;35;5;40;100m%[0;31;40mS[0;33;5;40;100m8[0;31;5;40;100m@[0;1;30;90;40m8[0;1;30;90;41m8[0;1;30;90;40m8[0;30;41m8[0;30;5;40;100mX[0;31;40m@[0m
[0;32;40m%%%[0;1;30;90;40m@[0;31;40mS[0;32;40mt[0;31;40mS;[0;32;40m;tt[0;31;40m%[0;32;40mS[0;31;40m8[0;1;30;90;40m8[0;32;40m;[0;1;30;90;40m@[0;32;40m%[0;1;30;90;40mXS@8[0;32;40mt[0;1;30;90;40mX[0;32;40mS[0;1;30;90;40m8[0;32;40mS[0;31;40mS[0;1;30;90;40m@[0;32;40mS[0;31;40mS[0;1;30;90;40mS[0;32;40mt[0;31;40m%[0;32;40m%[0;31;40m%[0;32;40m;[0;31;5;40;100mX[0;33;5;40;100m  [0;30;5;40;100m8[0;1;30;90;40m8[0;30;5;40;100m@@[0;31;5;40;100mX[0;30;5;40;100m8XXX@XXX@S[0;33;5;40;100mS[0;35;5;40;100m:.[0;30;5;40;100m8@88[0;31;5;40;100mS[0;33;5;40;100m [0;1;30;90;47m8[0;33;5;40;100m [0;37;5;40;100m@[0;1;30;90;47m8[0;33;5;40;100m.    [0;37;5;40;100m8[0;33;5;40;100m;  :.  ::[0;1;30;90;47m@[0;33;5;40;100mt[0;37;5;40;100m8[0;33;5;40;100mS;tt8[0;31;5;40;100m8[0;33;5;40;100m8[0;1;30;90;40m8[0;33;5;40;100m8[0;31;5;40;100m8[0;33;5;40;100m8[0;31;5;40;100mS[0;33;5;40;100m88X[0;31;5;40;100m@[0;33;5;40;100m8XS[0;31;5;40;100mSS[0;33;5;40;100m8[0;31;5;40;100mS[0;33;5;40;100m8[0;31;5;40;100mS[0;1;30;90;40m8[0;31;40mS[0;32;40mX[0;1;30;90;40m@[0;31;40mX[0;1;30;90;40m8888[0;30;5;40;100m@8[0;1;30;90;40m888[0;32;40m@[0;1;30;90;40m8[0;32;40mX[0;31;40mX[0;32;40m@[0m
[0;32;40m%[0;31;40m@[0;1;30;90;40m8[0;32;40mS[0;1;30;90;40m@8[0;32;40mX[0;30;5;40;100m8[0;1;30;90;40m8888[0;30;5;40;100m@[0;32;40mX[0;31;40m@[0;30;5;40;100m8[0;32;40m@[0;31;5;40;100m8[0;32;40mX[0;30;5;40;100m8[0;32;40mX[0;1;30;90;40m888[0;31;40m@[0;1;30;90;40m888[0;32;40m@[0;1;30;90;40m88[0;32;40m%[0;1;30;90;40mX[0;32;40m%[0;1;30;90;40m@@[0;32;40m:[0;30;5;40;100m8[0;33;5;40;100m  [0;1;30;90;40m8[0;30;5;40;100m@@X@X@@@[0;31;5;40;100m@[0;1;30;90;40m8[0;30;5;40;100m8[0;31;5;40;100mX[0;30;5;40;100mXX@[0;33;5;40;100m%[0;35;5;40;100m [0;33;5;40;100m;[0;30;5;40;100m8@@8[0;33;5;40;100m%[0;35;5;40;100m [0;33;5;40;100m [0;37;5;40;100m8@[0;33;5;40;100m X[0;1;30;90;41m8[0;33;5;40;100m88[0;31;5;40;100m8[0;33;5;40;100mX.;:;@8[0;31;5;40;100mS[0;33;5;40;100m8[0;31;40m8[0;30;5;40;100mX[0;30;41m8[0;1;30;90;40m8[0;31;40m8[0;1;30;90;40m8[0;31;40mS[0;32;40mt[0;31;40m;[0;32;40mt[0;31;40mX[0;32;40mt[0;31;40mt[0;32;40m%[0;31;40mt[0;32;40m;[0;31;40mtt[0;32;40mS[0;31;40mt[0;1;30;90;40mX[0;31;40mX[0;32;40mX%[0;1;30;90;40m8[0;32;5;40;100mS[0;35;5;40;100m.[0;37;5;40;100mX8[0;1;30;90;47m@[0;37;5;40;100m888[0;36;5;40;100m   .[0;30;5;40;100mX[0;36;5;40;100m%[0;30;5;40;100mX[0;33;5;40;100m;[0;35;5;40;100m;[0;33;5;40;100m:[0;35;5;40;100m;[0;33;5;40;100m;[0;36;5;40;100m:[0;35;5;40;100m:[0m
[0;32;40m%[0;1;30;90;40m@[0;32;40mS[0;1;30;90;40m8[0;31;40mX[0;32;40m@[0;1;30;90;40m8[0;31;40mX[0;32;40mX[0;31;40mS[0;32;40m@[0;31;40mS[0;32;40mX[0;1;30;90;40m8[0;32;40mX[0;31;40mX[0;1;30;90;40m8[0;32;40mS[0;1;30;90;40m8[0;31;40m@[0;1;30;90;40m8[0;31;40mS[0;32;40mX[0;31;40mX[0;32;40m8[0;30;5;40;100mX[0;32;40m@[0;31;5;40;100m@[0;32;40m@[0;31;5;40;100m@[0;32;40m8[0;30;5;40;100m8[0;31;40mS[0;1;30;90;40m8[0;32;40m;[0;31;40m%[0;32;40mt[0;1;30;90;40m@[0;33;5;40;100m: [0;30;5;40;100m88[0;1;30;90;40m8888[0;31;40mX[0;30;5;40;100mX[0;1;30;90;40m8[0;30;5;40;100m8XS@[0;32;5;40;100m%[0;30;5;40;100mXX@[0;33;5;40;100m.[0;35;5;40;100m [0;31;5;40;100m8[0;30;5;40;100m8[0;33;5;40;100mX[0;30;5;40;100m@X[0;31;5;40;100m@[0;30;5;40;100m8[0;33;5;40;100m:[0;37;5;40;100mX[0;33;5;40;100m:;[0;31;40m%[0;1;30;90;40m@[0;31;40mS[0;32;40mX[0;31;40m8[0;30;5;40;100m@[0;31;40m8[0;1;30;90;40m8[0;30;41m8[0;32;40m@[0;31;40mX[0;32;40mt[0;31;40m%[0;32;40m@[0;31;40mX[0;32;40m8[0;1;30;90;40m8[0;32;40mX[0;31;40m@[0;1;30;90;40m88[0;32;40mS[0;1;30;90;40m88X[0;32;40mS[0;1;30;90;40m@@[0;31;40m%[0;1;30;90;40m@[0;32;40m%[0;1;30;90;40m@[0;31;40m%[0;1;30;90;40m888[0;33;5;40;100m;[0;37;5;40;100m8[0;1;30;90;47m%.;X[0;36;5;40;100m   [0;30;5;40;100mX[0;34;5;40;100mS[0;30;5;40;100m@[0;32;5;40;100mS[0;30;5;40;100m@[0;1;30;90;40m8@[0;30;5;40;100m8[0;1;30;90;40m@@X[0;34;40mt[0;1;30;90;40mS[0;31;40mt[0;1;30;90;40m@[0m
[0;32;40m%[0;1;30;90;40m8[0;31;40mX[0;32;40m@[0;1;30;90;40m8[0;31;40mS[0;32;40mS[0;31;40m%[0;32;40mS[0;31;40m%[0;32;40m%[0;31;40m%[0;32;40m%[0;31;40mS[0;32;40m%%[0;31;40mS[0;1;30;90;40m@[0;32;40m%%[0;31;40m%[0;32;40m@[0;1;30;90;40mX8[0;31;40mt[0;32;40m%[0;31;40mX[0;32;40m8[0;31;40mX[0;32;40mX[0;30;5;40;100m8[0;31;40mX[0;32;40m8[0;1;30;90;40m@[0;31;40mS[0;32;40mX[0;1;30;90;40m8[0;31;5;40;100m8[0;33;5;40;100m .[0;1;30;90;40m8[0;31;5;40;100m8[0;30;5;40;100m88[0;1;30;90;40m888[0;30;5;40;100m88[0;1;30;90;40m88[0;30;5;40;100m888@[0;31;5;40;100mS[0;30;5;40;100m8[0;33;5;40;100mt[0;35;5;40;100m [0;36;5;40;100mt[0;30;5;40;100m8@X@X@8[0;33;5;40;100m .[0;35;5;40;100m;[0;33;5;40;100m  .[0;31;40m%[0;32;40m@[0;31;40mX[0;32;40m8[0;1;30;90;40m8[0;32;40m@[0;31;40m8[0;1;30;90;40m@[0;32;40mS[0;1;30;90;40m888[0;31;40mX[0;32;40m@[0;1;30;90;40m8[0;32;40m8[0;1;30;90;40m8[0;31;40mS[0;1;30;90;40m8[0;31;40mS[0;32;40m@[0;31;40m@[0;1;30;90;40m8[0;31;40m%[0;32;40mS[0;1;30;90;40m8[0;32;40m%[0;1;30;90;40mX@[0;32;40mS[0;1;30;90;40m@[0;32;40m%[0;30;5;40;100mS[0;1;30;90;47m8:%[0;37;5;40;100m8[0;36;5;40;100m    ;S[0;1;30;90;40m@[0;30;5;40;100m88[0;34;5;40;100mS[0;30;5;40;100mS[0;34;5;40;100mS[0;33;5;40;100mt[0;36;5;40;100mt[0;35;5;40;100m;[0;36;5;40;100m  [0;37;5;40;100m@[0;36;5;40;100m  [0m
[0;32;40m;[0;31;40mt[0;32;40mS[0;31;40mS[0;32;40m%[0;31;40m%[0;32;40m%[0;1;30;90;40mS[0;31;40m;[0;32;40mt[0;31;40mt[0;32;40m%[0;1;30;90;40mX[0;31;40m;[0;1;30;90;40mS[0;31;40mt[0;32;40mS[0;31;40mt[0;1;30;90;40mX[0;32;40m%[0;31;40m%[0;1;30;90;40mX[0;32;40mt%[0;1;30;90;40m@[0;31;40m%[0;32;40m@[0;1;30;90;40m8S[0;31;40m%[0;32;40mX[0;1;30;90;40m@[0;31;40mS[0;32;40m@[0;1;30;90;40m8[0;31;40m;[0;30;5;40;100m8[0;36;5;40;100m [0;37;5;40;100mS[0;31;5;40;100mS[0;1;30;90;40m8[0;30;5;40;100m88[0;1;30;90;40m8[0;30;5;40;100m@[0;1;30;90;40m88[0;30;5;40;100mS[0;33;5;40;100mX[0;35;5;40;100m:[0;33;5;40;100m [0;37;5;40;100mSS8@8[0;1;30;90;47m88X8[0;37;5;40;100m8[0;1;30;90;47m@[0;37;5;40;100m8[0;1;30;90;47m8[0;36;5;40;100m.[0;30;5;40;100mX[0;31;5;40;100m@[0;33;5;40;100mS[0;35;5;40;100mt[0;33;5;40;100mt[0;37;5;40;100mX8[0;33;5;40;100m [0;31;40m%[0;1;30;90;40m8@[0;31;40mS[0;32;40m@[0;30;5;40;100m8[0;1;30;90;40m8[0;32;40mX[0;31;40m@[0;1;30;90;40m@[0;32;40mS[0;1;30;90;40m8[0;32;40mX[0;31;40m8[0;1;30;90;40m8[0;31;40mX[0;32;40mX[0;1;30;90;40m@[0;32;40m%[0;31;40m%[0;1;30;90;40mS[0;32;40m%[0;1;30;90;40mXX88[0;30;5;40;100m8[0;31;5;40;100mX[0;30;5;40;100mX[0;35;5;40;100m%[0;30;5;40;100m8[0;31;5;40;100m%[0;36;5;40;100mt..: [0;37;5;40;100m8[0;36;5;40;100m 8[0;34;40m;[0;30;5;40;100m8[0;35;5;40;100m. [0;37;5;40;100m%[0;35;5;40;100m [0;36;5;40;100m [0;30;5;40;100mX@[0;34;5;40;100mX[0;30;5;40;100mX[0;36;5;40;100mS[0;35;5;40;100mS[0;36;5;40;100m@[0;30;5;40;100mX[0;36;5;40;100m%[0;34;5;40;100mS[0m
[0;32;40m:[0;31;40mt[0;1;30;90;40mS[0;32;40mt[0;31;40mt[0;32;40m%[0;31;40mt[0;34;40m;[0;32;40mt[0;1;30;90;40mS[0;34;40m;[0;31;40mt[0;32;40m%[0;1;30;90;40mS[0;32;40mt[0;1;30;90;40mS[0;32;40mt[0;31;40mt[0;32;40mt[0;31;40m%[0;32;40mS[0;31;40mt[0;1;30;90;40mS[0;31;40mt[0;32;40mt[0;1;30;90;40m%[0;31;40mt[0;32;40m:t[0;31;40m%[0;1;30;90;40mX[0;32;40mt[0;1;30;90;40m@[0;31;40m%[0;32;40m%[0;34;40m:[0;31;5;40;100mS[0;37;5;40;100mX[0;33;5;40;100m [0;30;5;40;100m@888[0;33;5;40;100m8[0;35;5;40;100m;[0;37;5;40;100m8[0;1;30;90;47m@[0;37;5;40;100mS[0;36;5;40;100m :t[0;30;5;40;100m8[0;1;30;90;40m8[0;30;5;40;100m8[0;36;5;40;100mX[0;30;5;40;100m@[0;34;5;40;100mX[0;30;5;40;100m@[0;36;5;40;100m@[0;1;30;90;40m8[0;30;5;40;100m8[0;34;5;40;100m@[0;1;30;90;47m8[0;1;37;97;47m:[0;1;30;90;47mX[0;36;5;40;100m.[0;34;5;40;100mS[0;1;30;90;40m@[0;30;5;40;100mX[0;33;5;40;100m [0;37;5;40;100m@@[0;33;5;40;100m [0;32;40mS[0;31;40mS[0;32;40m@[0;1;30;90;40m8[0;31;40mX[0;32;40m%[0;31;40m%[0;1;30;90;40mS[0;32;40m%[0;31;40mtt[0;32;40mt[0;31;40mS[0;32;40m%[0;31;40m;[0;32;40m%[0;31;40mt[0;32;40m;[0;1;30;90;40m8[0;30;5;40;100m@[0;32;5;40;100mS[0;35;5;40;100mX[0;36;5;40;100m;[0;33;5;40;100m   [0;36;5;40;100m . [0;37;5;40;100m@[0;36;5;40;100m  [0;37;5;40;100m@[0;36;5;40;100m   ;%[0;34;5;40;100m%[0;30;5;40;100m8[0;31;5;40;100mS[0;30;5;40;100mX[0;34;5;40;100mS[0;30;5;40;100mSS[0;34;5;40;100mS[0;30;5;40;100mX@@[0;1;30;90;40m88@[0;32;40mt[0;31;40mX[0;1;30;90;40mX[0;31;40mt[0;1;30;90;40mX[0m
[0;32;40m;t[0;31;40m;[0;34;40m;[0;32;40mt[0;1;30;90;40mX[0;32;40m;[0;31;40m%[0;32;40mt[0;31;40m;[0;32;40m%[0;1;30;90;40mS[0;31;40m;[0;32;40m;[0;31;40mt[0;34;40m;[0;32;40mt[0;34;40mt[0;31;40mt[0;32;40mt[0;34;40mt[0;32;40mt[0;31;40m;[0;32;40m;[0;31;40m;[0;32;40m;[0;34;40mt[0;31;40mt[0;34;40mt[0;32;40m%[0;31;40m;;[0;32;40m%[0;34;40mt[0;1;30;90;40m@[0;32;40m:[0;32;5;40;100m%[0;37;5;40;100m@S[0;30;5;40;100m@[0;1;30;90;40m8[0;32;5;40;100mX[0;37;5;40;100m8[0;1;30;90;47m8[0;36;5;40;100m [0;30;5;40;100mX[0;1;30;90;40m@[0;30;5;40;100m8X8[0;32;40mt[0;1;30;90;40m8@8[0;30;5;40;100mX[0;32;5;40;100mS[0;30;5;40;100mX[0;32;5;40;100mX[0;1;30;90;40m88[0;30;5;40;100m8[0;1;30;90;40mS[0;1;30;90;47m8..[0;1;37;97;47m:[0;1;30;90;47mt[0;36;5;40;100m;[0;1;30;90;40m8[0;33;5;40;100mt[0;35;5;40;100m [0;37;5;40;100m8[0;33;5;40;100m [0;1;30;90;40mX[0;32;40m%[0;31;40mX[0;32;40m%[0;1;30;90;40mS[0;31;40m;[0;32;40m%[0;31;40mt[0;34;40mt[0;32;40mS[0;31;40mt[0;34;40mt[0;32;40mt[0;34;40mt[0;31;40mt[0;34;40mt[0;32;40m;[0;1;30;90;40m@8[0;35;5;40;100m%[0;36;5;40;100mS[0;33;5;40;100m [0;1;30;90;47m8[0;37;5;40;100m@[0;36;5;40;100m [0;37;5;40;100mX888[0;36;5;40;100mS. ..::[0;35;5;40;100m:[0;30;5;40;100mS88[0;1;30;90;40m88@@[0;32;40m%[0;31;40mS[0;32;40m%[0;1;30;90;40mX[0;31;40m;[0;32;40m%[0;31;40m%[0;1;30;90;40mSS[0;34;40m%[0;1;30;90;40mXXX[0m
[0;32;40m;[0;31;40mt[0;32;40mt[0;31;40mt[0;32;40mt[0;31;40mt[0;32;40mt[0;34;40mt[0;32;40m%[0;31;40m%[0;34;40mt[0;32;40m;[0;31;40m;[0;34;40m;[0;32;40mt[0;31;40mt;[0;32;40m%[0;34;40m;[0;31;40mt[0;32;40mt[0;31;40m;[0;34;40m;[0;31;40m;[0;32;40m;[0;31;40m;[0;32;40mt[0;31;40mt[0;32;40mt[0;31;40mt[0;32;40mt[0;34;40mt[0;31;40m%[0;32;40m%[0;31;40mt[0;32;40m.[0;31;5;40;100mX[0;36;5;40;100mt[0;30;5;40;100mX[0;33;5;40;100m:[0;37;5;40;100m8[0;35;5;40;100m :[0;34;5;40;100mX[0;30;5;40;100m88@8@@[0;1;30;90;40m8X[0;34;40mS[0;30;5;40;100m8@[0;1;30;90;40m88@8[0;30;5;40;100m8[0;34;5;40;100mS[0;37;5;40;100mS[0;1;30;90;47m :.[0;1;37;97;47m :.[0;37;5;40;100m8[0;35;5;40;100m.[0;37;5;40;100m%S[0;33;5;40;100m [0;31;40mX[0;32;40m%[0;34;40m%[0;31;40m%[0;32;40m%[0;34;40mt[0;31;40mt[0;32;40m%[0;31;40m;[0;34;40mt[0;32;40m%[0;31;40mt;[0;32;40mtt[0;31;40m%[0;34;40m;[0;1;30;90;40m@8[0;33;5;40;100m;[0;1;30;90;40m8888[0;36;5;40;100mS[0;30;5;40;100mX[0;34;5;40;100mX[0;36;5;40;100m  [0;34;5;40;100m%[0;1;30;90;40m8[0;34;40mt::.:[0;1;30;90;40mS8@[0;32;40mt[0;1;30;90;40mX[0;32;40mt[0;31;40m%[0;1;30;90;40m@X@@X888@@@[0;32;40mt[0;1;30;90;40mX[0;34;40m;[0m
[0;32;40m;[0;31;40m;[0;32;40m%[0;1;30;90;40mX[0;34;40m;[0;32;40m;[0;31;40mt[0;32;40mt[0;31;40mt[0;32;40m;[0;31;40m;[0;32;40m;;[0;31;40mt[0;32;40m;[0;34;40m;[0;32;40mt[0;31;40mt[0;32;40mt[0;34;40m;[0;31;40mt[0;32;40mt[0;31;40m;[0;32;40mt[0;34;40mt[0;31;40m;[0;34;40m;[0;32;40mt[0;31;40m;[0;34;40mt[0;31;40m;[0;32;40mS[0;1;30;90;40m@[0;31;40m;[0;1;30;90;40mX8[0;36;5;40;100mt[0;37;5;40;100m88[0;36;5;40;100mt[0;35;5;40;100mS[0;36;5;40;100m  [0;32;5;40;100m8[0;1;30;90;40m888[0;32;40m@[0;1;30;90;40m888[0;30;5;40;100m@[0;33;5;40;100mt[0;36;5;40;100mt [0;37;5;40;100m8[0;1;30;90;47m8S;..SttSSXX[0;35;5;40;100m.[0;35;5;41;101m%[0;1;30;90;41m8[0;33;5;40;100m;:[0;1;30;90;40mX[0;31;40mX[0;1;30;90;40m8888[0;30;5;40;100m@8X@[0;31;5;40;100mX[0;32;5;40;100mX[0;31;5;40;100mX[0;32;5;40;100mS[0;31;5;40;100mS[0;33;5;40;100mt@[0;34;40m%[0;30;5;40;100mS[0;1;30;90;40m8@S[0;30;5;40;100m@X[0;35;5;40;100mt[0;36;5;40;100mt[0;33;5;40;100mt[0;30;5;40;100m@[0;34;5;40;100mS[0;32;40m:[0;31;40m.[0;32;40mt[0;1;30;90;40mXX@[0;31;40m;[0;32;40m:[0;34;40m.[0;1;30;90;40mS@X@X[0;34;40mt[0;32;40m%[0;31;40m%[0;34;40mt[0;32;40mt[0;31;40mt[0;34;40mt[0;32;40m;[0;34;40m;[0;31;40mt[0;1;30;90;40mX[0;34;40mt[0;1;30;90;40mX[0;31;40m;[0m
[0;32;40m;[0;1;30;90;40mS[0;31;40m;[0;32;40m:[0;31;40mt[0;32;40m;[0;34;40mt[0;31;40mt[0;34;40m;[0;32;40mt[0;34;40m;[0;31;40mt[0;32;40mt[0;34;40mt[0;31;40mt[0;32;40mt[0;31;40mt[0;34;40mt[0;31;40mt[0;32;40mt[0;34;40m;[0;31;40m;[0;32;40mt[0;31;40m;[0;32;40m;[0;34;40m:[0;31;40m;[0;34;40m:[0;32;40mt[0;30;5;40;100m8[0;36;5;40;100m [0;35;5;40;100m .[0;36;5;40;100m:[0;37;5;40;100mX[0;1;30;90;47mt;[0;36;5;40;100m [0;1;30;90;40mS8[0;37;5;40;100m8[0;36;5;40;100m.[0;1;30;90;40m8[0;34;40mS[0;30;5;40;100m@[0;36;5;40;100mS [0;1;30;90;47m8S.[0;1;37;97;47m [0;1;30;90;47m:%t%X@X@X[0;37;5;40;100m@[0;36;5;40;100m [0;1;30;90;47m88@tt [0;1;37;97;47m.t.[0;35;5;40;100m.[0;33;5;40;100mt:    [0;37;5;40;100m8[0;33;5;40;100m.[0;37;5;40;100m8[0;33;5;40;100m.[0;37;5;40;100m8[0;33;5;40;100m.[0;37;5;40;100m@[0;33;5;40;100m    ;[0;31;40m:[0;1;30;90;40mX[0;30;5;40;100mS8[0;34;40m.[0;1;30;90;40m@[0;30;5;40;100m8[0;32;40m.[0;34;40m ;[0;1;30;90;40m8[0;32;40m%[0;31;40m;[0;34;40m:[0;1;30;90;40m8[0;31;40m%[0;1;30;90;40mX8@[0;32;40m;[0;31;40m:[0;34;40m;[0;31;40m;[0;34;40m:[0;32;40m:[0;31;40m;[0;1;30;90;40mSX88[0;30;5;40;100m8[0;1;30;90;40m8[0;30;5;40;100m888[0;1;30;90;40m888[0;30;5;40;100m@[0;1;30;90;40m8[0m
[0;32;40m:[0;31;40m;[0;32;40m;[0;34;40m;[0;32;40m;[0;31;40mt[0;32;40mt;[0;31;40m;;[0;32;40mt[0;34;40m;[0;31;40mt[0;32;40mt[0;31;40m;[0;34;40m;[0;32;40mt;[0;31;40m;[0;32;40m;[0;31;40mt[0;32;40m;[0;34;40mt[0;31;40m:[0;34;40m;[0;30;5;40;100m8[0;36;5;40;100m;[0;33;5;40;100m [0;1;30;90;47m%%:.t%%SX8[0;36;5;40;100m S[0;1;30;90;40m@[0;30;5;40;100mS[0;35;5;40;100m [0;1;30;90;47m%SXS@8[0;36;5;40;100m [0;37;5;40;100mXSSXX@888@8888[0;36;5;40;100m.[0;34;5;40;100mS[0;1;30;90;40m8[0;30;5;40;100m8[0;35;5;40;100mX[0;36;5;40;100m [0;1;30;90;47m.S[0;33;5;40;100m  [0;37;5;40;100m8[0;33;5;40;100m [0;1;30;90;47mt[0;1;30;90;43m8[0;1;30;90;47m8[0;33;5;40;100m [0;1;30;90;47mX[0;33;5;40;100m:[0;1;30;90;47mX[0;33;5;40;100m;[0;37;5;40;100m88[0;33;5;40;100m [0;1;30;90;47m8[0;33;5;40;100m::X[0;34;40mt[0;31;40mt[0;32;40m%[0;34;40m%[0;32;40mt[0;1;30;90;40m8[0;34;5;40;100mS[0;1;30;90;40m88[0;30;5;40;100m8[0;1;30;90;40m@[0;31;40m ;[0;1;30;90;40mXX[0;32;5;40;100mS[0;30;5;40;100m8[0;1;30;90;40m@@[0;31;40m.[0;32;40m;[0;34;40m;[0;1;30;90;40mX[0;31;40mt[0;1;30;90;40m@[0;32;40m;[0;34;40mt[0;31;40mt[0;32;40m;[0;34;40m;[0;32;40m:[0;31;40m.[0;34;40m.[0;32;40m .[0;31;40m.[0;32;40m.[0;31;40m:[0;32;40m:[0m
[0;32;40m:[0;34;40m:[0;31;40m;[0;32;40mt[0;31;40mt[0;32;40m;[0;31;40m;[0;34;40m;[0;32;40mt[0;31;40m;;[0;32;40m;[0;34;40m:[0;31;40m;[0;32;40mt[0;31;40m;:[0;32;40m;[0;31;40m;[0;34;40mt[0;1;30;90;40m@[0;31;40mt[0;30;5;40;100m@[0;36;5;40;100m [0;1;30;90;47mS%;X@@@X@@8[0;37;5;40;100m8@XX[0;33;5;40;100m [0;37;5;40;100mX[0;33;5;40;100m [0;37;5;40;100mX[0;33;5;40;100m   [0;35;5;40;100m   [0;36;5;40;100m  :[0;35;5;40;100mt[0;36;5;40;100m%[0;30;5;40;100mXSXX[0;34;5;40;100mX[0;32;5;40;100mS[0;31;5;40;100mS[0;36;5;40;100m;[0;33;5;40;100m [0;34;40mt[0;32;40m;[0;31;40mt[0;30;5;40;100m8[0;1;30;90;40m@[0;32;40mt[0;34;40m:[0;30;5;40;100mX[0;33;5;40;100m St%X8[0;35;5;40;100m%[0;33;5;40;100m8[0;31;5;40;100m@SS[0;31;40m@[0;33;5;40;100m8[0;31;40mX[0;30;5;40;100m@[0;30;41m8[0;1;30;90;40m8[0;31;40m@[0;1;30;90;40m8[0;31;40mt[0;1;30;90;40m@X[0;31;40mt;[0;34;40m;[0;31;40m;[0;32;40m%[0;1;30;90;40m@SS[0;31;40m:[0;32;40m.[0;34;40m:[0;32;40mt[0;31;40m%[0;1;30;90;40m8@XX[0;31;40m.:[0;32;40m..[0;34;40m:[0;32;40m.[0;31;40m:[0;32;40m;[0;34;40m;[0;31;40m;[0;32;40m;[0;31;40m%[0;32;40mt[0;31;40m%[0;1;30;90;40m@X8[0;30;5;40;100m8[0;1;30;90;40m8[0;30;5;40;100m8[0m
[0;32;40m:[0;31;40m:[0;32;40m;[0;31;40mt[0;34;40mt[0;32;40m:[0;31;40m;[0;32;40m:[0;31;40m:[0;32;40m;[0;31;40m;t[0;32;40m%[0;31;40mt[0;1;30;90;40mXX8[0;30;5;40;100m8[0;33;5;40;100m@[0;30;5;40;100mX[0;33;5;40;100m8[0;36;5;40;100m%[0;33;5;40;100m.[0;37;5;40;100m@[0;1;30;90;47mS[0;33;5;40;100m [0;1;30;90;47mX[0;37;5;40;100m88S[0;36;5;40;100m .[0;35;5;40;100m.[0;36;5;40;100m.[0;35;5;40;100m [0;36;5;40;100m :[0;33;5;40;100m;[0;35;5;40;100m:[0;33;5;40;100m:..;t[0;31;5;40;100mX[0;30;5;40;100m@8[0;1;30;90;40m@@@@@8[0;31;5;40;100mX[0;33;5;40;100mt[0;35;5;40;100m;[0;33;5;40;100m::t[0;35;5;40;100mt[0;33;5;40;100m;.[0;1;30;90;40m8[0;31;40m:[0;1;30;90;40m@[0;33;5;40;100m.[0;30;5;40;100mX[0;33;5;40;100mt[0;35;5;40;100m.[0;31;40m;[0;32;40m;[0;35;5;40;100m :[0;31;40m%S[0;1;30;90;40m@[0;31;40mX[0;1;30;90;40m8@8[0;30;5;40;100mS[0;32;5;40;100mS[0;31;5;40;100mS[0;32;5;40;100mS[0;33;5;40;100m@XSXX[0;30;5;40;100m8@[0;1;30;90;40m88[0;32;40m%[0;31;40m%[0;32;40mt[0;31;40m;[0;34;40m;[0;31;40m:[0;32;40m.[0;34;40m.[0;32;40m.[0;34;40m.[0;31;40m.[0;34;40m:[0;32;40mt[0;1;30;90;40m@X[0;31;40mt[0;32;40m.[0;34;40m:[0;31;40mt[0;1;30;90;40mXX88[0;30;5;40;100m8[0;31;5;40;100m8[0;30;5;40;100m8X[0;31;5;40;100mX[0;30;5;40;100mX[0;31;5;40;100mS[0;33;5;40;100m@[0;30;5;40;100m8[0;33;5;40;100m8[0;31;5;40;100m8[0;33;5;40;100m8[0;31;5;40;100mX[0;33;5;40;100m@[0m
[0;31;40mt[0;1;30;90;40m888[0;30;5;40;100m8@@X[0;31;5;40;100mX[0;30;5;40;100m8[0;33;5;40;100mS[0;32;5;40;100mS[0;35;5;40;100m%[0;33;5;40;100mSttt;[0;35;5;40;100mt[0;33;5;40;100mS[0;30;5;40;100mX[0;35;5;40;100m [0;1;30;90;47m%SX[0;37;5;40;100m8[0;33;5;40;100m X[0;34;40mt[0;31;40m;[0;34;40m;[0;32;40m:[0;31;40m.[0;34;40m:[0;1;30;90;40m@[0;31;5;40;100mS[0;33;5;40;100m%[0;30;5;40;100m8[0;1;30;90;40m8[0;30;5;40;100m88[0;1;30;90;40m888[0;30;5;40;100m88@XS[0;31;5;40;100mS[0;32;5;40;100mX[0;31;5;40;100mS[0;30;5;40;100mS[0;36;5;40;100mS[0;30;5;40;100mX[0;33;5;40;100mt[0;36;5;40;100m;[0;35;5;40;100m;[0;33;5;40;100m;[0;36;5;40;100m:[0;33;5;40;100m;[0;35;5;40;100m;[0;32;40mt[0;31;40m:[0;32;5;40;100m%[0;35;5;40;100m%[0;33;5;40;100m:[0;35;5;40;100m.[0;33;5;40;100m;[0;30;5;40;100m@[0;34;40m;[0;33;5;40;100mt%[0;35;5;40;100m%[0;33;5;40;100mX;:%%@[0;31;5;40;100mX[0;33;5;40;100m8[0;31;5;40;100mSSS[0;30;5;40;100mS[0;31;5;40;100mX[0;30;5;40;100m@[0;31;5;40;100mS[0;32;5;40;100mS[0;31;5;40;100m@[0;33;5;40;100m8[0;31;5;40;100mX[0;33;5;40;100m%[0;30;5;40;100mX[0;31;5;40;100mX[0;30;5;40;100m8[0;1;30;90;40m8[0;30;5;40;100m8[0;1;30;90;40m888888@8[0;30;5;40;100m88[0;31;5;40;100mX[0;32;5;40;100mS[0;31;5;40;100m@[0;32;5;40;100mS[0;31;5;40;100m8[0;33;5;40;100m8[0;31;5;40;100m8[0;33;5;40;100m8[0;30;5;40;100mX[0;33;5;40;100m8[0;31;5;40;100mS[0;33;5;40;100m8[0;31;5;40;100mS[0;32;5;40;100mS[0;31;5;40;100m@[0;33;5;40;100mS[0;30;5;40;100mS[0;31;5;40;100mS[0;32;5;40;100mS[0;31;5;40;100mS[0;33;5;40;100m%[0m
[0;33;5;40;100m..::ttt;t;[0;35;5;40;100mt[0;33;5;40;100mS%;[0;35;5;40;100m:[0;33;5;40;100m;;;;;[0;1;30;90;40mX[0;30;5;40;100m8[0;1;30;90;40m8[0;30;5;40;100mS[0;33;5;40;100m::[0;1;30;90;40mX[0;34;40m [0;32;40mt[0;1;30;90;40m8[0;30;5;40;100mX[0;1;30;90;40m@[0;30;5;40;100m8[0;31;40m;[0;32;40m:[0;34;40m.[0;30;5;40;100m@[0;33;5;40;100m%[0;30;5;40;100mX[0;31;5;40;100mS[0;30;5;40;100mS[0;33;5;40;100mX[0;34;5;40;100mS[0;33;5;40;100mX[0;35;5;40;100m%[0;33;5;40;100m;.  [0;36;5;40;100m [0;35;5;40;100m [0;36;5;40;100m [0;33;5;40;100m ;[0;35;5;40;100mt[0;30;5;40;100mX@8[0;1;30;90;40m8@[0;31;40m%[0;1;30;90;40mX[0;34;40m:[0;31;40m.[0;1;30;90;40m@[0;33;5;40;100mt[0;36;5;40;100m.[0;35;5;40;100m:[0;30;5;40;100mS[0;32;40m;[0;1;30;90;40mX[0;31;5;40;100m8[0;30;5;40;100m8S[0;31;5;40;100mS[0;33;5;40;100mS[0;31;5;40;100mS[0;35;5;40;100mt[0;33;5;40;100mX[0;35;5;40;100mS[0;33;5;40;100m@[0;35;5;40;100m%[0;33;5;40;100mX;;;::;t;.:;;t%SXSXXXXSSX[0;31;5;40;100mX[0;33;5;40;100mSX[0;31;5;40;100m@[0;33;5;40;100mX[0;31;5;40;100mX[0;33;5;40;100mX[0;30;5;40;100mX[0;33;5;40;100mS[0;31;5;40;100m@[0;33;5;40;100mS[0;31;5;40;100mX[0;32;5;40;100mS[0;35;5;40;100m%[0;33;5;40;100mX[0;35;5;40;100mt[0;33;5;40;100mS[0;35;5;40;100mS[0;33;5;40;100m@[0;35;5;40;100m%[0;33;5;40;100mX[0;35;5;40;100mS[0;33;5;40;100m@[0m
[0;33;5;40;100m:::::::::;t.:ttt[0;31;5;40;100mS[0;33;5;40;100mS[0;31;5;40;100m@[0;30;5;40;100m@X[0;33;5;40;100m%[0;35;5;40;100m;[0;33;5;40;100mS[0;35;5;40;100m:[0;30;5;40;100m8[0;32;40m [0;34;40m:[0;33;5;40;100m%[0;31;5;40;100mS[0;30;5;40;100m8[0;33;5;40;100m@[0;1;30;90;40m8[0;33;5;40;100mt[0;34;40m:[0;32;40m.[0;1;30;90;40m8[0;30;5;40;100m@[0;33;5;40;100m%[0;36;5;40;100m%[0;35;5;40;100m%[0;33;5;40;100mS[0;35;5;40;100m%[0;32;5;40;100mS[0;31;5;40;100mS[0;36;5;40;100m@[0;31;5;40;100m8[0;30;5;40;100m@@8[0;1;30;90;40m@[0;31;40mt[0;34;40m;[0;32;40m.  [0;31;40m . [0;32;40m.[0;34;40m.[0;32;40m..[0;34;40m. .;[0;32;40m%[0;31;40m:[0;1;30;90;40m@X@[0;30;5;40;100mX[0;33;5;40;100m8[0;30;5;40;100mS[0;33;5;40;100m;t%[0;35;5;40;100mt[0;33;5;40;100mXtt;::::::;;:;:;;;;[0;35;5;40;100m;[0;33;5;40;100m%[0;35;5;40;100m%[0;33;5;40;100mS[0;35;5;40;100mS[0;33;5;40;100mX[0;31;5;40;100mS[0;35;5;40;100mS[0;33;5;40;100m@[0;31;5;40;100mS[0;33;5;40;100mS[0;31;5;40;100mS[0;33;5;40;100m%[0;35;5;40;100m%[0;33;5;40;100mS[0;35;5;40;100m:[0;33;5;40;100m:   [0;37;5;40;100mX[0;33;5;40;100m . ;tX[0;31;5;40;100mS[0;33;5;40;100mX[0;31;5;40;100mS[0;33;5;40;100m@[0;35;5;40;100mX[0m
[0;33;5;40;100m;t%%[0;31;5;40;100mXS[0;30;5;40;100m@[0;31;5;40;100m@[0;30;5;40;100m888[0;31;40m@[0;1;30;90;40m8[0;31;40mX[0;1;30;90;40m@[0;31;40mS[0;1;30;90;40mX[0;34;40m;[0;1;30;90;40m@@[0;33;5;40;100mS[0;36;5;40;100m:[0;35;5;40;100m [0;36;5;40;100m;[0;33;5;40;100m%[0;34;40mt[0;31;40m:[0;1;30;90;40mX8[0;36;5;40;100m%[0;31;5;40;100mS[0;34;5;40;100mS[0;31;5;40;100mS[0;1;30;90;40mX[0;32;40m:[0;34;40m.[0;31;40mt[0;1;30;90;40m8S[0;31;40m%[0;32;40mt[0;34;40m;[0;32;40m;[0;34;40m;[0;31;40m. [0;32;40m.. [0;31;40m [0;32;40m.:[0;31;40m:[0;32;40m:[0;31;40m;[0;32;40mt[0;1;30;90;40mS[0;31;40m%[0;1;30;90;40m@@88[0;30;5;40;100m8[0;1;30;90;40m8[0;30;5;40;100m88[0;31;5;40;100m@[0;30;5;40;100mX[0;33;5;40;100m@[0;31;5;40;100mX[0;33;5;40;100m%X[0;31;5;40;100mX[0;33;5;40;100m%t[0;35;5;40;100mt[0;33;5;40;100m%tt;:;::;::;;:;;t;t[0;35;5;40;100mt[0;33;5;40;100mXt%ttt;[0;35;5;40;100m:[0;33;5;40;100m.:    :t:;:;.t%;t%%[0;35;5;40;100m%[0;33;5;40;100mX[0;35;5;40;100mS[0;33;5;40;100m@[0;34;5;40;100mS[0;33;5;40;100m8[0;31;5;40;100mS[0m
[0;31;40m%[0;1;30;90;40m8[0;31;40mX[0;1;30;90;40m88888[0;30;5;40;100m@[0;31;5;40;100m8[0;30;5;40;100mS[0;33;5;40;100m8[0;31;5;40;100mX[0;33;5;40;100m%[0;31;5;40;100mS[0;32;5;40;100mS[0;31;5;40;100mX[0;33;5;40;100m8[0;30;5;40;100m@[0;31;5;40;100mX[0;1;30;90;40m8@[0;31;40m%[0;1;30;90;40mS[0;31;40m;[0;32;40mt[0;31;40m.:[0;1;30;90;40m8[0;30;5;40;100m8[0;1;30;90;40m8[0;30;5;40;100mX[0;32;40m%[0;31;40m;[0;34;40m:[0;32;40m.[0;34;40m:[0;32;40m.[0;34;40m:[0;32;40m;[0;31;40m%[0;1;30;90;40mS[0;31;40mt[0;32;40mt[0;31;40mS[0;1;30;90;40m888[0;30;5;40;100m88[0;31;5;40;100m8[0;30;5;40;100m8[0;31;5;40;100mX[0;30;5;40;100mX[0;33;5;40;100m@[0;31;5;40;100mX[0;33;5;40;100m@[0;30;5;40;100mX[0;33;5;40;100m@[0;31;5;40;100mX[0;33;5;40;100m@[0;31;5;40;100mS[0;33;5;40;100m@X[0;31;5;40;100mS[0;33;5;40;100mXS%[0;35;5;40;100mS[0;33;5;40;100m@[0;35;5;40;100m%[0;33;5;40;100mX%[0;35;5;40;100mS[0;33;5;40;100mXS[0;35;5;40;100m%[0;33;5;40;100mS[0;35;5;40;100m [0;33;5;40;100m  t%tt;t::: .. :;..;[0;35;5;40;100mt[0;33;5;40;100m%tt%%%%%%%%%%[0;31;5;40;100mX[0;33;5;40;100mX[0;31;5;40;100mX[0;33;5;40;100mX[0;31;5;40;100mX[0;33;5;40;100mX[0;31;5;40;100mX[0;33;5;40;100m%[0;31;5;40;100mS[0;33;5;40;100mS[0;31;5;40;100mS[0;33;5;40;100m%X[0;31;5;40;100mS[0;33;5;40;100m%[0;35;5;40;100mt[0;33;5;40;100m%[0m
[0;33;5;40;100mtt;S[0;31;5;40;100mX[0;33;5;40;100mXSX[0;31;5;40;100mS[0;33;5;40;100m8@[0;30;5;40;100mX[0;33;5;40;100mS[0;30;5;40;100mX[0;33;5;40;100mX[0;30;5;40;100m@[0;31;5;40;100mS[0;30;5;40;100m8S8[0;1;30;90;40m88[0;32;40mt[0;31;40m%[0;1;30;90;40m@[0;31;40mt[0;1;30;90;40mX[0;32;40mt[0;31;40mS[0;32;40m%[0;31;40mX[0;1;30;90;40m@8[0;30;5;40;100m88[0;1;30;90;40m8[0;31;5;40;100mX[0;30;5;40;100mX[0;31;5;40;100mS[0;32;5;40;100mS[0;31;5;40;100m@[0;33;5;40;100m@[0;31;5;40;100mX[0;33;5;40;100m%S[0;31;5;40;100mS[0;33;5;40;100m8[0;31;5;40;100mX[0;33;5;40;100m8[0;31;5;40;100mX[0;33;5;40;100m8XX[0;31;5;40;100mS[0;33;5;40;100mS[0;31;5;40;100mS[0;33;5;40;100m%[0;31;5;40;100mS[0;33;5;40;100m%%[0;31;5;40;100mS[0;33;5;40;100m%[0;31;5;40;100mS[0;33;5;40;100m%%[0;35;5;40;100mS[0;33;5;40;100mX[0;35;5;40;100mt[0;33;5;40;100m%. [0;37;5;40;100m@@8[0;1;30;90;47m888[0;37;5;40;100m8[0;33;5;40;100m [0;1;30;90;47mS88[0;37;5;40;100m%[0;33;5;40;100m :t%tttSSS%%%%%[0;31;5;40;100mS[0;33;5;40;100mS[0;31;5;40;100mSXXSSXS[0;33;5;40;100mX[0;31;5;40;100mX[0;33;5;40;100m%[0;31;5;40;100m@[0;33;5;40;100m%[0;31;5;40;100mS[0;33;5;40;100m%[0;31;5;40;100mS[0;33;5;40;100mt%%[0;31;5;40;100mS[0;33;5;40;100mttt[0;35;5;40;100m%[0;33;5;40;100mS[0;35;5;40;100mt[0;33;5;40;100mS[0;35;5;40;100m;[0;33;5;40;100mS%;[0m
