[0;1;30;90;47m.:Xt;:[0;1;37;97;47m ..::;ttttt%t%%SXSXSSSXSX[0;37;5;47;107m8[0;1;37;97;47mS[0;37;5;47;107m8[0;1;37;97;47mS[0;37;5;47;107m8[0;1;37;97;47mX[0;37;5;47;107m8[0;1;37;97;47mS[0;37;5;47;107m8[0;1;37;97;47mS[0;37;5;47;107m8[0;1;37;97;47mX[0;37;5;47;107m8[0;1;37;97;47mX[0;37;5;47;107m8888888888888XXXX@X@X@X@@@@@@X@XXXXXXSXX@8[0;1;37;97;47m8@@8@8@@@@XXXXSS%%%tt%tSX888XS%SXXSSSSS%S%%[0m
[0;1;30;90;47m8t[0;1;37;97;47m;:.:.::;;;;%%%%%SSSSSSSSSSXXSXXSXS[0;37;5;47;107m8[0;1;37;97;47m%[0;37;5;47;107m8[0;1;37;97;47m%[0;37;5;47;107m8[0;1;37;97;47mS[0;37;5;47;107m8[0;1;37;97;47mS[0;37;5;47;107m8[0;1;37;97;47mS[0;37;5;47;107m8[0;1;37;97;47mS[0;37;5;47;107m8[0;1;37;97;47mX[0;37;5;47;107m8888888888888888@8@888@8@8@@@@@@@88[0;1;37;97;47m@@@@XXXXXXXSSS%S%%ttt%%%S@88XS%%SSSSSSSS%S%tt[0m
[0;1;37;97;47m.[0;1;30;90;47m.[0;1;37;97;47m [0;1;30;90;47m%8[0;1;37;97;47m :::::;;ttt%%%%%t%%%%%SSSXSXXXXSXX[0;37;5;47;107m8[0;1;37;97;47m%[0;37;5;47;107m8[0;1;37;97;47mS[0;37;5;47;107m8[0;1;37;97;47mS[0;37;5;47;107m8[0;1;37;97;47mX[0;37;5;47;107m8[0;1;37;97;47mX[0;37;5;47;107m8[0;1;37;97;47mS[0;37;5;47;107m8[0;1;37;97;47mS[0;37;5;47;107m8[0;1;37;97;47mS[0;37;5;47;107m888888888888888888888@@8888[0;1;37;97;47m8@@XXXSXSS%SSSS%%%%%%%%SSSS@88@XSSSS%SXXXXSS%ttt[0m
[0;1;30;90;47m%@;t8;[0;1;37;97;47m;.:[0;1;36;96;47m%[0;1;37;97;47m :;;ttt;;ttt;;t;tttt%S%SSSSXSSXSXXXX[0;37;5;47;107m8[0;1;37;97;47mS[0;37;5;47;107m8[0;1;37;97;47mS[0;37;5;47;107m8[0;1;37;97;47m%[0;37;5;47;107m8[0;1;37;97;47mS[0;37;5;47;107m8[0;1;37;97;47mS[0;37;5;47;107m8[0;1;37;97;47m%[0;37;5;47;107m8888[0;1;37;97;47mX[0;37;5;47;107m8888888888888888[0;1;37;97;47m88@@@XXSSSS%%%%%SS%%%%SSSSXSXX@@@XSXS@XSS%SSXS%%%%%[0m
[0;1;37;97;47m: [0;1;30;90;47mXS:[0;1;37;97;47m .::.;;;tttttt;;:.. ...:::;;;tt%SSSSXSXSS%SSSSXX[0;37;5;47;107m8[0;1;37;97;47m%[0;37;5;47;107m8[0;1;37;97;47m%[0;37;5;47;107m8[0;1;37;97;47m%XX[0;37;5;47;107m8[0;1;37;97;47mS[0;37;5;47;107m8[0;1;37;97;47mS[0;37;5;47;107m8[0;1;37;97;47mX[0;37;5;47;107m8[0;1;37;97;47mX[0;37;5;47;107m8[0;1;37;97;47mS[0;37;5;47;107m8[0;1;37;97;47mX[0;37;5;47;107m888[0;1;37;97;47mX@X@@@XXSSSS%%%%S%SSSSSSSXSSS%S%SSSSXXSXSXXXXX@X@@@8[0;37;5;47;107m88[0m
[0;1;37;97;47m;t:::;;t;;tt%%St;;:.     [0;1;36;96;47m%[0;1;37;97;47m      .::;ttt%%%%%%%SSXXX[0;37;5;47;107m8[0;1;37;97;47mSXXX[0;37;5;47;107m8[0;1;37;97;47m%[0;37;5;47;107m8[0;1;37;97;47mSXS[0;37;5;47;107m8[0;1;37;97;47mS[0;37;5;47;107m88[0;1;37;97;47mX[0;37;5;47;107m8[0;1;37;97;47mSXX[0;37;5;47;107m8[0;1;37;97;47mX[0;37;5;47;107m8[0;1;37;97;47m%XX[0;37;5;47;107m8[0;1;37;97;47mS@@@XSSSS%%%%%%S%SSSXS%%t%ttt%tt%SSSSSXXXXX@88[0;37;5;47;107m8888@X[0m
[0;1;37;97;47m:;.;.;;;;ttt%S%%%t:.[0;1;36;96;47m%[0;1;37;97;47m  [0;1;36;96;47mS[0;1;30;90;47mS[0;1;37;97;47m [0;1;30;90;47m%[0;1;37;97;47m  [0;1;36;96;47m%[0;1;37;97;47m    ..:;:;tttt%%SSXSX:[0;36;47m8[0;1;30;90;47m8[0;1;37;97;47m XSSSSXSX[0;37;5;47;107m8[0;1;37;97;47m%[0;37;5;47;107m8[0;1;37;97;47m%S[0;37;5;47;107m8[0;1;37;97;47m%SSXX[0;37;5;47;107m8[0;1;37;97;47mX[0;37;5;47;107m8[0;1;37;97;47mX[0;37;5;47;107m88[0;1;37;97;47m@[0;37;5;47;107m8[0;1;37;97;47mX@@XXSS%%t%tttttt;t;[0;1;36;96;47m%[0;1;37;97;47m:;;;;;tt%%SSSX@@88[0;37;5;47;107m8[0;1;37;97;47m8[0;37;5;47;107m8[0;1;37;97;47m8[0;37;5;47;107m88X@@[0m
[0;1;30;90;47m%[0;1;37;97;47m: [0;1;30;90;47mS[0;1;37;97;47m :;t;tt%SSSXXX%;:              .:;;;;;tS%XX[0;37;5;47;107m8[0;1;37;97;47mS[0;37;5;47;107m88[0;1;37;97;47m [0;37;5;40;100mS[0;36;5;40;100m [0;1;30;90;47m8[0;1;37;97;47mSSS%SSXSSSS[0;37;5;47;107m8[0;1;37;97;47m%[0;37;5;47;107m8[0;1;37;97;47mX[0;37;5;47;107m88888888888[0;1;37;97;47mX[0;37;5;47;107m8[0;1;37;97;47mX@XS%t[0;1;36;96;47m%[0;1;37;97;47m:::[0;1;36;96;47m%[0;1;37;97;47m .[0;1;36;96;47m%[0;1;37;97;47m .[0;1;36;96;47m%[0;1;37;97;47m   :;;;[0;1;36;96;47m%[0;1;37;97;47m;tSXX@[0;37;5;47;107m8[0;1;37;97;47mX88[0;37;5;47;107m8[0;1;37;97;47m@888[0;37;5;47;107m888888[0;1;37;97;47m8[0m
[0;1;30;90;47m88S[0;1;37;97;47m .:[0;1;36;96;47mS[0;1;37;97;47m ;tt%%SX[0;37;5;47;107m8[0;1;37;97;47mX[0;37;5;47;107m888888[0;1;37;97;47m%[0;37;5;47;107m88[0;1;37;97;47m%[0;37;5;47;107m8[0;1;37;97;47m;t:;S[0;37;5;47;107m8[0;1;37;97;47m%XXS[0;37;5;47;107m88888888[0;1;37;97;47mXX[0;37;5;47;107m8[0;1;37;97;47m%[0;37;5;47;107m88[0;36;5;40;100m ;[0;37;5;47;107m8[0;1;37;97;47mSX[0;37;5;47;107m8[0;1;37;97;47mS[0;37;5;47;107m88[0;1;37;97;47mX[0;37;5;47;107m88[0;1;37;97;47mSXX[0;37;5;47;107m8[0;1;37;97;47mt[0;37;5;47;107m8888888888[0;1;37;97;47m%X[0;37;5;47;107m8[0;1;37;97;47m%S%tt[0;1;36;96;47mS[0;1;37;97;47m              :;t%S%[0;37;5;47;107m8[0;1;37;97;47mS[0;37;5;47;107m8[0;1;37;97;47mS[0;37;5;47;107m8[0;1;37;97;47m%SXXSSXXXXXXX@XSS[0m
[0;1;30;90;47m8SX88[0;36;5;40;100m:[0;37;5;40;100m%[0;1;30;90;47m8[0;1;37;97;47m:;;t%SSSXXX[0;37;5;47;107m8[0;1;37;97;47m%[0;37;5;47;107m888[0;1;37;97;47m%[0;37;5;47;107m888888888X@@X@8@888888888[0;1;37;97;47mX[0;37;5;47;107mS[0;1;37;97;47m [0;1;30;90;47m@[0;37;5;47;107m@88[0;1;37;97;47mX[0;37;5;47;107m8[0;1;37;97;47mX[0;37;5;47;107m88[0;1;37;97;47mXSXSStSXX[0;37;5;47;107m8[0;1;37;97;47m%[0;37;5;47;107m8[0;1;37;97;47m%[0;37;5;47;107m8[0;1;37;97;47mXXSXSttt[0;1;36;96;47m%[0;1;37;97;47m.              .;t%SS%tt%tttt%%[0;1;36;96;47m%[0;1;37;97;47mtt%[0;1;36;96;47m%[0;1;37;97;47mt%%[0;1;36;96;47m%[0;1;37;97;47m%t[0;1;36;96;47m%[0;1;37;97;47m;;[0m
[0;37;5;40;100m8X[0;1;30;90;47m88t[0;1;37;97;47m    .:;;t%%SXXX[0;37;5;47;107m8[0;1;37;97;47m%S[0;37;5;47;107m88[0;1;37;97;47mS[0;37;5;47;107m888888@XXXS%%S@88888[0;1;37;97;47m@[0;37;5;47;107m8[0;1;37;97;47mX[0;37;5;47;107m88@[0;1;30;90;47mS%[0;37;5;47;107mX88888888[0;1;37;97;47m%SSSX[0;37;5;47;107m888[0;1;37;97;47mS[0;37;5;47;107m8[0;1;37;97;47m;[0;37;5;47;107m8[0;1;37;97;47mtSSSS%t;:.::::    :t;;tt%[0;37;5;47;107m8[0;1;37;97;47m;[0;37;5;47;107m8[0;1;37;97;47m:tt;;;;;;;:[0;1;36;96;47mS[0;1;37;97;47m :::::;:;;::;;:[0m
[0;1;30;90;47mX%@:[0;1;37;97;47m    [0;1;36;96;47m%[0;1;37;97;47m   :[0;1;36;96;47mS[0;1;37;97;47m.;t%S%%[0;37;5;47;107m8[0;1;37;97;47m%SS[0;37;5;47;107m8[0;1;37;97;47m%[0;37;5;47;107m8[0;1;37;97;47m%[0;37;5;47;107m88888@XSXX8888[0;1;37;97;47mX[0;37;5;47;107m8[0;1;37;97;47mS[0;37;5;47;107m8888[0;1;37;97;47mX[0;37;5;47;107mS[0;1;30;90;47mX[0;1;37;97;47m [0;37;5;47;107m@88[0;1;37;97;47mS[0;37;5;47;107m8[0;1;37;97;47mS[0;37;5;47;107m8[0;1;37;97;47mS[0;37;5;47;107m8[0;1;37;97;47mtX[0;37;5;47;107m8[0;1;37;97;47m%tt%%t;t;%%%SX[0;37;5;47;107m8[0;1;37;97;47mt%%%%S[0;37;5;47;107m8[0;1;37;97;47m;t:.:;%t%%[0;37;5;47;107m8[0;1;37;97;47m;;;.:..:::..[0;1;36;96;47m%[0;1;37;97;47m       ... .      [0m
[0;1;30;90;47m@t%t%t[0;36;47mS[0;1;30;90;47mS[0;1;37;97;47m [0;1;30;90;47m%[0;1;37;97;47m [0;1;36;96;47mS[0;1;37;97;47m   ::;ttttSSSSSS[0;37;5;47;107m8[0;1;37;97;47mtSX[0;37;5;47;107m8[0;1;37;97;47m@[0;37;5;47;107m888888[0;1;37;97;47m@@@@@[0;37;5;47;107m8[0;1;37;97;47mXX[0;37;5;47;107m8[0;1;37;97;47mX[0;37;5;47;107m8@[0;1;30;90;47m8t[0;37;5;47;107m88[0;1;37;97;47mX[0;37;5;47;107m88[0;1;37;97;47mX[0;37;5;47;107m8[0;1;37;97;47mSX[0;37;5;47;107m8[0;1;37;97;47m%S[0;37;5;47;107m8[0;1;37;97;47m%%SS%t%%%SX[0;37;5;47;107m8[0;1;37;97;47m%S[0;37;5;47;107m8[0;1;37;97;47m%[0;37;5;47;107m8[0;1;37;97;47m%[0;37;5;47;107m8[0;1;37;97;47m;ttttt;;;:;::;;.. ... [0;1;36;96;47m%[0;1;37;97;47m        [0;1;36;96;47m%[0;1;37;97;47m  [0;1;36;96;47mS[0;1;37;97;47m  [0;1;36;96;47mS[0;1;37;97;47m  [0;1;36;96;47mS[0;1;37;97;47m  [0;1;30;90;47m;[0m
[0;1;30;90;47m@S%%t%%%S[0;1;37;97;47m [0;1;30;90;47mX[0;1;37;97;47m [0;1;30;90;47mS[0;1;37;97;47m    ..;;tttt%%%t%SttS%SSXX@888[0;37;5;47;107m8[0;1;37;97;47mX@[0;37;5;47;107m8[0;1;37;97;47mX[0;37;5;47;107m88[0;1;37;97;47mX[0;37;5;47;107m@[0;1;30;90;47m8[0;1;37;97;47m [0;37;5;47;107m888[0;1;37;97;47mX[0;37;5;47;107m8[0;1;37;97;47mX[0;37;5;47;107m88[0;1;37;97;47mX[0;37;5;47;107m8[0;1;37;97;47mS[0;37;5;47;107m8[0;1;37;97;47m%[0;37;5;47;107m8[0;1;37;97;47mtSSS[0;37;5;47;107m8[0;1;37;97;47mt%%%ttS%%%;t;;;;:;:...;;;;;;;;;;::     [0;1;36;96;47m%[0;1;30;90;47mX[0;1;37;97;47m              .;[0m
[0;1;30;90;47m%%%%[0;36;47mX[0;1;30;90;47mX%%%%[0;1;37;97;47m [0;1;30;90;47mS[0;1;37;97;47m [0;1;30;90;47m%[0;1;37;97;47m [0;1;36;96;47mS[0;1;30;90;47mS[0;1;37;97;47m [0;1;36;96;47mS[0;1;37;97;47m   .. .:::;:tt%tt%SSSSSS%S%%StSX[0;37;5;47;107m8[0;36;5;40;100m%[0;1;37;97;47m [0;37;5;47;107m8[0;1;37;97;47m%[0;37;5;47;107m8[0;1;37;97;47m%SXSSS%%%SS[0;37;5;47;107m8[0;1;37;97;47mtSS;tt;;;t;;%t::.....  .t[0;37;5;47;107m8[0;1;37;97;47m;%%S%tttt;;:.          ....::t;;;tt[0m
[0;1;37;97;47m .  [0;1;30;90;47mttS[0;1;37;97;47m [0;1;30;90;47mt[0;1;37;97;47m [0;1;30;90;47mt[0;1;37;97;47m [0;1;30;90;47mS[0;1;37;97;47m [0;1;30;90;47m@[0;1;37;97;47m [0;1;30;90;47mS[0;1;37;97;47m [0;1;30;90;47m@[0;1;37;97;47m  [0;1;36;96;47mS[0;1;30;90;47mS[0;1;37;97;47m     ...:;;;;;;ttt;t;;:;t [0;1;30;90;47mt[0;1;37;97;47m%[0;37;5;47;107m8[0;36;5;40;100m;[0;1;37;97;47m [0;37;5;47;107m8[0;1;37;97;47m;;t;;t;;t%%S%;;;;;:.....;;t;...;%%tt;%t;tt%ttttt;t;;;;;;::;ttttt;;t;ttt%tt%[0m
[0;1;30;90;47m%t[0;1;37;97;47mt.      [0;1;36;96;47m%[0;1;30;90;47mX[0;1;37;97;47m [0;1;30;90;47mS[0;1;37;97;47m [0;1;30;90;47m@[0;1;37;97;47m [0;1;30;90;47m@[0;1;37;97;47m [0;1;30;90;47m@XS[0;1;37;97;47m [0;1;30;90;47m%[0;1;37;97;47m    [0;1;36;96;47m%[0;1;37;97;47m       ..[0;1;36;96;47m%[0;1;37;97;47m  ..::::;[0;1;30;90;47mt;[0;1;37;97;47m;%[0;36;5;40;100mt[0;1;30;90;47mS[0;1;37;97;47mt;:...:::;tttt;tt;;;;;t%%SSt%tt%tttt;tt;;;;:;:;:;;ttttttt;tt;tt;t;;tt%%S%%%t[0m
[0;32;40m.[0;34;40m:[0;36;5;40;100mt[0;1;37;97;47m   [0;36;47mS[0;1;37;97;47m [0;1;30;90;47m%%S[0;1;37;97;47m [0;1;30;90;47m@SXXXSX%[0;1;37;97;47m [0;1;30;90;47mX%[0;1;37;97;47m [0;36;47mX[0;1;30;90;47mSt%S%%[0;1;36;96;47m%[0;1;30;90;47mS[0;1;37;97;47m [0;1;36;96;47m%[0;1;37;97;47m     .   [0;1;36;96;47mS[0;1;37;97;47m   [0;1;30;90;47m%:[0;1;37;97;47m  [0;35;5;40;100m%[0;1;30;90;47m%[0;1;37;97;47m.     .::;;:::;:;;;tt%t%%%;.tt;;;;;:. .    [0;1;36;96;47mS[0;1;37;97;47m  [0;1;36;96;47mS[0;1;37;97;47m [0;1;36;96;47mS[0;1;30;90;47m8[0;1;36;96;47mS[0;1;30;90;47m8[0;1;36;96;47mS[0;1;30;90;47m8[0;1;36;96;47mS[0;1;30;90;47m8X[0;36;47mS[0;1;30;90;47m8[0;36;47m8[0;1;30;90;47m8[0;1;30;90;46m8[0;35;5;40;100m:[0;1;30;90;47m8[0;1;30;90;46m8[0;1;30;90;47m88[0;36;47m@[0;1;30;90;47m88[0;1;37;97;47mSt%ttt[0m
[0;1;30;90;40m88[0;36;5;40;100m [0;1;30;90;47m@;S%S%%SX8@@@XXX@XSSXS%%[0;1;37;97;47m [0;1;30;90;47mS[0;1;37;97;47m [0;1;30;90;47mSS[0;1;37;97;47m [0;1;30;90;47mX[0;1;37;97;47m     ..::  [0;1;30;90;47mt[0;1;37;97;47m  [0;1;30;90;47m%:[0;1;37;97;47m.:[0;36;5;40;100m8[0;1;30;90;47mt[0;1;37;97;47m:::::;;;t;t;tt;;;;;;;;;;;:. :t%tttt[0;1;36;96;47mS[0;1;30;90;47m8[0;36;47m8[0;1;30;90;47m8[0;36;47m8[0;1;30;90;47m8[0;36;47m8[0;1;30;90;47m8888888888888888[0;36;5;40;100m [0;35;5;40;100m:[0;1;30;90;47m8[0;35;5;40;100mt[0;36;5;40;100mX[0;35;5;40;100m%[0;36;5;40;100m:[0;1;30;90;47m8[0;36;5;40;100m.[0;1;30;90;47m8[0;36;5;40;100m.[0;1;30;90;47m8@%[0;36;47m@[0;1;30;90;47m888[0m
[0;33;5;40;100m88[0;31;5;40;100mX[0;36;5;40;100mt[0;35;5;40;100m.[0;36;5;40;100m [0;1;30;90;47m8@S%%%tttttt;;[0;1;37;97;47m [0;1;30;90;47mt[0;1;37;97;47m [0;1;30;90;47mt[0;1;37;97;47m  [0;1;30;90;47mt[0;1;37;97;47m [0;1;30;90;47mt[0;1;37;97;47m      [0;1;30;90;47m%SXSttt;tt[0;1;37;97;47m [0;1;30;90;47m%[0;1;37;97;47m [0;1;30;90;47mt.[0;1;37;97;47m. [0;34;5;40;100mX[0;1;30;90;47m;[0;1;37;97;47m.     ....  :;  :.. .:::;;:[0;1;36;96;47m%[0;1;37;97;47m ;::.  [0;1;30;90;47mX8888888[0;37;5;40;100mt[0;1;30;90;47m88[0;37;5;40;100mt[0;1;30;90;47m88[0;36;5;40;100m [0;1;30;90;47m8[0;37;5;40;100m;t;;[0;36;5;40;100m [0;37;5;40;100mtt[0;1;30;90;47m8[0;36;5;40;100m%;. . ..[0;1;30;90;47m8[0;36;5;40;100m:;%[0;35;5;40;100m:[0;34;5;40;100mS@X[0;36;5;40;100m%[0m
[0;31;5;40;100mSS[0;33;5;40;100m8[0;31;5;40;100m8[0;32;40mX[0;1;30;90;40m@X[0;30;5;40;100m8S[0;34;5;40;100mX[0;36;5;40;100m%t;;;;:: .:  [0;37;5;40;100m@[0;36;5;40;100m;[0;37;5;40;100mX[0;36;5;40;100m.[0;1;30;90;47m8[0;36;5;40;100m [0;1;30;90;47m8[0;36;5;40;100m [0;1;30;90;47m8[0;36;5;40;100m [0;1;30;90;47m8[0;36;5;40;100m [0;1;30;90;47m8[0;36;5;40;100m  t[0;1;30;90;47m8[0;36;5;40;100m;[0;37;5;40;100m@[0;36;5;40;100m [0;1;30;90;47m8[0;37;5;40;100mXX@[0;1;30;90;47m8t;8[0;37;5;40;100m8[0;30;5;40;100m8[0;1;30;90;47m%[0;1;37;97;47m [0;1;30;90;47mt[0;1;37;97;47m [0;1;30;90;47mt[0;1;37;97;47m      [0;1;30;90;47mX@t[0;1;37;97;47m [0;1;30;90;47m88[0;1;37;97;47m   :;;ttt::    .  . [0;36;5;40;100m;[0;37;5;40;100mt[0;36;5;40;100m [0;1;30;90;47m8[0;36;5;40;100m;[0;37;5;40;100mtt[0;1;30;90;47m8[0;1;30;90;46m8[0;1;30;90;47m8[0;36;5;40;100m.[0;37;5;40;100mt[0;36;5;40;100m [0;1;30;90;47m8[0;36;5;40;100m:[0;1;30;90;47m8[0;37;5;40;100m%[0;1;30;90;47m88[0;36;5;40;100m [0;1;30;90;47m8[0;36;5;40;100m; [0;1;30;90;47m8[0;37;5;40;100m;[0;1;30;90;47m8[0;37;5;40;100mS[0;1;30;90;47m8[0;36;5;40;100m.[0;1;30;90;47m8[0;36;5;40;100mtt [0;35;5;40;100m:[0;34;5;40;100m8[0;30;5;40;100m88[0;1;30;90;40m8[0;31;40mt[0;1;30;90;40mX[0m
[0;31;5;40;100m@[0;33;5;40;100m8[0;31;5;40;100m8[0;33;5;40;100m8[0;31;5;40;100mX[0;33;5;40;100m8[0;31;5;40;100m8S[0;1;30;90;40m8[0;31;40mX[0;31;5;40;100mX[0;1;30;90;40m8[0;31;5;40;100m@[0;30;5;40;100m8X8@[0;36;5;40;100mt;t .::[0;37;5;40;100m8[0;36;5;40;100m:.t;;..[0;1;30;90;47m8[0;36;5;40;100mt[0;37;5;40;100m8[0;36;5;40;100m;[0;1;30;90;47m8[0;36;5;40;100m::[0;37;5;40;100m@[0;36;5;40;100m;:[0;36;47m8[0;36;5;40;100m. [0;1;30;90;46m8[0;37;5;40;100mS[0;36;5;40;100m [0;1;37;97;47m.[0;1;30;90;47mS[0;36;5;40;100m  [0;30;5;40;100m8[0;37;5;40;100mX[0;1;30;90;47m8[0;37;5;40;100mX[0;1;30;90;47m8[0;1;37;97;47m [0;1;30;90;47mS%t%SXS[0;36;5;40;100m [0;1;30;90;47m8%88X[0;1;37;97;47m [0;1;30;90;47mt[0;1;37;97;47m       [0;1;30;90;47mX@S[0;1;37;97;47m       [0;36;5;40;100m [0;1;30;90;47m8[0;36;5;40;100m [0;1;30;90;47m8[0;37;5;40;100m%[0;1;30;90;47m8[0;36;5;40;100m:[0;1;30;90;47m8[0;35;5;40;100m [0;1;30;90;47m8[0;36;5;40;100m [0;1;30;90;47m8[0;36;47m8[0;35;5;40;100m [0;1;30;90;47m8[0;36;5;40;100m [0;1;30;90;47m8[0;36;5;40;100m:[0;1;30;90;47m8[0;36;5;40;100m:.[0;1;30;90;47m8[0;36;5;40;100m:. :%%.%[0;35;5;40;100mS[0;36;5;40;100m%[0;35;5;40;100m@[0;30;5;40;100m8[0;1;30;90;40m888[0;31;40mS[0;32;40m@[0;1;30;90;40m@[0m
[0;33;5;40;100m8[0;31;5;40;100m@[0;33;5;40;100m8[0;31;5;40;100mS[0;33;5;40;100m8[0;31;5;40;100mS[0;33;5;40;100m8888[0;31;5;40;100m8[0;33;5;40;100m8[0;31;5;40;100mX[0;31;40m@[0;33;5;40;100m@[0;31;5;40;100mX[0;31;40mS[0;1;30;90;40mX[0;31;40mS[0;34;40mt[0;1;30;90;40m@8[0;36;5;40;100mX[0;30;5;40;100m8[0;34;5;40;100m8[0;36;5;40;100m;tS[0;34;5;40;100m8[0;36;5;40;100m%;.[0;36;47m8[0;36;5;40;100m [0;1;30;90;47m8[0;36;5;40;100m;.[0;1;30;90;46m8[0;36;5;40;100m :...[0;36;47m8[0;36;5;40;100m [0;1;30;90;47m8[0;36;5;40;100m%[0;1;30;90;47m8X8[0;36;5;40;100m t[0;34;40m8[0;37;5;40;100m8[0;36;5;40;100mt.[0;1;30;90;47mX%%t[0;1;37;97;47m [0;1;30;90;47m%@888[0;36;5;40;100m:[0;1;30;90;47m%[0;36;5;40;100m [0;1;30;90;47m8@S[0;1;37;97;47m  [0;36;47mS[0;1;37;97;47m [0;1;30;90;47m%[0;1;36;96;47mS[0;1;37;97;47m [0;1;30;90;47mS[0;1;37;97;47m [0;1;30;90;47m8@[0;1;37;97;47m      [0;1;36;96;47mS[0;37;5;40;100mt[0;1;30;90;47m8[0;36;5;40;100m.[0;1;30;90;47m8[0;36;5;40;100m:[0;1;30;90;47m8[0;36;5;40;100m [0;1;30;90;47m8[0;36;5;40;100m [0;1;30;90;47m8[0;36;5;40;100m.[0;1;30;90;47m8[0;36;5;40;100m [0;1;30;90;47m8[0;36;5;40;100m [0;1;30;90;47m8[0;37;5;40;100m%[0;36;5;40;100m [0;34;5;40;100m@8[0;1;30;90;40m88[0;34;5;40;100m8[0;30;5;40;100m8[0;34;5;40;100m@[0;30;5;40;100m88[0;34;5;40;100mS[0;30;5;40;100m@[0;1;30;90;40m8[0;30;5;40;100m8[0;1;30;90;40m@8[0;31;40mX[0;32;40mX[0;31;40m8[0;1;30;90;40m88[0;31;40m8[0;1;30;90;40m8[0m
[0;30;5;40;100m8[0;31;5;40;100mSX[0;33;5;40;100m8[0;31;5;40;100mS[0;33;5;40;100m88X[0;31;5;40;100m8[0;33;5;40;100m@8[0;31;5;40;100mS[0;33;5;40;100m8XSSX@S@[0;31;5;40;100m@SSX[0;32;40m@[0;30;5;40;100m8[0;31;40m8[0;1;30;90;40m@[0;31;40m.%[0;36;5;40;100m;;::%:  :.;:..:;: [0;1;37;97;47m [0;1;30;90;47m@[0;36;5;40;100m;;[0;30;5;40;100m@[0;36;5;40;100m; .[0;1;30;90;47mSt%SS%X888[0;37;5;40;100mt[0;1;30;90;47m@[0;37;5;40;100mt[0;36;5;40;100m [0;1;30;90;47m8@%t[0;1;37;97;47m [0;1;30;90;47m%S8[0;1;37;97;47m  [0;1;30;90;47m@8888888[0;37;5;40;100mt[0;1;30;90;47m8[0;37;5;40;100mt%%[0;36;5;40;100m:[0;1;30;90;47m8[0;36;5;40;100m.[0;1;30;90;47m8[0;36;5;40;100m.[0;1;30;90;47m8[0;36;5;40;100mt.:[0;35;5;40;100m:[0;36;5;40;100m;[0;34;5;40;100mX8[0;30;5;40;100m88[0;1;30;90;40mX[0;31;40mS[0;1;30;90;40mS[0;31;40mtS[0;30;5;40;100m8[0;31;40m8[0;32;5;40;100mX[0;31;40m8[0;30;5;40;100m@[0;31;5;40;100m8[0;31;40mS[0;1;30;90;40m8[0;31;40m8[0;32;40m8[0;1;30;90;40m8@[0;31;40mS[0;1;30;90;40m88[0;32;40m@[0;31;40mX[0m
[0;1;30;90;40m8[0;33;5;40;100m8[0;1;30;90;41m8[0;33;5;40;100m8[0;31;5;40;100m8[0;33;5;40;100m8[0;31;5;40;100m8S[0;33;5;40;100m8[0;31;5;40;100m@X[0;33;5;40;100m88XX[0;31;5;40;100m@[0;33;5;40;100m@[0;1;30;90;41m8[0;31;5;40;100m@[0;33;5;40;100m88[0;31;5;40;100mX[0;1;30;90;40m8[0;33;5;40;100m8@@[0;1;30;90;40mX[0;31;40m8[0;30;5;40;100mX88[0;31;5;40;100mS[0;36;5;40;100m  @[0;34;5;40;100mX[0;36;5;40;100m    t [0;1;30;90;47m@[0;36;5;40;100m; [0;37;5;40;100m@[0;36;5;40;100m:[0;1;30;90;47m8S[0;37;5;40;100m@[0;36;5;40;100m%%[0;34;40mX[0;1;30;90;47mX[0;36;5;40;100m;:[0;1;30;90;47mt:t8[0;1;37;97;47m      [0;36;5;40;100m;[0;1;30;90;47m@888[0;1;37;97;47m    [0;1;30;90;47m%[0;1;37;97;47m  [0;1;30;90;47m8[0;36;47m8[0;1;37;97;47m [0;1;30;90;47m8@88[0;35;5;40;100m [0;1;30;90;47m8[0;37;5;40;100mtSS%[0;1;30;90;47m8[0;36;5;40;100m; [0;1;30;90;47m8[0;36;5;40;100m.[0;1;30;90;47m8[0;36;5;40;100m:[0;1;30;90;44m@[0;34;40mS@[0;30;5;40;100mSX@[0;31;40mX[0;1;30;90;40mX[0;31;40mt[0;1;30;90;40mX[0;31;40m%[0;32;40mt[0;31;40m;[0;1;30;90;40m888[0;30;5;40;100mS[0;31;40m@[0;32;5;40;100mS[0;31;40m@[0;32;40m@[0;30;5;40;100m8[0;31;40m8[0;32;5;40;100m8[0;30;41m8[0;1;30;90;40m888[0;31;40mXX[0;1;30;90;40m8[0;32;40m;[0m
[0;31;5;40;100m@[0;30;5;40;100mX[0;33;5;40;100m8[0;30;41m8[0;32;5;40;100mS[0;1;30;90;41m8[0;33;5;40;100m8[0;31;5;40;100m8S[0;33;5;40;100m8[0;31;5;40;100mSS[0;33;5;40;100m8[0;1;30;90;41m8[0;31;5;40;100m@[0;1;30;90;41m8[0;1;30;90;40m88[0;31;40mS[0;31;5;40;100m8[0;33;5;40;100m8[0;31;40mt.;[0;1;30;90;41m8[0;33;5;40;100m8[0;31;40m8[0;32;40m%[0;31;40m:X[0;1;30;90;40m8[0;32;40mS[0;36;5;40;100m;[0;35;5;40;100mS[0;32;40m%[0;30;5;40;100m8[0;36;5;40;100m.t;:%::::tt [0;1;30;90;47m8[0;36;5;40;100m :[0;34;5;40;100m%[0;32;40mX[0;37;5;40;100m@[0;36;5;40;100m:%[0;1;30;90;47m%[0;1;37;97;47m:[0;1;30;90;47m:[0;37;5;40;100mX[0;1;37;97;47m [0;36;5;40;100mt[0;1;37;97;47m   .[0;1;30;90;47m8[0;1;37;97;47m [0;1;30;90;47m8888[0;1;37;97;47m.        [0;1;30;90;47mX[0;37;5;40;100m8[0;1;30;90;47m8[0;35;5;40;100m [0;1;30;90;47m88[0;35;5;40;100m  [0;1;30;90;47m8[0;37;5;40;100mt[0;1;30;90;47m88[0;36;5;40;100m [0;1;30;90;47m8[0;36;5;40;100m.[0;34;5;40;100mX[0;30;5;40;100m8[0;1;30;90;40m8[0;31;40mX[0;1;30;90;40m8[0;31;40m8[0;31;5;40;100m@[0;30;5;40;100m8[0;1;30;90;40m88[0;31;40m@[0;1;30;90;40m8[0;32;40m%[0;30;5;40;100m8[0;31;5;40;100m@[0;32;40mX[0;33;5;40;100m8[0;1;30;90;41m8[0;32;40m@[0;30;41m8[0;32;40mX[0;31;40m@[0;1;30;90;40m8[0;31;40m8[0;33;5;40;100m8[0;31;40mS[0;1;30;90;40m8[0;31;40m8[0;33;5;40;100m8[0;1;30;90;40m8[0;32;40mS[0;31;40mt[0;32;40m;[0;31;40mt[0m
[0;1;30;90;40m8[0;31;40m;[0;32;40mt[0;31;40mX[0;32;40m%[0;31;40m;[0;32;40m:t[0;31;40mt[0;32;40m%[0;31;40mS[0;32;40m%[0;31;40m8[0;1;30;90;40m8[0;32;40m%[0;31;40m%[0;1;30;90;40m8[0;31;40m%[0;32;40mt[0;31;40m;[0;1;30;90;40m@[0;31;40m%[0;32;40m%[0;31;40mt[0;32;40m;[0;31;40mS[0;34;40m%[0;32;40mt[0;1;30;90;40mX[0;32;40mt[0;31;40m%%[0;32;40mS[0;1;30;90;40m@[0;30;5;40;100m88[0;36;5;40;100mt%;:[0;34;5;40;100m%[0;36;5;40;100m [0;37;5;40;100m8[0;36;5;40;100m%:. [0;1;30;90;47m%S[0;36;5;40;100m [0;33;5;40;100m [0;36;5;40;100m;[0;1;30;90;40m@[0;36;5;40;100m [0;37;5;40;100m8[0;36;5;40;100mt[0;37;5;40;100m8[0;36;5;40;100m.[0;37;5;40;100m@[0;1;30;90;47m88[0;1;30;90;44m@[0;1;30;90;47m8888[0;36;5;40;100m;[0;1;30;90;47m8[0;37;5;40;100m%%[0;1;30;90;47mX8%t[0;1;37;97;47m [0;1;30;90;47m%%[0;1;37;97;47m [0;1;30;90;47mXSS[0;37;5;40;100mX8[0;1;30;90;47m@[0;35;5;40;100m   [0;1;30;90;47m8[0;35;5;40;100m;S[0;36;5;40;100m;[0;37;5;40;100m8[0;35;5;40;100m:.t[0;34;5;40;100m8[0;31;40m;t[0;30;5;40;100m@[0;31;40m8[0;32;40m@[0;31;5;40;100mXS[0;31;40m8[0;1;30;90;40m8[0;31;40m8[0;1;30;90;40m8[0;31;40mS[0;1;30;90;40m8[0;31;40m@[0;1;30;90;40m8[0;30;41m8[0;1;30;90;40m8[0;31;5;40;100m@[0;1;30;90;40m8[0;31;40mX[0;1;30;90;40m8[0;32;40m%[0;31;40mS[0;1;30;90;40mX@8[0;30;5;40;100mX[0;31;5;40;100mS[0;31;40mS[0;30;5;40;100mX[0;31;40m8[0;1;30;90;40m8[0;31;40mt[0;32;40mt[0m
[0;31;40m;[0;32;40mt[0;31;40mS[0;32;40mS[0;31;40mS[0;1;30;90;40mX[0;31;40m%%[0;1;30;90;40m88[0;31;40m@[0;1;30;90;40m88[0;31;40mX[0;32;40mX[0;31;40mS[0;32;40m@[0;31;5;40;100m@[0;1;30;90;40m8[0;30;5;40;100m@[0;1;30;90;40m8[0;30;5;40;100mX88[0;1;30;90;40m8[0;30;5;40;100mXX[0;31;5;40;100mX[0;30;5;40;100mX[0;33;5;40;100m8[0;30;5;40;100m8[0;33;5;40;100mS[0;31;5;40;100mS[0;33;5;40;100mSS[0;35;5;40;100m;[0;33;5;40;100m;[0;35;5;40;100m%[0;36;5;40;100m [0;33;5;40;100m.t[0;36;5;40;100mX[0;35;5;40;100m  ::[0;36;5;40;100m:t[0;33;5;40;100mS[0;31;5;40;100mS[0;32;5;40;100mS[0;31;40mS[0;1;30;90;40m8[0;36;5;40;100mt [0;37;5;40;100mS[0;36;5;40;100m  ;[0;35;5;40;100m%[0;32;5;40;100mX[0;31;5;40;100m8[0;30;5;40;100mX[0;34;5;40;100m@[0;30;5;40;100m8[0;34;5;40;100m8[0;30;5;40;100mX88[0;34;40m8[0;35;5;40;100m%[0;34;5;40;100mS[0;30;5;40;100m8[0;34;5;40;100mSX8[0;30;5;40;100m8[0;34;5;40;100m8[0;1;30;90;40m8[0;34;5;40;100m8[0;34;40m%[0;31;5;40;100mS[0;35;5;40;100m   [0;1;30;90;47m@[0;37;5;40;100m8[0;35;5;40;100mt[0;30;5;40;100mX8[0;31;5;40;100m@[0;35;5;40;100m:[0;1;30;90;40mX[0;34;40mt[0;32;40m%[0;31;40mS[0;32;40mS[0;1;30;90;40m8[0;31;40m@[0;32;40m@[0;31;40m8[0;1;30;90;40m8[0;32;40m@[0;31;40mS[0;32;40mS%[0;31;40mt[0;32;40m%[0;31;40mt[0;32;40mtt[0;1;30;90;40m8[0;31;40m%[0;32;40m%[0;31;40m@[0;1;30;90;40m8[0;31;40mS[0;32;40m%[0;1;30;90;40m@[0;31;40m;[0;32;40m:[0;31;40m;[0;32;40mt[0;31;40mS[0;32;40mX[0;31;40m%[0;32;40mS[0;31;40mS[0;1;30;90;40m@[0;31;40m;[0m
[0;32;40m%[0;31;40m@[0;32;40m@[0;30;5;40;100m8[0;1;30;90;40m8[0;32;40mX[0;31;5;40;100mS[0;32;40m8[0;31;5;40;100m@[0;32;40m8[0;33;5;40;100m8[0;30;5;40;100mX[0;33;5;40;100m8t:  S;[0;37;5;40;100m@8[0;30;5;40;100mX[0;31;40mS[0;33;5;40;100m [0;1;30;90;47m%[0;33;5;40;100m [0;37;5;40;100m8[0;33;5;40;100m; :S[0;34;5;40;100m%[0;33;5;40;100m%[0;35;5;40;100mX[0;32;5;40;100mS[0;33;5;40;100m%;:  [0;37;5;40;100mSS[0;1;30;90;47m8[0;37;5;40;100m8888@@[0;1;30;90;47m88[0;35;5;40;100m%[0;30;5;40;100m@[0;1;30;90;47mX8[0;37;5;40;100m8[0;1;30;90;47m8[0;37;5;40;100m888X@@[0;33;5;40;100m [0;1;30;90;47mX[0;33;5;40;100m;%:t [0;1;30;90;47m%@@;tSSS[0;33;5;40;100m8[0;1;30;90;40m8[0;33;5;40;100m8[0;30;5;40;100m8[0;33;5;40;100m [0;1;30;90;47mt[0;35;5;40;100m [0;37;5;40;100mS[0;35;5;40;100m [0;1;30;90;47mX@88[0;37;5;40;100m88[0;33;5;40;100m .@[0;30;5;40;100m8[0;31;40m8[0;32;5;40;100m8[0;31;40m@[0;30;5;40;100m8[0;31;5;40;100m@[0;31;40mX[0;32;40mX[0;31;40m@[0;1;30;90;40mS[0;31;40m%[0;1;30;90;40m888[0;31;40m8[0;30;5;40;100m@[0;32;40mX[0;31;40m8[0;32;40m8[0;1;30;90;40m8[0;32;40mt[0;31;40m%:[0;32;40mt[0;31;40mS[0;32;40mS[0;31;40m@[0;32;40mX[0;31;40m%[0;32;40m;[0;31;40m@[0;32;40m%[0;31;40m%[0;32;40mt[0m
[0;33;5;40;100m [0;37;5;40;100m@[0;33;5;40;100m  [0;37;5;40;100m8[0;33;5;40;100m [0;37;5;40;100m8[0;33;5;40;100m [0;37;5;40;100m8[0;33;5;40;100m    ..:t[0;30;5;40;100m8@[0;33;5;40;100m8[0;31;5;40;100mS[0;33;5;40;100m8%t%;;   [0;37;5;40;100mX[0;33;5;40;100m [0;37;5;40;100m@[0;33;5;40;100m [0;37;5;40;100m@SX[0;1;30;90;47m88[0;37;5;40;100m8@@@88888@@[0;1;30;90;47m8[0;1;30;90;40m8[0;33;5;40;100m@[0;37;5;40;100m@@8@@@@@[0;33;5;40;100m ;S8[0;31;5;40;100mS[0;33;5;40;100m@ [0;1;30;90;47m88[0;37;43m8[0;1;30;90;47m8@[0;33;47m@[0;1;30;90;47m8[0;33;47m8[0;1;30;90;47m88[0;33;5;40;100mt[0;31;5;40;100mS[0;32;40m8[0;31;5;40;100mX[0;32;5;40;100mS[0;31;5;40;100mS[0;33;5;40;100mS[0;37;5;40;100m%[0;1;30;90;47m8[0;37;5;40;100mX[0;1;30;90;47m8888XS8[0;37;5;40;100m8[0;1;30;90;47m8[0;37;5;40;100m8[0;33;5;40;100m  X[0;32;5;40;100m@[0;1;30;90;40m8[0;30;5;40;100m8[0;1;30;90;40m8[0;32;40mS[0;1;30;90;40m8[0;31;40m@[0;30;5;40;100m@[0;31;40m8[0;32;5;40;100m8[0;31;40m8[0;31;5;40;100mS[0;1;30;90;40m8[0;31;40m8[0;32;40mS[0;31;40mX[0;1;30;90;40m8[0;31;40mt[0;1;30;90;40m@[0;31;40mS[0;1;30;90;40m8X[0;31;40mt[0;32;40m;[0;31;40mt[0;34;40m%[0;32;40mt[0;31;40mt[0;34;40m;[0m
[0;30;5;40;100mS[0;33;5;40;100m8[0;31;5;40;100m@[0;33;5;40;100m8[0;31;5;40;100m8[0;33;5;40;100m8[0;31;5;40;100mX[0;33;5;40;100m8Xt;;:..      [0;37;5;40;100mS[0;33;5;40;100m [0;37;5;40;100mX[0;33;5;40;100m [0;1;30;90;47m8[0;33;5;40;100m [0;1;30;90;47mX[0;33;5;40;100m [0;1;30;90;47m@[0;33;5;40;100m.[0;1;30;90;47m8[0;33;5;40;100m:[0;1;30;90;47m8[0;33;5;40;100m.[0;1;30;90;47m8[0;33;5;40;100m.[0;37;5;40;100mX[0;33;5;40;100m:[0;1;30;90;47m8[0;33;5;40;100m;[0;1;30;90;47m8[0;33;5;40;100m;[0;1;30;90;47m8[0;1;30;90;43m8[0;1;30;90;47m8[0;33;5;40;100m:[0;1;30;90;47m8[0;33;5;40;100m [0;1;30;90;47m8[0;33;5;40;100m [0;31;5;40;100m8[0;30;5;40;100mX[0;1;30;90;47m8[0;33;5;40;100m [0;1;30;90;47m8[0;33;5;40;100m.[0;1;30;90;47m8[0;33;5;40;100mS@[0;31;5;40;100mS[0;1;30;90;43m:[0;30;5;40;100m8[0;33;5;40;100m8;[0;37;5;40;100mX[0;1;30;90;47m88[0;1;30;90;43m8[0;1;30;90;47m88[0;33;47mX[0;1;30;90;47m8[0;33;47m8[0;1;30;90;47m8[0;37;5;40;100mt[0;33;47m8[0;1;30;90;47m8[0;33;47m8[0;33;5;40;100m8[0;1;30;90;41m8[0;32;40m8[0;30;41m8[0;32;5;40;100m@[0;31;40m8[0;33;5;40;100m8:[0;37;5;40;100m8[0;1;30;90;47m@X@@888[0;37;5;40;100m8[0;1;30;90;47m88@@[0;37;5;40;100m8[0;1;30;90;47m8[0;37;5;40;100m888[0;33;5;40;100m :S8[0;30;5;40;100m8[0;31;40m@[0;30;42m8[0;31;40m@[0;1;30;90;40m8[0;32;40m@[0;31;40m8[0;32;40mX[0;1;30;90;40m@8[0;32;40m%[0;1;30;90;40m8[0;31;40m%[0;32;40mt[0;31;40m;[0;34;40m;[0;32;40m;[0;31;40m%[0;1;30;90;40mX[0;31;40mt[0;32;40m%[0m
[0;33;5;40;100m;[0;35;5;40;100m:[0;33;5;40;100m: ...[0;35;5;40;100m:[0;33;5;40;100m.   [0;37;5;40;100mX[0;33;5;40;100m.[0;37;5;40;100m8[0;33;5;40;100m.[0;1;30;90;47m8[0;33;5;40;100m:[0;1;30;90;47m8[0;33;5;40;100m.[0;1;30;90;47m8[0;33;5;40;100m:[0;37;5;40;100m@[0;33;5;40;100m: .[0;1;30;90;47m8[0;1;30;90;43m8[0;1;30;90;47m8[0;33;5;40;100mt[0;1;30;90;47m8[0;33;5;40;100mt[0;1;30;90;47m8[0;33;5;40;100m;[0;1;30;90;47m8[0;33;5;40;100m:[0;1;30;90;47m8[0;33;5;40;100m:[0;1;30;90;47m8[0;1;30;90;43m8[0;1;30;90;47m8[0;33;5;40;100m:[0;1;30;90;47m8[0;33;5;40;100m:[0;1;30;90;47m88[0;33;5;40;100m.[0;1;30;90;47m8[0;1;30;90;43m8[0;37;5;40;100m%@[0;31;40mS[0;33;5;40;100m%[0;37;5;40;100m@[0;1;30;90;47m8[0;33;5;40;100mt[0;1;30;90;43m8[0;1;30;90;41m8[0;33;5;40;100m8[0;31;5;40;100m8[0;32;40mX[0;33;5;40;100m% [0;1;30;90;47m888[0;1;30;90;43m8[0;1;30;90;47m88[0;33;47m@[0;1;30;90;47m88[0;33;47m8[0;35;47m8[0;1;30;90;43m8[0;1;30;90;47m8[0;33;47m8[0;1;30;90;47m88[0;33;5;40;100m;8[0;1;30;90;40m8[0;33;5;40;100m8[0;1;30;90;40m8[0;33;5;40;100m8[0;30;5;40;100m@[0;33;5;40;100m8[0;31;5;40;100m@[0;33;5;40;100m.[0;1;30;90;47m:@@@8X@88[0;37;5;40;100m8888[0;1;30;90;47m8[0;37;5;40;100m8[0;1;30;90;47m888[0;37;5;40;100m8888[0;33;5;40;100m S[0;30;5;40;100m@8[0;1;30;90;40m8[0;31;40m@[0;32;40m8[0;31;40m8[0;30;5;40;100m@[0;32;40mX[0;31;40mS[0;32;40m%[0;31;40m;[0;32;40m;[0;31;40m%[0;32;40m%[0;31;40mt[0;1;30;90;40mX[0;31;40m%[0m
[0;33;5;40;100m::.. ...    ..[0;1;30;90;43m8[0;37;5;40;100mS[0;33;5;40;100mt.:.: .[0;1;30;90;47m8[0;1;30;90;43m8[0;1;30;90;47m8[0;33;5;40;100m;[0;37;5;40;100m%[0;33;5;40;100m [0;1;30;90;47m8[0;33;5;40;100m%[0;37;5;40;100mS[0;33;5;40;100m:[0;1;30;90;47m8[0;1;30;90;43m8[0;1;30;90;47m8[0;33;5;40;100m;[0;1;30;90;47m8[0;33;5;40;100m:[0;1;30;90;47m8[0;33;5;40;100m [0;1;30;90;47m8[0;33;5;40;100m:[0;1;30;90;47m8[0;33;5;40;100mS.:.[0;1;30;90;47m8[0;33;5;40;100m;[0;1;30;90;47m8[0;31;40m%[0;30;5;40;100mX[0;33;5;40;100m@[0;31;5;40;100m@S[0;33;5;40;100m8[0;1;30;90;40m8[0;33;5;40;100m8X [0;1;30;90;47m88[0;33;47m8[0;33;5;40;100m.[0;33;47m8[0;35;47m8[0;1;30;90;43m8[0;35;47m@[0;33;47mS[0;1;30;90;47m8[0;1;31;91;47m@[0;1;30;90;47m8[0;33;47m8[0;35;47m8[0;37;43m8[0;37;45m8[0;37;43m8[0;1;30;90;47m8[0;33;5;40;100m X[0;31;5;40;100m8[0;32;40m8[0;33;5;40;100m8[0;31;40m@[0;32;5;40;100mX[0;31;40mS[0;33;5;40;100m8[0;30;5;40;100m@[0;33;5;40;100m8 [0;1;30;90;47mtX8[0;33;5;40;100m8.[0;1;30;90;47mXS%SS@8[0;37;5;40;100m88888888[0;1;30;90;47m8[0;37;5;40;100m8[0;33;5;40;100m [0;37;5;40;100m8[0;33;5;40;100m;.t8[0;31;40mS[0;30;5;40;100m@[0;32;40mX[0;31;40m@[0;1;30;90;40mX@@X[0;32;40m%[0;31;40m%[0;32;40mS[0m
[0;33;5;40;100m::........[0;1;30;90;47m8[0;1;30;90;43m8[0;37;5;40;100mS[0;33;5;40;100m [0;37;5;40;100mS[0;33;5;40;100m:[0;37;5;40;100mX[0;33;5;40;100m.[0;33;47m8[0;37;5;40;100m%[0;1;30;90;47m8[0;1;30;90;43m8[0;1;30;90;47m8[0;33;5;40;100m;[0;37;5;40;100m%[0;33;5;40;100m [0;1;30;90;47m8[0;33;5;40;100m:[0;37;5;40;100mX[0;33;5;40;100mt[0;1;30;90;47m8[0;33;5;40;100m;[0;37;5;40;100mS[0;33;5;40;100m:[0;1;30;90;47m8[0;33;5;40;100m.[0;1;30;90;47m8[0;33;5;40;100m; ..;;;[0;35;5;40;100m [0;1;30;90;47m8[0;33;5;40;100m.[0;1;30;90;43m8[0;35;5;40;100m.[0;33;5;40;100mS[0;31;5;40;100m8[0;32;40m;[0;1;30;90;40m8[0;30;5;40;100m@[0;32;40m8[0;31;5;40;100mX[0;33;5;40;100m8.[0;37;5;40;100mX[0;1;30;90;47m88[0;33;47m8[0;33;5;40;100m [0;1;30;90;47m8[0;1;30;90;43m8[0;35;47m8[0;33;47m8[0;1;30;90;47m8[0;33;47mX[0;1;30;90;47m8[0;33;47m8[0;1;30;90;47m8[0;1;30;90;43m8[0;35;47m8[0;1;30;90;43m8[0;1;30;90;47m8[0;33;47m8[0;1;30;90;45m8[0;33;47m8[0;1;30;90;47m8[0;33;5;40;100mSS[0;31;5;40;100m@[0;30;5;40;100mS[0;33;5;40;100m8[0;31;40m8[0;32;5;40;100mX[0;31;40m@[0;33;5;40;100m8[0;1;30;90;40m8[0;33;5;40;100m8[0;31;5;40;100mX[0;33;5;40;100mS[0;1;30;90;47m8[0;31;5;40;100m8[0;32;40m;[0;31;40m@[0;33;5;40;100mX;tttt;.[0;1;30;90;47m@[0;33;5;40;100m [0;1;30;90;47mX[0;33;5;40;100m [0;1;30;90;47mS[0;33;5;40;100m [0;1;30;90;47m@[0;37;5;40;100m888[0;1;30;90;47m@[0;37;5;40;100m8XX88[0;33;5;40;100m  :X[0;30;5;40;100m@[0;1;30;90;40m8[0;31;40mS[0;1;30;90;40m8[0;31;40mS[0m
[0;33;5;40;100m:::::... [0;1;30;90;43m8[0;37;5;40;100mt[0;33;5;40;100m [0;37;5;40;100mS[0;33;5;40;100m.[0;37;5;40;100mX[0;33;5;40;100m;:[0;37;5;40;100mS[0;33;5;40;100m:;.[0;37;5;40;100mt[0;33;5;40;100m.[0;1;30;90;47m8[0;33;5;40;100m:[0;37;5;40;100mS[0;33;5;40;100mt[0;37;5;40;100m%[0;33;5;40;100m.[0;1;30;90;47m8[0;33;5;40;100m;[0;37;5;40;100m%[0;33;5;40;100m: .:;.. [0;33;47m8[0;35;5;40;100m:[0;33;5;40;100m [0;1;30;90;47m8[0;33;5;40;100m:[0;1;30;90;43m8[0;31;5;40;100mS[0;1;30;90;41m8[0;33;5;40;100m8tt[0;31;40m8[0;33;5;40;100mX@S.[0;1;30;90;47m88[0;33;5;40;100m.[0;33;47m8[0;1;30;90;47m88[0;37;43m8[0;1;30;90;45m8[0;33;47m8[0;1;30;90;47m88[0;1;37;97;47m [0;33;47m8[0;35;47m8[0;33;47m8[0;35;47m8[0;33;47m8[0;35;5;40;100m [0;1;30;90;47m8[0;1;31;91;45m8[0;1;30;90;47m@[0;33;47m8[0;1;30;90;47m8[0;33;47m8[0;1;30;90;45m8[0;33;5;40;100m@[0;31;40mX[0;32;40m8X[0;32;5;40;100mS[0;31;40m8[0;1;30;90;42m8[0;31;40mt[0;32;40mX[0;31;40mS[0;32;40m@[0;31;40mX[0;32;5;40;100mX[0;31;5;40;100m@[0;32;5;40;100mX[0;30;5;40;100m88[0;33;5;40;100m.;:;:;;[0;1;30;90;47m88[0;33;5;40;100m [0;1;30;90;47mS[0;33;5;40;100m.[0;1;30;90;47m%[0;33;5;40;100m:[0;1;30;90;47m8[0;33;5;40;100m:[0;37;5;40;100m8[0;33;5;40;100m.[0;1;30;90;47m8[0;33;5;40;100m [0;1;30;90;47m8[0;33;5;40;100m [0;37;5;40;100m8888[0;33;5;40;100m [0;37;5;40;100m88[0;33;5;40;100m  t[0m
[0;33;5;40;100m::.. .[0;1;30;90;47m8[0;1;30;90;43m8[0;37;5;40;100m%t[0;33;5;40;100m..:[0;1;30;90;43m8[0;37;5;40;100m;[0;33;5;40;100m [0;33;47m8[0;33;5;40;100m: [0;1;30;90;47m8[0;33;5;40;100mt[0;37;5;40;100mt[0;33;5;40;100m:;.:[0;37;5;40;100mt[0;33;5;40;100m [0;33;47m8[0;35;5;40;100m;[0;33;5;40;100m:.[0;37;5;40;100m%[0;1;30;90;43m8[0;35;5;40;100m [0;33;5;40;100m  [0;1;30;90;47m8[0;1;30;90;43m8[0;37;5;40;100m%[0;35;5;40;100m [0;1;30;90;47m8[0;1;30;90;43m8[0;31;5;40;100mX8@[0;33;5;40;100m8[0;30;5;40;100m8[0;31;5;40;100m8[0;30;5;40;100m8[0;33;5;40;100m8[0;35;5;40;100mt[0;33;5;40;100mX[0;35;5;40;100mt[0;33;5;40;100m [0;1;30;90;47m8[0;1;30;90;43m8[0;1;30;90;47m888[0;1;30;90;43m8[0;35;47m8[0;1;30;90;43m8[0;1;30;90;47m8[0;33;47m8[0;1;30;90;47m8[0;33;47m8[0;35;47m8[0;33;47m8[0;1;30;90;47m8[0;1;30;90;43m8[0;1;30;90;47m8[0;35;5;40;100m.[0;33;47m8[0;33;5;40;100m.[0;33;47m8[0;33;5;40;100m.[0;1;30;90;47m8[0;1;30;90;43m8[0;35;47m8[0;33;47m8[0;33;5;40;100m.@[0;31;40mX[0;1;30;90;40m8[0;32;40m8[0;31;5;40;100mX[0;32;40m@[0;31;5;40;100m@[0;32;40m@[0;31;5;40;100mX[0;1;30;90;40m8[0;30;5;40;100m@[0;32;40mt[0;1;30;90;40m8[0;31;5;40;100m8[0;32;5;40;100mX[0;35;5;40;100mX[0;33;5;40;100mS[0;35;5;40;100mt[0;33;5;40;100m%[0;35;5;40;100mt[0;33;5;40;100mt[0;35;5;40;100mt[0;33;5;40;100m% [0;1;30;90;47m8[0;33;5;40;100m [0;1;30;90;47mS[0;33;5;40;100m:[0;1;30;90;47m@[0;33;5;40;100m [0;1;30;90;47mS[0;33;5;40;100m [0;1;30;90;47mS[0;33;5;40;100m [0;1;30;90;47m@[0;33;5;40;100m [0;1;30;90;47m@[0;33;5;40;100m [0;1;30;90;47m@[0;33;5;40;100m;[0;37;5;40;100m8[0;33;5;40;100m [0;1;30;90;47m8[0;33;5;40;100m [0;1;30;90;47m8[0;37;5;40;100m88[0;33;5;40;100m [0m
[0;33;5;40;100m::.:.[0;1;30;90;43m8[0;35;5;40;100m.[0;33;5;40;100m .. [0;1;30;90;47m8[0;33;5;40;100m;[0;37;5;40;100m;[0;33;5;40;100m ..[0;37;5;40;100mt[0;33;5;40;100m..[0;1;30;90;47m8[0;33;5;40;100m;[0;37;5;40;100m;[0;33;5;40;100m. :::t;:; [0;37;5;40;100mt;[0;1;30;90;47m8[0;1;30;90;43m8[0;35;5;40;100m;.[0;33;5;40;100mS[0;1;30;90;41m8[0;33;5;40;100m8[0;1;30;90;41m8[0;33;5;40;100m8[0;1;30;90;40m888[0;32;40m8[0;31;5;40;100mX[0;33;5;40;100m8[0;35;5;40;100mt[0;33;5;40;100m:[0;37;5;40;100mS[0;1;30;90;47m8[0;1;30;90;43m8[0;1;30;90;47m88[0;1;30;90;43m8[0;33;5;40;100m:[0;1;30;90;43m8[0;37;45m8[0;1;30;90;43m8[0;1;30;90;47m88[0;1;31;91;47m8[0;1;30;90;47m8[0;33;47m@[0;33;5;40;100m [0;33;47m8[0;35;47m8[0;33;47m8[0;1;30;90;45m8[0;33;47m8[0;35;47m8[0;1;30;90;43m8[0;1;30;90;47m8[0;1;30;90;43m8[0;35;47m8[0;33;47m8[0;33;5;40;100m.[0;1;30;90;47m8[0;33;5;40;100m;:8[0;31;40m8[0;33;5;40;100m8[0;1;30;90;40m8[0;31;5;40;100mS[0;32;40m@[0;31;5;40;100mX[0;33;5;40;100m8[0;31;40m@[0;33;5;40;100m8[0;31;40m8[0;30;5;40;100m8[0;32;40mS[0;31;40m8[0;33;5;40;100mS  [0;37;5;40;100m8[0;33;5;40;100m [0;37;5;40;100mX[0;33;5;40;100m [0;37;5;40;100m8[0;1;30;90;47m88[0;37;43m8[0;1;30;90;47m88[0;1;30;90;43m8[0;1;30;90;47mX[0;33;5;40;100m [0;1;30;90;47mS[0;1;30;90;43m8[0;1;30;90;47mX[0;37;5;40;100m88[0;33;5;40;100m.[0;1;30;90;47mX[0;33;5;40;100m;[0;1;30;90;47m@[0;33;5;40;100m.[0;1;30;90;47mX[0;33;5;40;100m:[0;1;30;90;47m@[0;33;5;40;100m: [0;1;30;90;47m@[0;33;5;40;100m [0m
[0;33;5;40;100m;;::.[0;35;5;40;100m [0;33;5;40;100m;t;;SX[0;35;5;40;100m%[0;33;5;40;100mXtttttS[0;31;5;40;100mX[0;33;5;40;100mtttt;;[0;35;5;40;100m:[0;33;5;40;100m;:..[0;37;5;40;100mt[0;1;30;90;43m8[0;35;5;40;100m;[0;1;30;90;41m@[0;31;5;40;100m8[0;33;5;40;100m8[0;1;30;90;41m8[0;33;5;40;100m8S%[0;31;5;40;100mS[0;31;40m@[0;32;5;40;100mX[0;1;30;90;41m8[0;33;5;40;100mX   [0;1;30;90;47m8[0;1;30;90;43m8[0;1;30;90;47m8[0;33;5;40;100m.[0;1;30;90;47m8[0;1;30;90;43m8[0;35;47m8[0;1;30;90;43m8[0;35;47m8[0;33;47m8[0;33;5;40;100m [0;1;30;90;47m8[0;1;31;91;43m8[0;1;30;90;47m88[0;33;5;40;100m.[0;33;47m@[0;35;47m8[0;1;30;90;43m8[0;1;30;90;47m8[0;1;30;90;43m8[0;1;30;90;47m8[0;1;30;90;43m8[0;1;30;90;47m8[0;35;5;40;100m.[0;33;47m8[0;37;45m8[0;1;30;90;43m8[0;1;30;90;47m8[0;1;30;90;43m8[0;35;47m8[0;1;30;90;43m8[0;35;5;40;100m;[0;33;5;40;100m%[0;30;5;40;100mX@[0;30;41m8[0;33;5;40;100m8[0;30;5;40;100m8[0;30;41m8[0;32;5;40;100m8[0;31;40m8[0;32;5;40;100m@[0;31;5;40;100m@[0;1;30;90;40m8[0;33;5;40;100m8[0;30;5;40;100m8[0;1;30;90;40m8[0;31;5;40;100mX[0;33;5;40;100m8.[0;1;30;90;47mSXS@88[0;37;5;40;100m8[0;33;5;40;100m.[0;1;30;90;47mS88@[0;37;5;40;100m8[0;1;30;90;47m8[0;33;5;40;100m [0;1;30;90;47m8[0;33;5;40;100m.[0;33;47m8[0;37;5;40;100m88[0;33;5;40;100m.[0;1;30;90;47mS[0;33;5;40;100m;[0;1;30;90;47m8[0;33;5;40;100m:[0;1;30;90;47mS[0;33;5;40;100m [0;1;30;90;47mX[0;33;5;40;100m [0m
[0;33;5;40;100mttt%[0;35;5;40;100m%[0;33;5;40;100mX[0;35;5;40;100m:[0;37;5;40;100mt[0;1;30;90;47m8[0;33;5;40;100m:[0;35;5;40;100mt[0;33;5;40;100m@[0;31;5;40;100mS[0;33;5;40;100m%[0;35;5;40;100mX[0;33;5;40;100mX[0;35;5;40;100m@[0;33;5;40;100mX[0;35;5;40;100mX[0;33;5;40;100mX[0;35;5;40;100mt[0;33;5;40;100mX[0;35;5;40;100mS[0;33;5;40;100mX[0;35;5;40;100m%[0;33;5;40;100m;.:.[0;1;30;90;47m8[0;1;30;90;43m8[0;35;5;40;100m.[0;33;5;40;100mX[0;31;5;40;100m@[0;33;5;40;100m88[0;31;5;40;100m8[0;30;5;40;100m@[0;33;5;40;100m8[0;31;5;40;100m8[0;1;30;90;40m8[0;31;40m8[0;33;5;40;100m8[0;30;5;40;100mS[0;33;5;40;100m8.[0;1;30;90;47m8[0;33;5;40;100m [0;33;47m8[0;1;30;90;47m8[0;33;5;40;100m;[0;1;30;90;47m8[0;37;43m8[0;1;30;90;47m8[0;33;47m8[0;1;30;90;45m8[0;33;47m8[0;1;30;90;47m8[0;1;30;90;43m8[0;35;47m8[0;33;47m8[0;1;30;90;47m8[0;1;37;97;47m  [0;1;30;90;43m8[0;35;47m@[0;33;47m8[0;33;5;40;100m [0;1;31;91;47m8[0;37;5;40;100m;[0;1;30;90;47m8[0;37;5;41;101m8[0;1;30;90;47m8[0;1;30;90;43m8[0;35;47m8[0;1;30;90;43m8[0;1;30;90;47m8[0;35;5;40;100m [0;35;47m8[0;37;43m8[0;37;5;40;100m:[0;1;30;90;47m8[0;33;5;40;100mtt8[0;31;5;40;100mX[0;1;30;90;42m8[0;30;41m8[0;33;5;40;100m8[0;30;5;40;100m@[0;31;40m8[0;32;5;40;100mS[0;30;41m8[0;30;5;40;100mX[0;30;41m8[0;33;5;40;100m8[0;31;40m8[0;31;5;40;100mS[0;32;40m@[0;31;5;40;100m8[0;1;30;90;40m8[0;33;5;40;100m8[0;37;5;40;100m8[0;1;30;90;47m8@[0;33;47m8[0;37;5;40;100m8[0;1;30;90;47m8S88[0;1;30;90;43m8[0;1;30;90;47m8[0;37;5;40;100m8[0;1;30;90;47m88[0;1;30;90;43m8[0;1;30;90;47mS[0;37;5;40;100m8[0;33;5;40;100m [0;1;30;90;47mX[0;33;5;40;100m.[0;1;30;90;47m8[0;33;5;40;100m [0;1;30;90;47mX[0;33;5;40;100m.[0;1;30;90;47mS[0;1;30;90;43m8[0;1;30;90;47m8[0;37;5;40;100m8[0m
[0;33;5;40;100mt[0;35;5;40;100mt[0;33;5;40;100m:.:.:S[0;31;5;40;100mX[0;33;5;40;100mX[0;31;5;40;100mX[0;35;5;40;100m%[0;33;5;40;100m@[0;31;5;40;100mX[0;33;5;40;100mX[0;31;5;40;100m@[0;33;5;40;100mS[0;31;5;40;100mX[0;33;5;40;100mX[0;31;5;40;100m@[0;33;5;40;100mS[0;35;5;40;100mS[0;33;5;40;100mX[0;35;5;40;100m;[0;33;5;40;100m%..:[0;1;30;90;43m8[0;1;30;90;41m8[0;31;5;40;100mX[0;1;30;90;41m8[0;31;5;40;100m@@[0;31;40m8[0;33;5;40;100m@8[0;31;5;40;100m8[0;30;5;40;100m@S[0;31;5;40;100mS[0;32;5;40;100mX[0;33;5;40;100mX. [0;37;5;40;100mX[0;1;30;90;43m8[0;1;30;90;47m8[0;33;5;40;100m:[0;33;47m8[0;33;5;40;100m [0;33;47m8[0;1;30;90;45m8[0;33;47m8[0;35;5;40;100m.[0;33;47m8[0;35;5;40;100m.[0;1;30;90;47m88[0;1;30;90;43m8[0;35;47m8[0;33;47m@[0;1;37;97;47m [0;1;30;90;47m88[0;1;30;90;43m8[0;35;47m8[0;37;43m8[0;37;5;40;100m:[0;33;47m8[0;35;5;40;100m:[0;37;5;40;100m%[0;33;5;40;100m [0;1;30;90;47m8[0;1;30;90;43m8[0;35;47m8[0;1;30;90;43m8[0;1;30;90;47m8[0;1;31;91;43m8[0;1;30;90;47m88[0;37;43m8[0;1;30;90;45m8[0;33;5;40;100mtS[0;1;30;90;41m8[0;30;5;40;100m@[0;32;5;40;100mS[0;31;5;40;100m8[0;32;5;40;100m@[0;31;40m8[0;30;5;40;100m8[0;32;40m8[0;31;5;40;100mX[0;32;40m8[0;1;30;90;40m8[0;30;5;40;100m@[0;32;40m8[0;31;5;40;100m8[0;32;40m@[0;31;40m8[0;32;40m8[0;31;5;40;100mX[0;33;5;40;100m8.[0;1;30;90;47m@@@[0;33;47m8[0;37;5;40;100m@[0;1;30;90;47m88[0;37;5;40;100m8[0;33;5;40;100m.[0;33;47m8[0;1;30;90;47m88[0;37;5;40;100m@[0;1;30;90;47m88[0;1;30;90;43m8[0;1;30;90;47m8[0;37;5;40;100m8[0;1;30;90;47m8[0;33;5;40;100m:[0;1;30;90;47mS[0;33;5;40;100m.[0;1;30;90;47m8[0;33;5;40;100m [0;37;5;40;100m8[0m
[0;33;5;40;100mt%[0;35;5;40;100mS[0;33;5;40;100m@[0;31;5;40;100mS[0;33;5;40;100m%[0;31;5;40;100mS[0;33;5;40;100mS[0;31;5;40;100m@[0;35;5;40;100mt[0;33;5;40;100m8[0;31;5;40;100mX[0;33;5;40;100m%[0;35;5;40;100mX[0;33;5;40;100m@[0;35;5;40;100mS[0;33;5;40;100mS[0;35;5;40;100mt[0;33;5;40;100mt[0;35;5;40;100m;[0;33;5;40;100m%;:%X[0;1;30;90;41m8[0;31;5;40;100m888[0;33;5;40;100mttX88@[0;30;5;40;100m@[0;31;5;40;100mS[0;32;5;40;100mS[0;31;5;40;100mS[0;33;5;40;100m8@[0;35;5;40;100m.[0;33;5;40;100m [0;37;5;40;100mS[0;1;30;90;43m8[0;1;30;90;47m8[0;33;5;40;100m [0;37;43m8[0;1;30;90;45m8[0;1;30;90;43m8[0;35;47m8[0;1;30;90;43m8[0;37;5;40;100m:[0;37;43m8[0;1;30;90;45m8[0;33;47m8[0;1;30;90;43m8[0;35;47m8[0;1;31;91;43m8[0;1;30;90;47m@8[0;33;47m8[0;1;30;90;45m8[0;37;43m8[0;35;47m8[0;37;43m8[0;35;5;40;100m.[0;1;30;90;47m8[0;1;30;90;43m8[0;37;45m8[0;1;30;90;43m8[0;1;30;90;47m8[0;1;31;91;43m8[0;1;30;90;47m8[0;35;5;40;100m.[0;33;47m8[0;1;30;90;45m8[0;33;47m8[0;1;30;90;47m8[0;35;5;40;100m.[0;1;30;90;47m8[0;1;30;90;43m8[0;1;30;90;47m8[0;33;5;40;100mS:8[0;31;40mX[0;32;40m8[0;31;40mS[0;30;5;40;100m@[0;32;40m8[0;1;30;90;41m8[0;30;42m8[0;33;5;40;100m8[0;31;5;40;100m@[0;30;5;40;100mX[0;30;41m8[0;32;5;40;100mS[0;31;40m8[0;33;5;40;100m8@[0;30;5;40;100m8[0;31;40mS[0;32;40m8[0;1;30;90;41m8[0;33;5;40;100m8.[0;1;30;90;47m8[0;37;5;40;100m8[0;1;30;90;47m88[0;33;5;40;100m.[0;33;47m@[0;1;30;90;47m8[0;37;5;40;100mX@@8[0;33;5;40;100m.[0;1;30;90;47m@8[0;33;5;40;100m [0;1;30;90;47m8[0;33;5;40;100m:[0;1;30;90;47mS[0;33;5;40;100m;[0;1;30;90;47m@[0;33;5;40;100m [0;1;30;90;47mX[0;33;5;40;100m:[0m
[0;33;5;40;100mS[0;31;5;40;100mX[0;33;5;40;100m@[0;31;5;40;100mSS[0;33;5;40;100m%[0;31;5;40;100mS[0;35;5;40;100m%[0;33;5;40;100m8[0;31;5;40;100mX[0;33;5;40;100m%[0;30;5;40;100mS[0;33;5;40;100m%[0;31;5;40;100mS[0;33;5;40;100mtt[0;35;5;40;100mt[0;33;5;40;100mS;. @[0;1;30;90;41mX[0;31;40m%[0;30;5;40;100mX[0;31;5;40;100mS[0;32;5;40;100mS[0;33;5;40;100m88[0;31;5;40;100m8S[0;33;5;40;100m8[0;1;30;90;40m8[0;31;40mt[0;30;5;40;100m8[0;33;5;40;100m8[0;31;5;40;100mX[0;33;5;40;100mS:  [0;1;30;90;47m8[0;1;30;90;43m8[0;1;30;90;47m8[0;35;5;40;100m [0;33;47m8[0;1;30;90;45m8[0;1;30;90;43m8[0;1;30;90;47m8[0;33;5;40;100mSS[0;1;30;90;45m8[0;1;30;90;43m8[0;1;30;90;45m8[0;1;30;90;43m8[0;1;30;90;45m8[0;33;47m8[0;37;5;40;100m;[0;1;30;90;47m8[0;37;5;40;100m;[0;33;47m8[0;35;5;40;100m [0;33;47m8[0;1;30;90;47m8[0;1;30;90;43m8[0;35;47m8[0;1;30;90;43m8[0;35;47m8[0;1;30;90;43m8[0;1;30;90;47m88[0;33;5;40;100m:[0;1;30;90;47m8[0;33;5;40;100m:[0;33;47m8[0;1;30;90;45m8[0;37;43m8[0;35;5;40;100m.[0;37;5;40;100m:[0;37;43m8[0;1;30;90;45m8[0;33;47m8[0;35;5;40;100m.[0;33;5;40;100m.%%[0;1;30;90;40m8[0;32;40m@[0;1;30;90;40m8[0;32;40m@[0;31;40m8[0;32;40m8[0;31;40m8[0;1;30;90;40m8[0;32;40m8@[0;31;40m8[0;30;42m8[0;33;5;40;100m8[0;1;30;90;40m@[0;31;5;40;100m8[0;32;40m8[0;31;5;40;100mX[0;32;40mSX[0;31;40m8[0;31;5;40;100mS[0;33;5;40;100m8X;[0;1;30;90;47m8@8[0;33;5;40;100m:[0;37;5;40;100m@8[0;33;5;40;100m.[0;1;30;90;47m@[0;1;30;90;43m8[0;1;30;90;47m8[0;37;5;40;100m@[0;1;30;90;47m8[0;1;30;90;43m8[0;1;30;90;47m8[0;33;5;40;100m.[0;1;30;90;47mX[0;33;5;40;100m:[0;1;30;90;47mX[0;33;5;40;100mt[0;37;5;40;100m@[0m
[0;33;5;40;100mS[0;30;5;40;100mS[0;35;5;40;100mS[0;32;5;40;100mX[0;31;5;40;100mX%[0;33;5;40;100mS[0;30;5;40;100mX[0;33;5;40;100m%[0;35;5;40;100m%[0;33;5;40;100mX[0;35;5;40;100m%[0;33;5;40;100mS[0;36;5;40;100m%[0;31;5;40;100m%[0;33;5;40;100m;;:S[0;31;5;40;100mSX[0;32;40mX[0;33;5;40;100m88[0;30;5;40;100mX[0;33;5;40;100m8[0;1;30;90;41m8[0;30;5;40;100mS[0;31;40m8[0;1;30;90;42m8[0;31;40m8[0;33;5;40;100m8@S[0;31;5;40;100mS[0;33;5;40;100m;: [0;37;5;40;100mX[0;33;5;40;100m.[0;33;47m8[0;33;5;40;100m.[0;1;30;90;47m8[0;1;30;90;43m8[0;1;30;90;45m8[0;1;30;90;43m8[0;1;30;90;47m8[0;33;5;40;100m:[0;1;30;90;43m8[0;1;30;90;45m8[0;37;43m8[0;33;5;40;100m.[0;33;47m8[0;33;5;40;100m.[0;33;47m8[0;1;30;90;47m8[0;1;30;90;43m8[0;35;47m8[0;37;43m8[0;1;30;90;47m8[0;1;31;91;45m8[0;33;47m@[0;37;5;40;100m.[0;33;47m8[0;1;30;90;45m8[0;37;43m8[0;35;5;40;100m.[0;33;47m8[0;1;30;90;45m8[0;1;30;90;43m8[0;37;5;40;100m.[0;33;47m8[0;1;30;90;45m8[0;37;43m8[0;35;5;40;100m;[0;37;43m8[0;35;5;40;100m.[0;33;47m8[0;1;30;90;45m8[0;33;47m8[0;1;30;90;43m8[0;35;47m8[0;37;43m8[0;37;45m8[0;1;30;90;41m8[0;33;5;40;100m;8[0;31;40mS[0;32;40m8[0;30;5;40;100m8[0;32;40m8[0;31;5;40;100m8[0;32;40m8[0;1;30;90;40m8[0;31;5;40;100mX[0;33;5;40;100m8[0;1;30;90;40m8[0;31;5;40;100m8[0;32;40m%[0;1;30;90;40m8[0;32;40m8[0;31;40m8[0;32;40m8[0;31;40m8[0;1;30;90;40m8[0;32;40m8%[0;31;40m8[0;33;5;40;100mS [0;1;30;90;47m8[0;1;30;90;43m8[0;1;30;90;47m88[0;37;5;40;100m8[0;33;47m8[0;1;30;90;47m888[0;33;5;40;100m [0;1;30;90;47m8[0;33;5;40;100m [0;1;30;90;47m@8[0;37;5;40;100m8[0;33;5;40;100m:[0;1;30;90;47mS[0;33;5;40;100m:[0;1;30;90;47mX[0;33;5;40;100m.[0m
[0;33;5;40;100m%[0;31;5;40;100mS[0;33;5;40;100mX[0;31;5;40;100mS[0;36;5;40;100mS[0;31;5;40;100mS[0;33;5;40;100m%[0;35;5;40;100m%[0;33;5;40;100m@[0;30;5;40;100mS[0;33;5;40;100mt;t%S[0;30;5;40;100m8[0;31;5;40;100m8[0;30;5;40;100mS[0;33;5;40;100m8Xt;tX8[0;31;5;40;100mS[0;33;5;40;100m88SS%[0;31;5;40;100mX[0;35;5;40;100mS[0;33;5;40;100m%:..:[0;1;30;90;43m8[0;37;5;40;100m;[0;33;5;40;100m;[0;1;30;90;43m8[0;1;30;90;45m8[0;37;43m8[0;37;5;40;100m:[0;1;30;90;47m8[0;1;30;90;43m8[0;37;45m8[0;37;43m8[0;37;5;40;100m:[0;1;30;90;47m8[0;1;30;90;43m8[0;37;45m8[0;37;43m8[0;1;30;90;45m8[0;37;43m8[0;1;30;90;47m8[0;1;37;97;47m [0;1;30;90;47m8[0;1;30;90;43m8[0;1;30;90;47m8[0;33;5;40;100m [0;33;47m8[0;1;30;90;45m8[0;1;30;90;43m8[0;37;5;40;100m;[0;33;5;40;100m.[0;1;30;90;43m8[0;35;5;40;100m  [0;33;5;41;101mX[0;37;5;40;100m%[0;1;30;90;43m8[0;1;30;90;45m8[0;37;43m8[0;35;5;40;100m:[0;1;30;90;47m8[0;1;30;90;43m8[0;1;30;90;47m8[0;35;5;40;100m:[0;1;30;90;47m8[0;1;30;90;43m8[0;1;30;90;45m8[0;37;43m8[0;33;5;40;100m;[0;31;5;40;100mX[0;33;5;40;100m:[0;30;5;40;100mX[0;31;40m@[0;32;40m@[0;31;40m8[0;32;40m@[0;31;40m8[0;32;40m8[0;31;40m@[0;1;30;90;40m8[0;32;5;40;100mX[0;31;40m@[0;30;5;40;100mX[0;31;40m@[0;32;5;40;100m@[0;31;40mX[0;32;5;40;100m8[0;1;30;90;40m8[0;32;40m@[0;31;5;40;100m8[0;1;30;90;40m8[0;32;40m8[0;31;40m8[0;30;5;40;100mX[0;1;30;90;41m8[0;33;5;40;100m.[0;1;30;90;47m8[0;1;30;90;43m8[0;1;30;90;47m88[0;33;5;40;100m [0;1;30;90;47m88[0;1;30;90;43m8[0;1;30;90;47m88[0;33;5;40;100m: [0;33;47m8[0;1;30;90;47m8[0;33;5;40;100m.[0;1;30;90;47m%[0;33;5;40;100m:[0;1;30;90;47mS[0m
[0;33;5;40;100mtt[0;34;5;40;100mS[0;33;5;40;100m@[0;31;5;40;100mX[0;36;5;40;100mS[0;31;5;40;100mX[0;32;5;40;100mX[0;35;5;40;100mt[0;33;5;40;100m :[0;31;5;40;100m8[0;32;40mS[0;31;5;40;100m8X[0;33;5;40;100m88S;:;.%S[0;30;41m8[0;33;5;40;100m8[0;30;5;40;100m@@[0;31;5;40;100m8[0;30;5;40;100m8[0;33;5;40;100m%;%::;: [0;1;30;90;47m8[0;1;30;90;43m8[0;1;30;90;45m8[0;33;47m8[0;33;5;40;100m;[0;35;5;40;100m.[0;37;43m8[0;1;30;90;45m8[0;1;30;90;43m8[0;33;5;40;100m [0;37;5;40;100m:[0;37;43m8[0;1;30;90;45m8[0;33;47m8[0;33;5;40;100m;[0;1;30;90;47m8[0;1;30;90;43m8[0;35;47m8[0;1;37;97;47m [0;1;33;93;47mX[0;1;30;90;45m8[0;33;47m8[0;37;5;40;100m:[0;33;47m8[0;35;5;40;100mt[0;37;43m8[0;35;5;40;100m.[0;1;30;90;43m8[0;1;30;90;45m8[0;1;30;90;43m8[0;37;45m8[0;1;30;90;43m8[0;37;5;40;100m@[0;35;5;40;100m.[0;37;5;40;100mt[0;1;30;90;43m8[0;35;5;40;100m:[0;33;47m8[0;1;30;90;45m8[0;1;30;90;43m8[0;37;45m8[0;1;30;90;43m8[0;1;30;90;45m8[0;33;47m8[0;33;5;40;100m [0;33;47m8[0;33;5;40;100m:[0;31;5;40;100m@[0;33;5;40;100mt8[0;32;40mX[0;31;5;40;100mS[0;32;40m8[0;30;5;40;100m8S[0;31;5;40;100mS[0;32;40m8[0;31;40m8[0;30;5;40;100mX[0;32;5;40;100mX[0;1;30;90;41m8[0;1;30;90;42m8[0;31;40m8[0;32;5;40;100m@[0;31;40m@[0;32;40m8[0;31;5;40;100m8[0;32;40m8[0;31;40m8[0;1;30;90;40m8[0;32;40mXS[0;1;30;90;40m8[0;30;41m8[0;33;5;40;100m8[0;1;30;90;47m8[0;33;5;40;100mt [0;1;30;90;47m%[0;33;47m8[0;1;30;90;47m88[0;37;5;40;100m@[0;1;30;90;47m8[0;33;47m8[0;1;30;90;47m88[0;37;5;40;100m8[0;33;47m8[0;37;5;40;100m8[0;1;30;90;47m8[0;33;5;40;100m:[0m
[0;33;5;40;100mt[0;31;5;40;100mS[0;33;5;40;100mX[0;34;5;40;100mS[0;33;5;40;100mX%;%@[0;31;5;40;100mS[0;30;5;40;100m@[0;33;5;40;100m8[0;31;5;40;100mX[0;33;5;40;100m8@tt:tX8[0;1;30;90;41m@[0;31;5;40;100m@[0;33;5;40;100m8S[0;30;5;40;100m@[0;33;5;40;100m8[0;31;5;40;100m@[0;33;5;40;100mS;[0;35;5;40;100m;[0;33;5;40;100m%:;::[0;37;43m8[0;35;5;40;100m;[0;1;30;90;43m8[0;1;30;90;45m8[0;37;43m8[0;35;5;40;100mt[0;1;30;90;43m8[0;1;30;90;45m8[0;1;30;90;43m8[0;1;30;90;47m8[0;33;5;40;100m:[0;37;43m8[0;1;30;90;45m8[0;1;30;90;43m8[0;37;5;40;100m:[0;33;5;40;100m.[0;33;47m8[0;1;30;90;45m8[0;33;47m8[0;1;30;90;47mS[0;1;37;97;47m [0;1;30;90;43m8[0;1;30;90;47m8[0;33;5;40;100m:[0;1;30;90;47m8[0;1;30;90;43m8[0;1;30;90;45m8[0;37;43m8[0;1;30;90;45m8[0;33;47m8[0;33;5;40;100m: [0;1;30;90;43m8[0;35;5;40;100m:[0;33;5;40;100m [0;1;30;90;43m8[0;35;5;40;100m.[0;1;30;90;47m8[0;35;5;40;100m%[0;1;30;90;43m8[0;35;5;40;100m [0;37;5;40;100m:[0;1;30;90;43m8[0;1;30;90;47m8[0;1;30;90;43m8[0;37;5;40;100m:[0;33;47m8[0;1;30;90;45m8[0;1;30;90;43m8[0;33;5;40;100m;[0;31;5;40;100m@[0;33;5;40;100mt[0;30;5;40;100m8[0;31;40m@[0;33;5;40;100m88[0;1;30;90;40m88[0;33;5;40;100m8[0;32;40m@[0;31;40m@[0;32;40m8[0;31;40m8[0;32;5;40;100mS[0;31;5;40;100mX[0;32;40mX[0;31;40m@[0;32;40m8[0;1;30;90;40m8[0;31;5;40;100mS[0;32;40m8[0;1;30;90;40m8[0;31;40m@[0;32;40m8[0;30;5;40;100mX[0;32;40m8[0;31;40m8[0;31;5;40;100m@[0;33;5;40;100m@ [0;1;30;90;43m8[0;37;5;40;100mSS@[0;33;5;40;100m.[0;1;30;90;47m8[0;37;5;40;100m@[0;33;5;40;100m [0;1;30;90;47m@[0;33;5;40;100m.[0;1;30;90;47m8[0;33;5;40;100m.[0;1;30;90;47mS[0;33;5;40;100m.[0m
[0;33;5;40;100m;:tX[0;31;5;40;100m8[0;30;5;40;100m@[0;31;5;40;100m8[0;30;5;40;100m@[0;31;5;40;100mS[0;33;5;40;100m88S%t%[0;31;5;40;100m8[0;30;5;40;100m8[0;1;30;90;41m8[0;31;5;40;100m8[0;31;40m8[0;33;5;40;100m8[0;31;5;40;100mS[0;30;5;40;100mX8[0;31;5;40;100m@[0;33;5;40;100m@[0;35;5;40;100mX[0;33;5;40;100m@[0;35;5;40;100mt[0;33;5;40;100mX%[0;35;5;40;100mt[0;33;5;40;100m%::.[0;35;5;40;100m:[0;1;30;90;43m8[0;1;30;90;45m8[0;1;30;90;43m8[0;35;5;40;100m [0;33;5;40;100m.[0;1;30;90;47m8[0;1;30;90;43m8[0;1;30;90;45m8[0;1;30;90;43m8[0;1;30;90;45m8[0;1;30;90;43m8[0;1;30;90;47m8[0;33;5;40;100m [0;33;47m8[0;1;31;91;45m8[0;33;5;40;100m.[0;33;47m8[0;1;30;90;47m8[0;33;47m@[0;35;5;40;100m:[0;1;30;90;47m8[0;1;31;91;43m8[0;1;30;90;47m8[0;35;5;40;100m%[0;1;30;90;43m8[0;1;30;90;47m8[0;33;5;40;100mt[0;1;30;90;43m8[0;35;5;40;100mt[0;1;30;90;43m8[0;35;47m8[0;33;5;40;100m;.[0;1;30;90;47m8[0;1;30;90;45m8[0;1;30;90;43m8[0;33;5;40;100m;[0;1;30;90;43m8[0;1;30;90;45m8[0;37;43m8[0;1;30;90;45m8[0;1;30;90;43m8[0;1;30;90;45m8[0;33;47m8[0;35;5;40;100mt[0;1;30;90;43m8[0;33;5;40;100m [0;1;30;90;47m8[0;33;5;40;100m%[0;31;5;40;100m8[0;33;5;40;100mSS[0;30;5;40;100mS[0;32;40mS[0;31;40m8[0;32;40m8[0;31;40m8[0;32;40m8[0;31;5;40;100m@[0;32;40m8[0;31;5;40;100m8[0;32;40mX[0;31;40m%[0;32;40m8[0;31;5;40;100m8[0;32;40m8[0;31;5;40;100m@[0;32;40m8[0;31;5;40;100m@[0;32;40m8[0;31;40m8[0;1;30;90;42m8[0;31;40mX[0;32;40mS[0;31;40m8[0;32;40m8[0;1;30;90;40m88[0;31;5;40;100mX[0;33;5;40;100m@ [0;1;30;90;47m8[0;1;30;90;43m8[0;1;30;90;47m8[0;33;5;40;100m [0;1;30;90;47mS[0;33;47m8[0;37;5;40;100m8[0;1;30;90;47m8[0;1;30;90;43m8[0;1;30;90;47m@[0;33;5;40;100m.[0;1;30;90;47m%[0m
[0;33;5;40;100mt[0;31;5;40;100m@[0;30;5;40;100mX[0;31;5;40;100mS[0;33;5;40;100m8@@8SS[0;31;5;40;100mS[0;33;5;40;100m%tSX@@X%;@[0;1;30;90;40m8[0;33;5;40;100m8[0;31;5;40;100mS[0;33;5;40;100m%[0;31;5;40;100mS[0;33;5;40;100mXtS[0;35;5;40;100m%[0;33;5;40;100mXt;:[0;1;30;90;43m8[0;1;30;90;45m8[0;1;30;90;43m8[0;35;5;40;100m.[0;33;47m8[0;35;5;40;100m:[0;1;30;90;43m8[0;35;5;40;100m.[0;1;30;90;43m8[0;37;45m8[0;1;30;90;43m8[0;37;5;40;100mt[0;33;47m8[0;35;5;40;100m;[0;1;30;90;43m8[0;35;47m8[0;1;30;90;43m8[0;1;30;90;47m8[0;1;30;90;43m8[0;35;5;40;100m [0;33;5;40;100m.[0;33;47m8[0;1;30;90;45m8[0;1;30;90;43m8[0;1;30;90;47m8[0;33;5;40;100mt.[0;35;47m8[0;31;43m@[0;35;5;40;100m. [0;1;30;90;47m8[0;33;5;40;100m%[0;1;30;90;43m8[0;1;30;90;45m8[0;1;30;90;43m88[0;33;5;40;100m [0;37;5;40;100m.[0;35;5;41;101m@[0;37;5;40;100m@[0;1;30;90;43m8[0;35;5;40;100m.[0;1;30;90;43m8[0;1;30;90;47m8[0;1;30;90;43m8[0;35;5;40;100m;[0;1;30;90;43m8[0;35;47m8[0;1;30;90;43m8[0;35;5;40;100m;[0;33;5;40;100m:%[0;31;5;40;100m@[0;33;5;40;100mt[0;1;30;90;40m8[0;31;5;40;100mX[0;32;40m8[0;31;5;40;100m8[0;32;40m8[0;31;40mX[0;32;40m8[0;31;40m8[0;32;40m8[0;31;40mS[0;32;40m8[0;31;40m@[0;32;40mX[0;30;5;40;100m8[0;31;40m8[0;32;40m8[0;31;40m8[0;33;5;40;100m8[0;32;40mX[0;31;40m8[0;1;30;90;40m8[0;32;40m8[0;30;5;40;100m@[0;31;40m@[0;32;40m8[0;31;40m8[0;32;40m8[0;30;41m8[0;31;5;40;100m@[0;33;5;40;100mX[0;1;30;90;47m8[0;33;5;40;100m@ [0;1;30;90;47m8[0;37;5;40;100m@[0;33;5;40;100m [0;1;30;90;47mS8[0;33;5;40;100m.[0;1;30;90;47m@[0;33;5;40;100mt[0m
[0;31;5;40;100mX[0;32;5;40;100mX[0;33;5;40;100m88%;tt;tS[0;31;5;40;100m8@[0;33;5;40;100m8[0;31;5;40;100m@[0;33;5;40;100mX[0;35;5;40;100m%[0;33;5;40;100m8[0;31;5;40;100m8[0;30;5;40;100m8[0;31;5;40;100m8S[0;33;5;40;100mX[0;31;5;40;100mS[0;33;5;40;100m%t[0;35;5;40;100mS[0;33;5;40;100m@[0;35;5;40;100m%[0;33;5;40;100mX[0;35;5;40;100mt[0;33;5;40;100mS[0;35;5;40;100m;[0;33;5;40;100m;[0;35;5;40;100m.[0;1;30;90;43m8[0;1;30;90;45m8[0;1;30;90;43m8[0;35;5;40;100m;[0;33;5;40;100m.[0;35;5;40;100m  [0;33;5;40;100m.[0;1;30;90;43m8[0;35;5;40;100m.[0;33;5;40;100m..[0;33;47m8[0;1;30;90;45m8[0;1;30;90;43m8[0;1;30;90;47m8[0;33;5;40;100m;[0;1;30;90;47m8[0;33;47m8[0;1;30;90;45m8[0;1;30;90;43m8[0;1;30;90;47m8[0;33;5;40;100m.[0;35;5;40;100m.[0;37;43m8[0;1;30;90;45m8[0;1;30;90;43m8[0;35;5;40;100m [0;1;30;90;47m8[0;31;43m8[0;35;5;40;100mt:[0;33;5;40;100m.[0;33;47m8[0;1;30;90;45m8[0;1;30;90;43m8[0;1;30;90;47m8[0;1;30;90;43m8[0;33;5;40;100m ;[0;35;5;40;100m.[0;33;5;40;100m [0;35;5;40;100m [0;33;5;40;100m:[0;35;5;40;100m.[0;1;30;90;47m8[0;33;5;40;100m;;[0;35;5;40;100m.[0;33;47m8[0;35;5;40;100m:[0;33;5;40;100m;[0;31;5;40;100m@[0;33;5;40;100m;8[0;32;40mt[0;1;30;90;40m8[0;32;40m@[0;30;5;40;100m@[0;32;40m8[0;31;5;40;100m8[0;32;40m8[0;30;5;40;100m@[0;32;40m8[0;31;5;40;100m8[0;32;40m8[0;31;5;40;100m8[0;32;40m8[0;33;5;40;100m8[0;31;40mX[0;30;42m8[0;31;40m@[0;33;5;40;100m8[0;32;40mX[0;31;40m8[0;1;30;90;40m8[0;32;40m@[0;1;30;90;40m88[0;32;40m8[0;1;30;90;40m8[0;32;40m@[0;31;40mX[0;1;30;90;40m8[0;30;41m8[0;33;5;40;100m [0;37;5;40;100m8[0;33;5;40;100m;[0;1;30;90;47mS[0;33;47m@[0;1;30;90;47m88[0;33;47m8[0;1;30;90;47m8[0;37;5;40;100m8[0m
[0;33;5;40;100mSXSS%;S[0;31;5;40;100m@[0;33;5;40;100m8[0;1;30;90;41m8[0;30;5;40;100mS[0;33;5;40;100m8S[0;31;5;40;100mS[0;30;5;40;100m8[0;31;5;40;100m@[0;30;5;40;100m@[0;31;5;40;100m8[0;32;5;40;100mX[0;31;5;40;100mX[0;33;5;40;100mXS[0;35;5;40;100mX[0;33;5;40;100m@[0;35;5;40;100mS[0;33;5;40;100m8S[0;35;5;40;100mS[0;33;5;40;100m8%%[0;35;5;40;100mt[0;1;30;90;43m8[0;35;5;40;100mt[0;1;30;90;43m8[0;35;5;40;100m.[0;33;5;40;100m. [0;1;30;90;43m8[0;35;5;40;100m.[0;37;43m8[0;1;31;91;45m8[0;33;5;40;100m [0;1;30;90;47m8[0;1;30;90;43m8[0;35;47m8[0;1;30;90;43m8[0;1;30;90;45m8[0;37;43m8[0;35;5;40;100m:[0;33;5;40;100m:[0;1;30;90;43m8[0;1;30;90;45m8[0;1;30;90;43m8[0;1;30;90;47m8[0;1;30;90;43m8[0;1;30;90;45m8[0;37;43m8[0;1;30;90;45m8[0;1;30;90;43m8[0;1;30;90;47m8[0;33;5;40;100m;::[0;35;5;40;100m.[0;1;30;90;43m8[0;1;30;90;45m8[0;1;30;90;43m8[0;35;5;40;100m.[0;1;30;90;43m8[0;1;30;90;45m8[0;1;30;90;43m8[0;35;5;40;100m%[0;33;5;40;100m;:[0;1;30;90;43m8[0;35;47m8[0;1;30;90;43m8[0;1;30;90;45m8[0;1;30;90;43m8[0;33;5;40;100m.[0;33;5;41;101mS[0;1;30;90;47m8[0;33;5;40;100mt[0;35;5;40;100m;[0;1;30;90;43m8[0;37;5;40;100m;[0;33;5;40;100mt[0;31;5;40;100m@[0;33;5;40;100m:[0;31;5;40;100mX[0;32;40m@[0;1;30;90;41m8[0;32;40mX[0;31;40m8[0;32;40m8[0;31;40m8[0;30;5;40;100m@[0;31;40m@[0;32;40m8[0;31;40m@[0;32;40m8[0;31;40m8[0;32;40m@[0;30;5;40;100m@[0;1;30;90;40m888[0;33;5;40;100m8[0;32;40m8[0;31;5;40;100m@[0;32;40m@[0;30;41m8[0;32;40m8[0;30;41m8[0;32;40mX[0;31;40mX[0;32;40m8S[0;1;30;90;40m8[0;31;40mX[0;1;30;90;40m8[0;33;5;40;100mX:: [0;1;30;90;47m8[0;37;5;40;100m@[0;1;30;90;47m8[0;37;5;40;100m8[0m
[0;33;5;40;100m%SX[0;31;5;40;100m@8@[0;30;5;40;100m@[0;31;40m8[0;32;40m8[0;31;5;40;100mX[0;33;5;40;100m8[0;1;30;90;40m8[0;30;5;40;100m8[0;31;5;40;100m@[0;30;5;40;100mS[0;31;5;40;100mS[0;33;5;40;100m8[0;31;5;40;100m@[0;33;5;40;100m@[0;31;5;40;100mS[0;33;5;40;100m%[0;31;5;40;100mX[0;33;5;40;100m@[0;31;5;40;100mS[0;33;5;40;100mX[0;35;5;40;100mX[0;33;5;40;100m8[0;31;5;40;100mX[0;33;5;40;100mS[0;35;5;40;100mX[0;33;5;40;100m8%[0;35;5;40;100mS[0;1;30;90;43m8[0;1;30;90;45m8[0;1;30;90;43m8[0;33;5;40;100m [0;1;30;90;43m8[0;1;30;90;45m8[0;1;30;90;43m8[0;35;5;40;100m;[0;33;5;40;100m;[0;1;30;90;43m8[0;35;5;40;100m;[0;33;5;40;100m;[0;1;30;90;43m8[0;1;30;90;45m8[0;37;43m8[0;35;5;40;100m.[0;37;43m8[0;1;30;90;45m8[0;33;47m8[0;33;5;40;100m.[0;1;30;90;47m8[0;1;30;90;43m8[0;37;45m8[0;1;30;90;43m8[0;33;5;40;100m [0;37;43m8[0;35;5;40;100m;[0;1;30;90;43m8[0;1;30;90;45m8[0;37;43m8[0;35;5;40;100m;[0;1;30;90;43m8[0;35;47m8[0;1;30;90;43m8[0;35;5;40;100m.[0;33;5;40;100m [0;37;5;40;100m:[0;1;30;90;43m8[0;35;5;40;100mt[0;33;5;40;100m;t[0;35;5;40;100m:[0;1;30;90;43m8[0;35;5;40;100mS[0;1;30;90;43m8[0;33;5;40;100m [0;37;43m8[0;35;5;40;100m;[0;37;5;40;100m%[0;33;5;40;100m;[0;1;30;90;43m8[0;1;30;90;45m8[0;33;47m8[0;33;5;40;100mt:[0;31;5;40;100m@[0;33;5;40;100m@S[0;31;40mS[0;32;40mS[0;1;30;90;40m8[0;30;5;40;100mX[0;31;5;40;100mS[0;32;40m8[0;31;5;40;100mS[0;32;40m8[0;1;30;90;40m8[0;32;40m@[0;31;40m8[0;32;5;40;100m8[0;31;40m8[0;30;5;40;100mX[0;31;40m8[0;1;30;90;42m8[0;31;40m@[0;32;40m%[0;31;40mX[0;32;40mX[0;31;40m8[0;30;42m8[0;1;30;90;40m888[0;32;40mS[0;31;5;40;100m8[0;1;30;90;40m8[0;32;40m@[0;31;40m@[0;32;40m8[0;1;30;90;41m8[0;1;30;90;40m8[0;33;5;40;100mX  [0;1;30;90;47m8[0;33;5;40;100m:[0;1;30;90;47mS[0m
