[0;1;37;97;47m%%%SXSX@[0;37;5;47;107m8[0;1;37;97;47mXSSS%ttttt[0;1;36;96;47m%[0;1;37;97;47m:;;;;;tt%%%%%SSXXXXXXXXXXXXX@X88888[0;37;5;47;107m8[0;1;37;97;47m88@@XXXXS%t;:;[0;1;36;96;47mS[0;1;37;97;47m ...[0;1;36;96;47m%[0;1;37;97;47m . [0;1;36;96;47m%[0;1;37;97;47m  [0;1;36;96;47mS[0;1;30;90;47mt[0;1;37;97;47m  [0;1;36;96;47mS[0;1;37;97;47m  .;tt%%@88[0;37;5;47;107m888888888888@88888[0;1;37;97;47m8[0;37;5;47;107m88[0;1;37;97;47m8[0;37;5;47;107m8[0;1;37;97;47m8[0;37;5;47;107m8[0;1;37;97;47m888[0;37;5;47;107m8[0;1;37;97;47m888[0m
[0;1;37;97;47m@8888@@@XXXS%%%%ttt;tttt%%%%SSSSXX@@@@@XSXXSXSX@XX@@88[0;37;5;47;107m8[0;1;37;97;47m8[0;37;5;47;107m8[0;1;37;97;47m88X@@XSt[0;1;36;96;47m%[0;1;37;97;47m.:[0;1;36;96;47m%[0;1;37;97;47m    [0;1;36;96;47m%[0;1;37;97;47m   [0;1;30;90;47m;[0;1;37;97;47m [0;1;30;90;47m%[0;1;37;97;47m [0;1;30;90;47m%[0;1;37;97;47m  [0;1;30;90;47mt[0;1;37;97;47m   .;%%%SX@[0;37;5;47;107m8[0;1;37;97;47m8[0;37;5;47;107m8[0;1;37;97;47m8[0;37;5;47;107m8[0;1;37;97;47m88888888888888@8@@@@XX@@XX@@@[0m
[0;1;37;97;47m@8X@@@@XXXS%SSSSXX%%S%SXSSXSXSXSXXX@8@Xttt%SSSSXSX@@[0;37;5;47;107m88[0;1;37;97;47m8[0;37;5;47;107m88[0;1;37;97;47m@S%SS%[0;1;36;96;47mS[0;1;37;97;47m...     [0;1;30;90;47m%[0;1;37;97;47m [0;1;30;90;47mX[0;1;37;97;47m [0;1;30;90;47mS[0;1;37;97;47m [0;1;30;90;47m%[0;1;37;97;47m [0;1;30;90;47m%[0;1;37;97;47m [0;1;30;90;47mS[0;1;37;97;47m     ;t%%SSX@@@XXXXXXXSSXXX@@@XXXSSSSSS%%SSSSSS[0m
[0;1;37;97;47m@@@[0;37;5;47;107m8[0;1;37;97;47mSXS%%[0;1;36;96;47mS[0;1;37;97;47m%%%%SSSSSSSSSXSSXSXXXXXX@@@@S%tt%XSS%%S@888[0;37;5;47;107m88[0;1;37;97;47m@X%[0;1;36;96;47m%[0;1;37;97;47m;t;;..     [0;1;30;90;47m%[0;1;37;97;47m [0;1;30;90;47m%[0;1;37;97;47m [0;1;30;90;47m%[0;1;37;97;47m [0;1;30;90;47mt[0;1;37;97;47m [0;1;30;90;47mt[0;1;37;97;47m  [0;1;30;90;47mt[0;1;37;97;47m    :t%%%%%%SSSSS%%%%%t%t%%%%%%[0;1;36;96;47m%[0;1;37;97;47mtt[0;1;36;96;47mS[0;1;37;97;47m:;[0;1;36;96;47mS[0;1;37;97;47m:;t%%%%S%S[0m
[0;1;37;97;47m@8@XXS%[0;1;36;96;47m%[0;1;37;97;47m%%%%%%[0;1;36;96;47m%[0;1;37;97;47m%S%%S%%SSSSSXXXSSXSXXXSXXSSXX%%%SX@8[0;37;5;47;107m8[0;1;37;97;47m@%%t[0;1;36;96;47mS[0;1;37;97;47m:;::[0;1;36;96;47m%[0;1;37;97;47m ...            ..:;:;%%SSXSSS%%tttt[0;1;36;96;47m%[0;1;37;97;47mt;;[0;1;36;96;47mS[0;1;37;97;47m.;[0;1;36;96;47m%[0;1;37;97;47m:;[0;1;36;96;47m%[0;1;37;97;47m:;[0;1;36;96;47m%[0;1;37;97;47m:::..:;:;t;t[0;1;36;96;47m%[0;1;37;97;47m;t;;;[0m
[0;1;37;97;47mX@@XX%%%%%t%tt%%%%%%%XSSXXXSSSS%%XXXXXSXX@S%XXSSXXXSS%[0;1;36;96;47m%[0;1;37;97;47mt;tt;:.;ttt;:   :;;t;;;;;;t%%%%SXXXS%%tttt;;;t:.::.::::......:;:;:.:..::[0;1;36;96;47m%[0;1;37;97;47m .[0m
[0;1;37;97;47m%S%S%%tt;t;t[0;1;36;96;47mS[0;1;37;97;47m;tt%%S%SSXXSSSS[0;1;36;96;47m%[0;1;37;97;47m%%%%SSSXSSXXXXXSXXXS[0;1;36;96;47m%[0;1;37;97;47m%SSSSS%St%tt%SSS%tSSt%SX[0;37;5;47;107m8[0;1;37;97;47mtt::;;t;;t%t%%%%tt[0;1;36;96;47mS[0;1;37;97;47m:;;:::::.. ...       ....  [0;1;36;96;47m%[0;1;37;97;47m        [0m
[0;1;37;97;47m::::;[0;1;36;96;47m%[0;1;37;97;47m;;t;t;;%%%%S%SSSXS%[0;1;36;96;47m%[0;1;37;97;47m%%SS%SSSXS[0;1;36;96;47mS[0;1;37;97;47mSSSXXSSSSSSXSSSXXS%%%%S%S%SSXSSSSS%%t;tt;:::::::;;;;;;[0;1;36;96;47mS[0;1;37;97;47m .:.:[0;1;36;96;47mS[0;1;37;97;47m  [0;1;36;96;47mS[0;1;37;97;47m    [0;1;36;96;47m%[0;1;37;97;47m   [0;1;36;96;47m%[0;1;37;97;47m    [0;1;36;96;47m%[0;1;37;97;47m  [0;1;36;96;47m%[0;1;37;97;47m       ..:::[0m
[0;1;37;97;47m   ...:::tt;::;;ttt%%S%%%%%X[0;37;5;47;107m8[0;1;37;97;47mS[0;37;5;47;107m8[0;1;37;97;47m%XSSX[0;37;5;47;107m8[0;1;37;97;47m%XXXXSSSSSSSSSSSSSSSSS%%t%t%%%ttt;::... . .:t%XS%tt;;:.;;:[0;36;47m8[0;36;5;40;100m;[0;37;5;40;100m%[0;1;37;97;47m     [0;1;36;96;47mS[0;1;30;90;47mS[0;1;37;97;47m  [0;1;30;90;47mS[0;1;37;97;47m           :  ;[0;37;5;47;107m8[0;1;37;97;47mt[0;37;5;47;107m8[0;1;37;97;47m%[0;37;5;47;107m8[0;1;37;97;47m%S[0m
[0;1;30;90;47m:..[0;1;37;97;47m  ...::[0;1;36;96;47mS[0;1;37;97;47m ..:;;tt[0;1;36;96;47m%[0;1;37;97;47m;%%%%%%t%SSSSSSS%XXXS%[0;1;36;96;47mS[0;1;37;97;47m%SSSSSSXXXX[0;37;5;47;107m8[0;1;37;97;47mS[0;37;5;47;107m8[0;1;37;97;47m%%tttttttt;:::. [0;1;36;96;47m%[0;1;37;97;47m     :S[0;37;5;47;107m8[0;1;37;97;47m%XSS%t;;;;;; [0;35;5;40;100m..[0;1;30;90;47m8[0;1;37;97;47m .           .:...:;[0;37;5;47;107m8[0;1;37;97;47m;[0;37;5;47;107m8[0;1;37;97;47m:.;[0;37;5;47;107m8[0;1;37;97;47m;%t%t[0m
[0;1;30;90;47m;;.[0;1;36;96;47m%[0;1;37;97;47m    [0;1;36;96;47m%[0;1;37;97;47m    :::[0;1;36;96;47m%[0;1;37;97;47m.;;:;[0;1;36;96;47mS[0;1;37;97;47m:%%tt;t%%[0;1;36;96;47m%[0;1;37;97;47m%SXXXS%%ttttt%%%SSX[0;37;5;47;107m8[0;1;37;97;47mXSS%t;:.:::::;::.       :%[0;37;5;47;107m8[0;1;37;97;47m%SS%%t;t;;ttt;t [0;34;5;40;100m8[0;1;30;90;47m@[0;1;37;97;47m;.:.   .:;t;tt%%[0;37;5;47;107m8[0;1;37;97;47m:%tttt[0;37;5;47;107m8[0;1;37;97;47m;: ;tt;;[0m
[0;1;30;90;47mtttt[0;1;37;97;47m [0;1;30;90;47mt[0;1;36;96;47m%[0;1;37;97;47m      [0;1;36;96;47mS[0;1;37;97;47m     ..  ...[0;1;36;96;47m%[0;1;37;97;47m ;tt;t%%%;[0;1;36;96;47m%[0;1;37;97;47m [0;1;36;96;47m%[0;1;37;97;47m    :[0;1;36;96;47mS[0;1;37;97;47m.;t%%S%S%t:.......:;t;: .   .;%[0;37;5;47;107m8[0;1;37;97;47m:tS%%ttttt;t%t%t%S[0;36;5;40;100m [0;1;37;97;47m;%%t%%[0;37;5;47;107m8[0;1;37;97;47m:[0;37;5;47;107m8[0;1;37;97;47m.[0;37;5;47;107m8[0;1;37;97;47m:[0;37;5;47;107m8[0;1;37;97;47m:[0;37;5;47;107m8[0;1;37;97;47m;;;[0;37;5;47;107m8[0;1;37;97;47m;[0;37;5;47;107m8[0;1;37;97;47m;[0;37;5;47;107m8[0;1;37;97;47m:;ttt:[0;1;36;96;47mS[0;1;37;97;47m :t[0m
[0;1;30;90;47mt::[0;1;37;97;47m [0;1;30;90;47mt%XX[0;1;37;97;47m [0;1;30;90;47m@[0;1;37;97;47m [0;36;47mX[0;1;37;97;47m [0;1;30;90;47mX[0;1;37;97;47m    [0;1;36;96;47m%[0;1;37;97;47m    [0;1;36;96;47m%[0;1;37;97;47m    .:[0;1;36;96;47m%[0;1;37;97;47m.::;[0;1;36;96;47mS[0;1;37;97;47m     [0;1;36;96;47mS[0;1;37;97;47m    :;tttttttt;;;;:;;;;t%%tt%t;ttt;:ttt;;;;;;;;;t;tt%X[0;36;5;40;100m.[0;1;37;97;47m;X%%%;;;:t;;:;:%%tt%t%%%%%S[0;37;5;47;107m8[0;1;37;97;47m:[0;37;5;47;107m8[0;1;37;97;47m  S[0m
[0;1;30;90;47mttt%%%SSXXX[0;1;37;97;47m [0;1;30;90;47m8[0;1;37;97;47m [0;1;30;90;47mX[0;1;36;96;47m%[0;1;30;90;47m8[0;1;37;97;47m  [0;1;30;90;47mX[0;1;37;97;47m [0;1;36;96;47mS[0;1;37;97;47m     [0;1;36;96;47m%[0;1;37;97;47m     [0;1;36;96;47m%[0;1;37;97;47m      [0;1;30;90;47mX[0;1;37;97;47m    ..:::;;;;:::;;tt%S%%t%%%%ttt;;;;;:;::::::::;;;ttt%[0;37;5;47;107m8[0;36;5;40;100m;[0;1;37;97;47m %tt%tt%t%[0;37;5;47;107m8[0;1;37;97;47m:t%%%%S%S[0;37;5;47;107m8[0;1;37;97;47mt[0;37;5;47;107m8[0;1;37;97;47m%[0;37;5;47;107m8[0;1;37;97;47mS[0;37;5;47;107m8[0;1;37;97;47mt[0;37;5;47;107m8[0;1;37;97;47m:[0;37;5;47;107m8[0;1;37;97;47m. [0m
[0;1;30;90;47mXXSXX@@S[0;36;47mS[0;1;30;90;47m88X[0;1;37;97;47m [0;1;30;90;47m8[0;1;37;97;47m [0;1;30;90;47m@[0;1;37;97;47m    [0;1;30;90;47mX[0;1;37;97;47m [0;1;30;90;47mX[0;1;37;97;47m [0;1;30;90;47mS[0;1;37;97;47m [0;1;30;90;47mX[0;1;37;97;47m [0;1;30;90;47mX[0;1;37;97;47m [0;1;36;96;47mS[0;1;30;90;47m8[0;37;5;40;100m;[0;1;37;97;47m [0;1;30;90;47mX[0;1;37;97;47m  [0;1;30;90;47mX[0;1;37;97;47m      .:;;tt;;::::;;;tt%tttttt;t;;:::::;;;tttt%t%t;ttttt;X[0;36;5;40;100m:[0;1;37;97;47m %%%%St;ttt[0;37;5;47;107m8[0;1;37;97;47m;[0;37;5;47;107m8[0;1;37;97;47m;[0;37;5;47;107m8[0;1;37;97;47m;[0;37;5;47;107m8[0;1;37;97;47mt[0;37;5;47;107m8[0;1;37;97;47m:[0;37;5;47;107m8[0;1;37;97;47m:tt%t%t%;t.[0m
[0;1;30;90;47m8888@88888[0;1;37;97;47m [0;36;47mX[0;1;30;90;47m8[0;1;37;97;47m [0;1;30;90;47m@[0;1;37;97;47m   [0;1;36;96;47mS[0;1;30;90;47mS[0;1;37;97;47m           [0;35;5;40;100m [0;37;5;40;100mt[0;1;37;97;47m        .:;;t%%%%%%tt;;::::;:;;;;;;;;;;;tt%tt%t;;t;;;;;;t;ttt%[0;37;5;47;107m8[0;36;5;40;100mt[0;1;30;90;47mS[0;37;5;47;107m8[0;1;37;97;47mtSSttt%%t;t;t;%;t;t:tt%%%%%%%%%[0m
[0;1;30;90;47mSX88@8[0;36;5;40;100m%[0;1;30;90;47m888888[0;1;37;97;47m [0;1;36;96;47m%[0;1;30;90;47m@[0;1;37;97;47m [0;1;30;90;47m8[0;1;37;97;47m [0;1;30;90;47m@[0;1;37;97;47m [0;1;30;90;47mX[0;1;37;97;47m         [0;1;30;90;47m88[0;1;37;97;47m  ..:... . ..:::;;::::::::::.......:..:;ttt::...:.::::::;;;;t:S[0;36;5;40;100m:[0;1;30;90;47mX[0;1;37;97;47mSttttttt%t%ttttttttt;tt;t;tttttt[0m
[0;1;30;90;47m8@88[0;37;5;40;100m@[0;1;30;90;47m8[0;36;5;40;100m:[0;1;30;90;47m88[0;36;5;40;100m [0;1;30;90;47m8888@[0;1;37;97;47m [0;1;30;90;47m8[0;1;37;97;47m [0;1;30;90;47m8[0;1;37;97;47m [0;1;30;90;47mX[0;1;37;97;47m [0;36;47mS[0;1;30;90;47mX[0;1;37;97;47m [0;1;36;96;47mS[0;1;30;90;47m@[0;1;37;97;47m [0;36;47mS[0;1;37;97;47m  [0;1;30;90;47m88[0;1;37;97;47m  [0;1;36;96;47m%[0;1;30;90;47m@[0;1;37;97;47m [0;36;47mX[0;1;37;97;47m [0;1;30;90;47m8[0;36;47mS[0;1;37;97;47m  [0;1;36;96;47mS[0;1;37;97;47m  [0;1;36;96;47m%[0;1;37;97;47m [0;1;36;96;47mS[0;1;37;97;47m  [0;1;36;96;47mS[0;1;37;97;47m  [0;1;36;96;47mS[0;1;37;97;47m [0;1;36;96;47mS[0;1;37;97;47m [0;1;36;96;47m%[0;1;37;97;47m  [0;1;36;96;47m%[0;1;37;97;47m .;tt%%%%[0;37;5;47;107m8[0;1;37;97;47m;:.. :... [0;1;36;96;47mS[0;1;37;97;47m  ..[0;1;36;96;47mS[0;1;37;97;47m  :;:.[0;37;5;47;107m8[0;1;30;90;46m8[0;1;30;90;47m8[0;1;37;97;47mt;::;;;;tt;;;;::;;:;;:::::.::.. [0m
[0;35;5;40;100m [0;1;30;90;47m8[0;37;5;40;100m@[0;1;30;90;47m8[0;36;5;40;100m:t[0;35;5;40;100m [0;1;30;90;47m@[0;36;5;40;100m:[0;1;30;90;47m8[0;37;5;40;100mt[0;1;30;90;47m88888[0;36;47mS[0;1;30;90;47m8X@[0;1;36;96;47m%[0;1;30;90;47m8[0;1;37;97;47m  [0;1;30;90;47m8@[0;1;37;97;47m [0;1;30;90;47m8[0;1;37;97;47m [0;1;30;90;47m8X[0;36;5;40;100m.[0;1;30;90;47m8@8888888@[0;1;37;97;47m [0;1;30;90;47m8[0;1;37;97;47m  [0;1;30;90;47m@[0;1;37;97;47m  [0;1;30;90;47mX[0;1;37;97;47m     [0;1;30;90;47m8[0;1;37;97;47m  [0;1;30;90;47m@[0;1;37;97;47m    :tt%%ttt;.:....  ..   ..  .:;:.[0;1;36;96;47mS[0;1;37;97;47m [0;37;5;40;100m%[0;1;30;90;47m8[0;1;37;97;47m. ...:...:..[0;1;36;96;47m%[0;1;37;97;47m  [0;1;36;96;47m%[0;1;37;97;47m  [0;1;36;96;47m%[0;1;37;97;47m  .[0;1;36;96;47m%[0;1;37;97;47m   [0;1;36;96;47m%[0;1;37;97;47m     [0m
[0;30;5;40;100m8[0;36;5;40;100m [0;34;5;40;100mX[0;34;40m%[0;1;30;90;40m@[0;30;44m8[0;35;5;40;100m [0;1;30;90;47m8[0;36;5;40;100m [0;37;5;40;100mtt[0;1;30;90;47m888[0;1;37;97;47m [0;1;30;90;47m8S[0;1;37;97;47m [0;1;30;90;47mX[0;1;37;97;47m [0;1;30;90;47mS%8[0;36;5;40;100mX[0;35;5;40;100mt[0;36;5;40;100m%t;;.[0;1;30;90;47m@88S[0;1;37;97;47m   [0;1;30;90;47m8@888[0;1;37;97;47m  [0;1;30;90;47m8[0;1;37;97;47m  [0;1;30;90;47m8[0;1;37;97;47m  [0;1;30;90;47m8[0;1;37;97;47m [0;1;30;90;47m88[0;1;37;97;47m     [0;1;30;90;47m@[0;1;37;97;47m  .  t:::. [0;1;36;96;47m%[0;1;37;97;47m    [0;1;36;96;47m%[0;1;37;97;47m  . .:::.: [0;1;36;96;47m%[0;1;30;90;47m@[0;1;37;97;47m .:  :[0;36;5;40;100m  [0;1;37;97;47m;[0;1;30;90;47m@[0;1;37;97;47m . .[0;1;36;96;47m%[0;1;37;97;47m  [0;1;36;96;47m%[0;1;37;97;47m                  [0;1;36;96;47mS[0;1;37;97;47m [0;1;36;96;47m%[0;1;30;90;47m%[0m
[0;31;40mt[0;30;5;40;100m8[0;32;40mtt[0;1;30;90;40mX[0;31;40m%[0;30;5;40;100m8[0;34;5;40;100m88@88[0;36;5;40;100m;[0;35;5;40;100m:%[0;36;5;40;100m%[0;35;5;40;100mt %;[0;37;5;40;100mS[0;1;30;90;47mX8[0;34;5;40;100mX@X[0;35;5;40;100m%[0;36;5;40;100mS[0;34;5;40;100mSS[0;36;5;40;100m;[0;34;5;40;100m8[0;1;30;90;47m8t%t[0;1;37;97;47m [0;1;30;90;47m@8[0;35;5;40;100mS[0;36;5;40;100m.[0;37;5;40;100mt[0;1;30;90;47m8[0;1;37;97;47m  [0;1;30;90;47mX[0;1;37;97;47m  [0;1;30;90;47mXS[0;1;37;97;47m [0;1;30;90;47mXX8888[0;1;37;97;47m  [0;1;30;90;47m@[0;1;37;97;47m       [0;36;47m8[0;1;30;90;47mX[0;1;37;97;47m     [0;1;36;96;47m%[0;1;37;97;47m    [0;1;36;96;47m%[0;1;37;97;47m     [0;1;36;96;47mS[0;1;30;90;47m888[0;35;5;40;100m.[0;36;5;40;100m:[0;36;47m@[0;1;30;90;47m888[0;1;37;97;47m [0;36;5;40;100mtt[0;1;30;90;47m8[0;1;30;90;46m8[0;35;5;40;100m:[0;36;47m8[0;1;30;90;47m8[0;36;47m@[0;1;37;97;47m   [0;1;30;90;47mXS[0;1;37;97;47m [0;36;47mS[0;1;37;97;47m [0;36;47mX[0;1;30;90;47m8[0;1;37;97;47m  [0;1;36;96;47mS[0;1;37;97;47m [0;1;36;96;47mS[0;1;37;97;47m [0;36;47mS[0;1;37;97;47m [0;36;47mX[0;1;30;90;47m8[0;36;47mX[0;1;37;97;47m [0;1;30;90;47m8[0;1;37;97;47m [0;1;30;90;47mX[0;1;37;97;47m [0m
[0;30;5;40;100m8[0;1;30;90;40m8@[0;31;40m@[0;1;30;90;40m8[0;30;5;40;100m8[0;32;40m%[0;31;40mX[0;32;40mX[0;31;40m8[0;1;30;90;40m8[0;31;40mS[0;30;5;40;100m88[0;1;30;90;40m@[0;31;40mX[0;30;5;40;100m8[0;1;30;90;40m8[0;30;5;40;100m8X[0;31;5;40;100mX[0;34;5;40;100mX[0;31;5;40;100mX[0;30;5;40;100m8@@8[0;1;30;90;40m8[0;31;40m@[0;30;5;40;100m88[0;1;30;90;40m@[0;33;5;40;100m;[0;34;5;40;100mS[0;30;5;40;100m@[0;34;5;40;100mX[0;30;5;40;100mS[0;35;5;40;100mt[0;34;5;40;100mS[0;30;5;40;100m8[0;34;5;40;100m8[0;30;5;40;100m@[0;34;5;40;100mS[0;35;5;40;100mt[0;36;5;40;100mt.:;[0;35;5;40;100m.[0;36;5;40;100m:[0;35;5;40;100m;[0;34;5;40;100mS8[0;30;5;40;100m8[0;34;40m8[0;35;5;40;100mX[0;36;5;40;100mt[0;35;5;40;100mt[0;34;5;40;100m8[0;35;5;40;100m [0;37;5;40;100mt[0;1;30;90;47m888S[0;36;47mX[0;1;37;97;47m [0;1;30;90;47m8[0;1;37;97;47m [0;36;47mX[0;1;30;90;47m8@[0;1;37;97;47m [0;1;36;96;47mS[0;1;30;90;47mS@[0;1;37;97;47m [0;36;47mS[0;1;30;90;47m8@@[0;1;36;96;47mS[0;1;30;90;47m8[0;1;36;96;47m%[0;1;30;90;47m888[0;34;5;40;100mX[0;35;5;40;100m;[0;36;5;40;100m [0;35;5;40;100mt[0;36;5;40;100m..t[0;35;5;40;100m [0;1;30;90;47m8[0;34;5;40;100m@@[0;1;30;90;47m8[0;35;5;40;100m [0;37;5;40;100m;[0;36;5;40;100m [0;37;5;40;100m%[0;36;5;40;100m S[0;1;30;90;44m8[0;36;5;40;100mX[0;34;5;40;100mS[0;36;5;40;100mX[0;34;5;40;100m@SX[0;35;5;40;100m%[0;36;5;40;100m8[0;34;5;40;100m@[0;1;30;90;47mX[0;1;37;97;47m          .  [0;1;30;90;47m8[0m
[0;30;5;40;100m8[0;31;5;40;100m8[0;1;30;90;40m@[0;32;40mS[0;1;30;90;40m@[0;31;40mX[0;1;30;90;40m88[0;30;5;40;100m8[0;1;30;90;40m8[0;32;5;40;100mS[0;1;30;90;40m8[0;31;40m@[0;32;5;40;100mS[0;30;5;40;100m@[0;1;30;90;40m88[0;33;5;40;100m8[0;1;30;90;40m8[0;30;5;40;100mXS[0;1;30;90;40m8[0;30;5;40;100mX[0;32;5;40;100mS[0;31;40m8[0;32;5;40;100m@[0;31;40m8[0;33;5;40;100mX[0;30;5;40;100m88[0;31;40m@[0;32;40mS[0;1;30;90;40m@[0;31;40m8[0;1;30;90;40m8[0;31;40m@[0;30;5;40;100m8@X[0;1;30;90;40m8[0;31;5;40;100m8[0;30;5;40;100m@[0;31;5;40;100m@[0;32;5;40;100mX[0;35;5;40;100m@[0;31;5;40;100m%[0;35;5;40;100mt[0;30;5;40;100m8[0;35;5;40;100mS[0;30;5;40;100mSX[0;31;5;40;100m@[0;30;5;40;100m8[0;31;5;40;100m@[0;32;5;40;100mX[0;1;30;90;40m8[0;31;5;40;100m@[0;1;30;90;40m@8[0;31;5;40;100mX[0;34;5;40;100mS[0;1;30;90;40m8[0;36;5;40;100mt[0;1;30;90;47m%8[0;36;5;40;100m;[0;1;30;90;47mX888[0;35;5;40;100m.[0;1;30;90;47m@[0;1;37;97;47m        [0;1;30;90;47m@@@88@8[0;35;5;40;100m;[0;36;5;40;100m%.%[0;35;5;40;100mS[0;34;5;40;100m8[0;35;5;40;100m%[0;36;5;40;100mt[0;35;5;40;100m :[0;34;5;40;100m8[0;1;30;90;47m8[0;36;5;40;100m:..[0;1;30;90;44m8[0;34;40mS[0;30;5;40;100mS[0;31;40m%[0;34;5;40;100m8[0;35;5;40;100mS[0;1;30;90;40m8[0;30;5;40;100m@8@[0;34;5;40;100m8[0;30;5;40;100m8[0;35;5;40;100m; .[0;1;30;90;47m8[0;35;5;40;100m   [0;1;30;90;47m8[0;37;5;40;100mt[0;1;30;90;47m88888[0;34;5;40;100m8[0;1;30;90;40m8[0m
[0;1;30;90;40m8[0;32;40mX[0;1;30;90;40m@[0;31;40m@[0;1;30;90;40m8@[0;32;40mt[0;31;40m8[0;1;30;90;40m8[0;31;40m@[0;1;30;90;40m8[0;31;40mX[0;32;40m8[0;31;40m@[0;32;40mS[0;31;40m8[0;30;5;40;100m8[0;1;30;90;40m8[0;31;40m@[0;32;5;40;100m8[0;31;40m@[0;32;40m8[0;31;40m8[0;1;30;90;40m8[0;30;5;40;100mX[0;31;40m@[0;30;5;40;100m8[0;1;30;90;40m888[0;30;5;40;100mS[0;31;40mX[0;1;30;90;40m8[0;32;40m@[0;30;5;40;100m8[0;1;30;90;40m88[0;31;40m@[0;30;5;40;100mS[0;1;30;90;40m88[0;30;5;40;100mX[0;31;40mX[0;30;5;40;100m@[0;32;40mS[0;1;30;90;40m888[0;31;40m@[0;30;5;40;100m@[0;1;30;90;40m8[0;30;5;40;100m@[0;1;30;90;40m8[0;31;40m@[0;31;5;40;100mX[0;30;5;40;100m8[0;1;30;90;40m8[0;33;5;40;100m8[0;1;30;90;40m8[0;33;5;40;100m8[0;1;30;90;40m8[0;30;5;40;100m8[0;35;5;40;100mS[0;36;5;40;100m.:.[0;1;30;90;47m%888[0;35;5;40;100m [0;37;5;40;100mt[0;1;37;97;47m        [0;1;30;90;47m8[0;37;5;40;100m%[0;1;30;90;47m88[0;35;5;40;100m;[0;37;5;40;100mXX[0;35;5;40;100mt%[0;34;5;40;100mX[0;30;5;40;100m8[0;1;30;90;40m8[0;36;5;40;100mt[0;35;5;40;100m.  [0;34;5;40;100mS[0;32;40m%[0;35;5;40;100m.[0;34;5;40;100mS[0;30;5;40;100m@@[0;31;5;40;100m@[0;30;5;40;100m@[0;31;5;40;100m@[0;30;5;40;100mX[0;31;5;40;100m@[0;32;40m8[0;31;5;40;100m8[0;1;30;90;40m8[0;31;5;40;100mS[0;33;5;40;100m8[0;1;30;90;41m8[0;33;5;40;100m8[0;1;30;90;40m@[0;31;5;40;100m8[0;34;5;40;100mS[0;30;5;40;100m8[0;34;5;40;100m@[0;1;30;90;40m8[0;34;5;40;100m8[0;1;30;90;40m8[0;34;5;40;100m8[0;34;40mX@@@[0;30;5;40;100m8[0;1;30;90;40m@[0;31;40m%[0m
[0;30;5;40;100mX[0;31;5;40;100m@[0;30;5;40;100m8X@[0;31;40mX[0;1;30;90;40m8[0;32;5;40;100mX[0;1;30;90;40m888[0;30;5;40;100mX[0;1;30;90;40m8[0;30;5;40;100m8[0;1;30;90;40m88[0;31;5;40;100mS[0;32;40m8[0;31;5;40;100m8[0;1;30;90;40m8[0;33;5;40;100m8[0;30;5;40;100m8X[0;31;40m8[0;32;5;40;100m8[0;1;30;90;40m88[0;30;5;40;100m8[0;31;40m@[0;1;30;90;40m88[0;32;40mX[0;31;5;40;100m8[0;1;30;90;40m8[0;31;40m8[0;32;5;40;100mS[0;31;40m@[0;32;40m8[0;31;40m8[0;30;5;40;100m@[0;31;40m8[0;32;5;40;100m8[0;31;40m8[0;1;30;90;40m8[0;31;40m8[0;30;5;40;100mX[0;31;40m8[0;32;5;40;100mX[0;1;30;90;40m88[0;1;30;90;41m8[0;32;40mX[0;31;5;40;100m@[0;30;5;40;100m8[0;1;30;90;40m8[0;31;5;40;100mS[0;32;40m8[0;31;40m8[0;1;30;90;40m8[0;31;40m%[0;30;5;40;100m@[0;31;40m8[0;32;5;40;100mX[0;31;5;40;100m8[0;30;5;40;100m@[0;36;5;40;100m%[0;37;5;40;100mS[0;1;30;90;47m8[0;36;5;40;100m [0;1;37;97;47m [0;37;5;40;100mt[0;1;30;90;47m8X8[0;1;37;97;47m.    [0;1;30;90;47m8[0;37;5;40;100m%[0;35;5;40;100m;.[0;37;5;40;100mX[0;35;5;40;100m;[0;1;30;90;47m88[0;36;5;40;100mt;[0;31;5;40;100m@[0;1;30;90;40m88[0;31;40m8[0;30;5;40;100m@88[0;1;30;90;41m8[0;32;40mt[0;31;5;40;100m8[0;1;30;90;40m8[0;31;40m@[0;30;5;40;100mX[0;33;5;40;100m8[0;31;5;40;100m8[0;33;5;40;100m8[0;31;5;40;100mX[0;1;30;90;43mX[0;33;5;40;100m88[0;31;5;40;100m8[0;33;5;40;100m8[0;31;5;40;100mX[0;33;5;40;100m8[0;31;5;40;100m8[0;33;5;40;100m8[0;31;5;40;100mS[0;33;5;40;100m8[0;1;30;90;41m8[0;31;5;40;100mS[0;31;40mX[0;1;30;90;40m8[0;31;40mX[0;30;5;40;100m@[0;30;41m8[0;32;5;40;100mS[0;31;40m8[0;1;30;90;40m8[0;31;40mX[0;1;30;90;40m88[0m
[0;30;5;40;100mXX[0;33;5;40;100m8[0;31;40mX[0;33;5;40;100m8[0;32;40mX[0;1;30;90;40m8[0;31;5;40;100m@[0;1;30;90;40m8[0;31;40mX[0;32;40mX[0;31;40mX[0;32;40m@[0;31;40m8[0;32;40m%[0;31;40m%[0;32;40m%[0;31;40m@[0;32;40mS[0;1;30;90;40m8[0;30;5;40;100mX[0;33;5;40;100m8[0;30;5;40;100m@[0;32;5;40;100m@[0;31;40m8[0;33;5;40;100m8[0;1;30;90;40m8[0;33;5;40;100m8[0;32;5;40;100mX[0;33;5;40;100m88[0;1;30;90;40mX[0;33;5;40;100m8S%8[0;30;5;40;100mS[0;1;30;90;40m8[0;32;40mX[0;1;30;90;40m88[0;31;40m8[0;32;5;40;100m@[0;31;40m@[0;32;5;40;100m8[0;31;40m@[0;32;5;40;100m@[0;31;40m@[0;1;30;90;40m8[0;31;40m8[0;1;30;90;40m8[0;31;40mX[0;32;40mX[0;1;30;90;40m@[0;31;5;40;100m@[0;32;40mX[0;31;5;40;100m8[0;1;30;90;40m8[0;32;40m%[0;31;40mX[0;30;5;40;100m8[0;32;40mX[0;31;40mX[0;1;30;90;40m8[0;30;5;40;100m@[0;31;40mX[0;32;5;40;100mX[0;35;5;40;100mS[0;36;5;40;100m [0;1;30;90;47m8[0;35;5;40;100m;[0;34;5;40;100mS[0;35;5;40;100m  [0;1;30;90;47m8[0;37;5;40;100m%%;[0;1;30;90;47m88[0;35;5;40;100m [0;37;5;40;100m@@8[0;35;5;40;100m [0;37;5;40;100m8[0;35;5;40;100m ;[0;33;5;40;100m:[0;30;5;40;100m8@@[0;33;5;40;100m8[0;1;30;90;40m@[0;31;40m@[0;1;30;90;40m8[0;32;40mt[0;31;40m;[0;32;40mt[0;1;30;90;40m8[0;33;5;40;100m8[0;31;40m%;[0;30;5;40;100mS[0;33;5;40;100m8[0;1;30;90;41m8[0;30;5;40;100m8[0;31;40m8[0;31;5;40;100m8[0;30;5;40;100m8[0;30;41m8[0;33;5;40;100m8[0;31;40m8[0;33;5;40;100m8[0;1;30;90;41m8[0;30;5;40;100m@[0;33;5;40;100m8[0;31;5;40;100m@[0;32;40m@[0;31;40m8[0;32;40mX[0;31;40m@[0;32;5;40;100m8[0;31;40mXX[0;32;5;40;100m8[0;31;40m8[0;30;5;40;100m8[0;32;40mS[0;31;40m8[0m
[0;31;40m%[0;32;40m%[0;31;40m%[0;32;40m8[0;31;40mX[0;1;30;90;40m8[0;31;40mS[0;32;40mX[0;31;40mX[0;32;40m@[0;31;40mS[0;1;30;90;40m8[0;31;40mX[0;1;30;90;40m@[0;32;40mt[0;31;40m;[0;32;40m:[0;31;40mt[0;1;30;90;40mX[0;31;40mS[0;32;40m%[0;31;40m;[0;32;40m%[0;31;40mX[0;32;5;40;100m8[0;31;40m%[0;1;30;90;40m8[0;32;40mX[0;30;41m8[0;30;5;40;100m8[0;1;30;90;40m8[0;32;40m%[0;30;5;40;100m8[0;1;30;90;40m8[0;30;5;40;100mX@[0;30;41m8[0;32;5;40;100mS[0;30;41m8[0;30;5;40;100m@[0;31;40mX[0;30;5;40;100m8[0;1;30;90;40m8[0;30;5;40;100m@[0;31;40m8[0;30;5;40;100m8[0;31;40m8[0;30;5;40;100m@@SX[0;1;30;90;40m8[0;31;5;40;100m8[0;32;40mS[0;31;40mX[0;1;30;90;40m8[0;31;40m;t[0;1;30;90;40m@[0;32;40m%[0;31;40m8[0;30;5;40;100m8[0;1;30;90;40m88[0;33;5;40;100m8.[0;1;30;90;47m8[0;37;5;40;100mXS[0;1;30;90;47mX[0;35;5;40;100m [0;33;5;40;100m [0;1;30;90;47m%X[0;35;5;40;100m [0;1;30;90;47mt%X8X%8[0;37;5;40;100m8[0;1;30;90;47m8[0;37;5;40;100mXS[0;33;5;40;100m .[0;37;5;40;100mX[0;33;5;40;100m:::[0;37;5;40;100mX8[0;33;5;40;100m:[0;1;30;90;47m8[0;33;5;40;100m.[0;1;30;90;40m8[0;37;5;40;100m8[0;33;5;40;100mt[0;31;5;40;100mS[0;36;5;40;100m%[0;31;5;40;100mS[0;33;5;40;100m8[0;30;5;40;100m8[0;1;30;90;40m888[0;32;40mX[0;30;5;40;100m8[0;32;40mt[0;31;40m%[0;32;40mS[0;31;40m;[0;32;40m;[0;31;40m%:t[0;32;40m%[0;31;40m%[0;32;40mt[0;31;40m;:[0;32;40mt.[0;31;40mt[0;32;40m%[0;31;40m;;[0;32;40mt[0m
[0;31;40mt[0;32;40mt[0;1;30;90;40mX@[0;31;40m%[0;30;5;40;100m8[0;1;30;90;40m88[0;32;40mX[0;31;40m@[0;32;40mS[0;1;30;90;40m@88[0;32;40m%[0;31;40m%[0;1;30;90;40mX[0;32;40mt[0;31;40m;[0;32;40mX[0;1;30;90;40m8[0;31;40m@[0;32;40m8[0;31;40mX[0;32;40mt[0;1;30;90;40m88[0;30;5;40;100m8[0;32;5;40;100m@[0;31;40mX[0;1;30;90;40m8[0;31;40m%[0;1;30;90;40m8[0;31;40m@[0;1;30;90;42m8[0;31;40m8[0;32;40m8[0;31;40mX[0;32;40mX[0;30;5;40;100m@@[0;32;40m@[0;30;41m8[0;32;40m@[0;31;40mS[0;32;40mS[0;31;40m%[0;32;40m;[0;31;40mt[0;32;40mt[0;31;40mS[0;32;40mS[0;1;30;90;40m88[0;30;5;40;100m@[0;32;40m@[0;31;5;40;100mS[0;32;5;40;100m8[0;31;5;40;100mS[0;33;5;40;100m8S.[0;1;30;90;47mXXXSS[0;37;5;40;100m@[0;33;5;40;100m..: [0;1;30;90;47m88[0;37;5;40;100mXX[0;1;30;90;47m8[0;37;5;40;100m@[0;1;30;90;47m8[0;37;5;40;100mXX[0;1;30;90;47m8[0;37;5;40;100mX[0;1;30;90;47m88888[0;37;5;40;100m@[0;1;30;90;47m8[0;33;5;40;100m;t  ;;%[0;31;40mS[0;33;5;40;100m .   [0;1;30;90;47m8[0;37;5;40;100m8[0;33;5;40;100m;%:  [0;37;5;40;100m8[0;33;5;40;100m [0;37;5;40;100m8[0;33;5;40;100m [0;37;5;40;100m8[0;33;5;40;100m    :t[0;30;5;40;100m8X[0;31;5;40;100mX[0;1;30;90;40m888[0;32;40mt[0;31;40m%[0;34;40m;[0m
[0;31;40mt[0;1;30;90;40mX[0;31;40m;[0;32;40m%[0;1;30;90;40mX8[0;31;40mX[0;1;30;90;40m8[0;31;40m@[0;32;40m%[0;31;40mt[0;32;40m;[0;31;40m;[0;32;40mt[0;31;40mX[0;32;40mS[0;31;40m;[0;34;40mt[0;32;40mt[0;31;40m%[0;32;40m:;[0;31;40mS[0;32;40m%[0;31;40mt%[0;1;30;90;40m8[0;31;40m;t[0;1;30;90;40m8[0;32;40m%[0;31;40m;[0;32;40mt[0;31;40mt:[0;32;40m%[0;31;40mS[0;1;30;90;40m@@8[0;31;40m@[0;30;5;40;100m@X[0;31;40m8[0;32;5;40;100m8[0;31;40mX[0;1;30;90;40m88[0;30;5;40;100mX[0;31;5;40;100mS[0;33;5;40;100m88%:[0;37;5;40;100m8[0;1;30;90;47m@8[0;33;5;40;100m;[0;37;5;40;100mX[0;33;5;40;100m.[0;1;30;90;40m@[0;1;30;90;47m@@[0;33;5;40;100m%%%%; [0;1;30;90;47m8888[0;33;5;40;100m.[0;1;30;90;47m8888888[0;37;5;40;100mS[0;1;30;90;47m8[0;33;5;40;100m [0;1;30;90;47m88[0;33;47m8[0;33;5;40;100m [0;1;30;90;47m88[0;33;5;40;100m;;[0;1;30;90;47m@8[0;33;5;40;100m [0;1;30;90;47mX[0;33;5;40;100m [0;1;30;90;40m8[0;33;5;40;100mSX8[0;31;5;40;100m@[0;33;5;40;100mS[0;1;30;90;47m8XSSt[0;33;47mS[0;1;30;90;47mS[0;33;47m8[0;33;5;40;100m.%@[0;31;5;40;100mX[0;33;5;40;100m8@: [0;37;5;40;100m8[0;1;30;90;47m8[0;33;5;40;100m [0;30;5;40;100m@[0;32;5;40;100mX[0;33;5;40;100m   [0;1;30;90;47m8[0;37;5;40;100m8[0;33;5;40;100m [0m
[0;31;40m:[0;32;40mt[0;31;40m%t[0;32;40mt[0;30;5;40;100m8[0;32;40mt[0;31;40m%[0;32;40mS[0;1;30;90;40m@[0;31;40m%[0;32;40m;[0;31;40m%[0;32;40mt[0;1;30;90;40mX[0;31;40mS[0;32;40mX[0;31;40m@[0;1;30;90;40m8[0;32;40mt[0;31;40m%[0;1;30;90;40mSX8@88[0;32;40m8[0;31;40m8[0;32;5;40;100mS[0;31;40m@[0;32;40mX[0;30;5;40;100m8[0;1;30;90;40m8[0;30;5;40;100mX@SX[0;33;5;40;100m8[0;1;30;90;40m8[0;33;5;40;100m8X% [0;37;5;40;100m88[0;1;30;90;47m@[0;37;5;40;100m8[0;33;5;40;100m [0;1;30;90;47mX[0;37;5;40;100m8[0;33;5;40;100m [0;37;5;40;100mS[0;1;30;90;47m8[0;33;5;40;100m [0;1;30;90;47m@[0;33;5;40;100m::: .;.[0;1;30;90;47m8[0;33;5;40;100m [0;1;30;90;47m8[0;37;5;40;100m@[0;1;30;90;47m88[0;37;5;40;100m@[0;33;47m8[0;37;5;40;100mX[0;1;30;90;47m8[0;33;47m8[0;1;30;90;47m8[0;33;5;40;100m [0;33;47m8[0;37;5;40;100m%X[0;1;30;90;43m8[0;1;30;90;47m88[0;37;43m8[0;1;30;90;47m88[0;33;5;40;100m;[0;1;30;90;47m88[0;1;30;90;43m8[0;1;30;90;47m8[0;33;5;40;100m t[0;1;30;90;47m88[0;33;47m8[0;37;5;40;100mS[0;1;30;90;47m8[0;31;40m@[0;33;5;40;100m .8[0;1;30;90;40m8[0;31;5;40;100m8[0;33;5;40;100m8%[0;33;47m8[0;1;30;90;47m8[0;33;47m8[0;1;30;90;47m8[0;33;47m8[0;1;30;90;47m8X88[0;33;5;40;100m   %8[0;1;30;90;40m8[0;31;5;40;100mX[0;32;40m8[0;31;40m8[0;30;5;40;100m8[0;33;5;40;100mX::[0;37;5;40;100m@8[0;1;30;90;47m8[0m
[0;31;40m%[0;1;30;90;40m8[0;32;40mX[0;1;30;90;40m@[0;31;40m@[0;1;30;90;40m8[0;31;40m@[0;30;5;40;100m8[0;31;40mX[0;1;30;90;40m@88888[0;33;5;40;100m@[0;35;5;40;100m.[0;33;5;40;100m   [0;37;5;40;100m@[0;33;5;40;100m [0;37;5;40;100m8[0;33;5;40;100m [0;37;5;40;100m8[0;33;5;40;100m@[0;1;30;90;40m8[0;33;5;40;100m: [0;37;5;40;100m8[0;33;5;40;100m;[0;35;5;40;100m%[0;37;5;40;100m88[0;33;5;40;100m [0;1;30;90;47mS[0;33;5;40;100m:[0;37;5;40;100m8[0;33;5;40;100m :[0;37;5;40;100m8[0;33;5;40;100m. ;%;t;[0;1;30;90;43m8[0;33;5;40;100m..[0;37;5;40;100m8[0;33;5;40;100m:[0;1;30;90;47m8[0;1;30;90;43m8[0;1;30;90;47m888888X[0;33;47m8[0;1;30;90;47m888[0;1;30;90;43m8[0;1;30;90;47m88[0;1;30;90;43m8[0;1;30;90;47m88[0;33;5;40;100m:[0;1;30;90;47m888[0;37;5;40;100m%[0;1;30;90;47m888[0;37;5;40;100m%[0;1;30;90;47m8[0;37;5;40;100m;[0;1;30;90;47m8[0;1;30;90;43m8[0;1;30;90;47m8[0;33;5;40;100m [0;1;30;90;47m8888[0;31;5;40;100m8[0;1;30;90;47m8[0;33;5;40;100m:[0;1;30;90;47m8[0;37;5;40;100mS[0;33;5;40;100m.[0;30;5;40;100m8[0;33;5;40;100m.t[0;31;5;40;100m@[0;30;5;40;100m@[0;32;5;40;100mX[0;1;30;90;41m8[0;33;5;40;100m%[0;1;30;90;47m88[0;33;47m8[0;1;30;90;47m88[0;33;47m8[0;1;30;90;47m8[0;33;47m@[0;1;30;90;47m8[0;33;47m8[0;1;30;90;47m88[0;33;5;40;100m [0;1;30;90;47m8[0;33;5;40;100m..:@[0;1;30;90;40m8[0;31;40mX[0;32;40m8[0;1;30;90;40m88[0;33;5;40;100m8[0;30;5;40;100mS[0m
[0;1;30;90;40m88[0;31;5;40;100m8[0;30;5;40;100m8[0;32;5;40;100mS[0;33;5;40;100m8[0;36;5;40;100m%[0;33;5;40;100mS   [0;37;5;40;100m888[0;1;30;90;47m8[0;33;5;40;100m . [0;1;30;90;47m@[0;37;5;40;100m88[0;33;5;40;100m [0;37;5;40;100m8[0;33;5;40;100m  @[0;1;30;90;40m@[0;33;5;40;100m@[0;31;5;40;100m@[0;33;5;40;100m@[0;30;5;40;100mXX[0;33;5;40;100m88[0;31;5;40;100mX[0;33;5;40;100m88@::: [0;1;30;90;47m8[0;33;5;40;100m [0;1;30;90;47mX8@@@@8[0;33;5;40;100m [0;1;30;90;47mX88[0;33;5;40;100m [0;33;47m8[0;1;30;90;47m8[0;1;30;90;43m8[0;1;30;90;47m8[0;33;47m8[0;33;5;40;100m [0;1;30;90;47m8[0;1;30;90;43m8[0;1;30;90;47m8[0;33;5;40;100m [0;1;30;90;47m88[0;33;5;40;100m.[0;1;30;90;47m8[0;37;5;40;100mt[0;33;47m8[0;1;30;90;47m8[0;33;5;40;100m:[0;33;47m8[0;33;5;40;100m [0;33;47m8[0;37;5;40;100m;[0;1;30;90;47m8[0;1;30;90;43m8[0;1;30;90;47m8[0;33;5;40;100m.[0;1;30;90;47m8[0;33;5;40;100m [0;1;30;90;47m88[0;33;47m8[0;1;30;90;47m8[0;37;5;40;100m;[0;1;30;90;47m8[0;33;5;40;100m.@[0;37;5;40;100mt[0;1;30;90;47m8[0;1;30;90;43m8[0;1;30;90;47m88[0;31;40m@[0;31;5;40;100mX[0;33;5;40;100m8[0;30;5;40;100m@[0;33;5;40;100m8[0;31;40m8[0;33;5;40;100mS[0;1;30;90;47m88[0;33;47m8[0;1;30;90;47m8[0;33;47m8[0;1;30;90;47m88[0;33;47m8[0;1;30;90;47m888[0;1;30;90;43m8[0;1;30;90;47m8[0;37;43m8[0;1;30;90;47m8[0;33;47m8[0;1;30;90;47m88[0;33;5;40;100m  8[0;31;40m8[0;32;40m8[0;31;40mX[0;32;40mX[0;31;40mS[0m
[0;37;5;40;100m88@8@SS888[0;33;5;40;100m [0;37;5;40;100m8[0;33;5;40;100m;:;t@[0;30;5;40;100m@[0;31;5;40;100mX[0;30;5;40;100m@[0;33;5;40;100m8[0;31;5;40;100mX[0;32;5;40;100mX[0;31;5;40;100mS[0;33;5;40;100m8[0;30;5;40;100m8[0;33;5;40;100mt[0;31;5;40;100mS[0;32;5;40;100mS[0;35;5;40;100mt[0;33;5;40;100mX;.   [0;37;5;40;100mX[0;33;5;40;100m [0;1;30;90;47m8[0;37;5;40;100m@[0;1;30;90;47m88[0;33;5;40;100m.[0;1;30;90;47m%[0;33;5;40;100m:[0;1;30;90;47m8[0;1;30;90;43m8[0;1;30;90;47m8[0;33;5;40;100m [0;33;47m8[0;37;5;40;100m@[0;33;47m8[0;33;5;40;100m [0;33;47m8[0;37;5;40;100mS[0;1;30;90;47m8[0;33;5;40;100m.[0;1;30;90;47m88[0;33;5;40;100m.[0;1;30;90;47m88[0;33;5;40;100m [0;1;30;90;47m88[0;33;47m8[0;33;5;40;100m [0;33;47m8[0;1;30;90;47m8[0;37;5;40;100mt[0;1;30;90;47m8[0;33;5;40;100m.[0;1;30;90;47m88[0;33;5;40;100m.[0;1;30;90;47m88[0;1;30;90;43m8[0;1;30;90;47m88[0;33;5;40;100m [0;33;47m@[0;1;30;90;47m88[0;1;30;90;43m8[0;1;30;90;47m8[0;35;5;40;100m [0;1;30;90;47m8[0;33;47m8[0;33;5;40;100m [0;1;30;90;47m8[0;31;5;40;100m8[0;37;5;40;100m@[0;1;30;90;47m88[0;1;30;90;43m8[0;33;5;40;100mS[0;31;40mt[0;32;40m@[0;31;5;40;100mS[0;32;40m8[0;33;5;40;100m8%[0;37;5;40;100m8[0;1;30;90;47m8[0;1;30;90;43m8[0;1;30;90;47m88[0;35;5;40;100m:[0;33;47m8[0;37;45m8[0;37;43m8[0;1;30;90;47m8[0;33;47m8[0;1;30;90;47m88[0;1;30;90;43m8[0;1;30;90;47m8[0;33;5;40;100mt.[0;37;43m8[0;37;5;40;100mt[0;33;47m8[0;1;30;90;47m8[0;33;5;40;100m..8[0;32;40m%[0;1;30;90;40m8[0;32;40m@[0m
[0;31;5;40;100mS[0;32;5;40;100mX[0;31;5;40;100mS[0;30;5;40;100m@[0;31;5;40;100mS[0;33;5;40;100m8[0;30;5;40;100m8[0;31;5;40;100mX[0;32;5;40;100mS[0;33;5;40;100m8X@%tt[0;35;5;40;100m:[0;33;5;40;100m::;:.   [0;37;5;40;100m@S[0;33;5;40;100m [0;37;5;40;100m8[0;33;5;40;100m [0;37;5;40;100m@[0;33;5;40;100m [0;1;30;90;47m8[0;37;5;40;100m@8[0;1;30;90;47m8[0;33;5;40;100m [0;1;30;90;47m@[0;37;5;40;100m@[0;33;5;40;100m:[0;1;30;90;47m8[0;1;30;90;43m8[0;1;30;90;47m8[0;1;30;90;43m8[0;1;30;90;47m8[0;33;5;40;100m [0;1;30;90;47m8[0;37;5;40;100mX[0;1;30;90;47m8[0;33;5;40;100m.[0;1;30;90;47m8[0;33;5;40;100m:[0;1;30;90;47m8[0;37;5;40;100m%t[0;1;30;90;47m8[0;1;30;90;43m8[0;1;30;90;47m8[0;33;5;40;100m.[0;1;30;90;47m8[0;37;43m8[0;35;5;40;100m [0;1;30;90;47m8[0;33;47m8[0;33;5;40;100m [0;37;5;40;100mt[0;1;30;90;47m8[0;33;5;40;100m [0;1;30;90;47m8[0;33;5;40;100m:[0;1;30;90;47m8[0;1;30;90;43m8[0;1;30;90;47m8[0;33;5;40;100m:[0;1;30;90;47m8[0;1;30;90;43m8[0;1;30;90;47m8[0;35;5;40;100m [0;1;30;90;47m88[0;35;5;40;100m [0;1;30;90;47m88[0;1;30;90;43m8[0;1;30;90;47m88[0;35;5;40;100m [0;1;30;90;47m8[0;33;5;40;100m.[0;1;30;90;47m8[0;33;47m8[0;35;5;40;100m:[0;31;5;40;100m8[0;33;5;40;100mt8[0;1;30;90;41m8[0;31;5;40;100mXS[0;30;5;40;100m@[0;31;5;40;100mS[0;33;5;40;100m8: [0;1;30;90;47m8[0;33;5;40;100m.[0;33;47m@[0;1;30;90;47m8[0;33;5;40;100m.[0;33;47m8[0;35;47m8[0;37;43m8[0;1;30;90;47m8[0;33;5;40;100m [0;33;47m8[0;35;47m@[0;33;47m8[0;35;47m8[0;1;30;90;47m8[0;1;30;90;43m8[0;35;47m8[0;1;30;90;43m8[0;1;30;90;47m8[0;33;5;40;100m.[0;1;30;90;47m8[0;1;30;90;43m8[0;1;30;90;47m8[0;37;5;40;100mX[0;33;5;40;100m :[0;31;5;40;100m8[0;32;40m%[0m
[0;33;5;40;100m%%%t;...  [0;37;5;40;100m%[0;35;5;40;100m [0;37;5;40;100mS%[0;33;5;40;100m [0;37;5;40;100mX[0;33;5;40;100m [0;37;5;40;100m8[0;33;5;40;100m [0;37;5;40;100m8[0;33;5;40;100m [0;1;30;90;47m@[0;37;5;40;100m8[0;33;5;40;100m [0;1;30;90;47m8[0;33;5;40;100m.[0;1;30;90;47m8[0;33;5;40;100m.[0;1;30;90;47m8[0;33;5;40;100m:[0;1;30;90;47m8[0;33;5;40;100m% [0;1;30;90;43m8[0;1;30;90;47m8[0;33;5;40;100m:[0;1;30;90;43m8[0;1;30;90;47m8[0;33;5;40;100m.[0;1;30;90;47m8[0;33;5;40;100m [0;1;30;90;47m8[0;33;5;40;100m [0;1;30;90;47m8[0;1;30;90;43m8[0;37;5;40;100mS[0;33;5;40;100m;[0;1;30;90;43m8[0;1;30;90;47m8[0;33;5;40;100m;[0;1;30;90;47m8[0;1;30;90;43m8[0;1;30;90;47m8[0;33;5;40;100m:[0;1;30;90;47m8[0;37;5;40;100m;[0;1;30;90;47m8[0;1;30;90;43m8[0;1;30;90;47m8[0;35;5;40;100m.[0;1;30;90;47m8[0;33;5;40;100m;[0;37;5;40;100m;[0;1;30;90;47m8[0;1;30;90;43m8[0;1;30;90;47m8[0;37;5;40;100m;[0;1;30;90;47m8[0;1;30;90;43m8[0;1;30;90;47m88[0;37;5;40;100m:[0;1;30;90;47m888[0;37;5;40;100m:[0;1;30;90;47m88[0;33;5;40;100m.[0;33;47m8[0;35;5;40;100m [0;1;30;90;47m8[0;35;5;40;100m.[0;1;30;90;47m8[0;33;5;40;100m.[0;1;30;90;47m8[0;1;30;90;43m8[0;1;30;90;47m8[0;35;5;40;100m [0;33;5;40;100m.[0;1;30;90;41m@[0;31;5;40;100m@[0;33;5;40;100m8[0;31;40m8[0;30;5;40;100m@[0;33;5;40;100m8[0;31;5;40;100m@[0;33;5;40;100m@[0;31;5;40;100mS[0;33;5;40;100m [0;1;30;90;47m88[0;33;47m8[0;1;30;90;47m8[0;33;5;40;100m [0;33;47m8[0;1;30;90;47m8[0;33;47m8[0;37;5;40;100m.[0;1;30;90;47m8[0;33;47m8[0;35;47m8[0;37;43m8[0;1;30;90;47m8[0;1;30;90;43m8[0;1;30;90;47m8[0;1;30;90;43m8[0;35;47m8[0;1;30;90;43m8[0;1;30;90;47m8[0;35;5;40;100m;[0;37;43m8[0;35;5;40;100m:[0;1;30;90;47m8[0;1;30;90;43m8[0;1;30;90;47m88[0;33;5;40;100mt:S[0m
[0;33;5;40;100m     [0;37;5;40;100m@[0;33;5;40;100m.[0;37;5;40;100m8[0;33;5;40;100m.[0;37;5;40;100m8[0;33;5;40;100m.[0;37;5;40;100m@[0;33;5;40;100m [0;37;5;40;100m8[0;33;5;40;100m [0;1;30;90;47m8[0;33;5;40;100m;[0;37;5;40;100m8[0;33;5;40;100m:[0;1;30;90;47m8[0;1;30;90;43m8[0;37;5;40;100mX[0;33;5;40;100m:[0;33;47m8[0;33;5;40;100m.[0;1;30;90;47m8[0;1;30;90;43m8[0;1;30;90;47m8[0;33;5;40;100mt[0;1;30;90;47m8[0;1;30;90;43m8[0;1;30;90;47m8[0;37;5;40;100mXS[0;33;5;40;100m:[0;1;30;90;47m8[0;37;5;40;100m%[0;33;5;40;100m.[0;33;47m8[0;33;5;40;100m:[0;1;30;90;47m8[0;1;30;90;43m8[0;1;30;90;47m8[0;33;5;40;100m:[0;1;30;90;47m8[0;33;5;40;100m.[0;1;30;90;47m88[0;33;5;40;100m:[0;1;30;90;47m8[0;33;5;40;100m;[0;1;30;90;47m8[0;33;5;40;100m;[0;1;30;90;47m8[0;1;30;90;43m8[0;37;5;40;100m;:[0;1;30;90;47m8[0;33;5;40;100m:[0;1;30;90;47m8[0;1;30;90;43m8[0;1;30;90;47m8[0;33;5;40;100m.[0;1;30;90;47m8[0;35;5;40;100m [0;1;30;90;47m8[0;1;30;90;43m8[0;35;47m8[0;37;5;40;100m;:[0;1;30;90;47m8[0;37;43m8[0;35;5;40;100m.[0;33;47m8[0;35;5;40;100m:[0;33;47m8[0;35;5;40;100m:[0;33;47m8[0;35;5;40;100m:[0;1;30;90;47m8[0;1;30;90;43m8[0;35;47m8[0;1;30;90;43m8[0;1;30;90;47m8[0;33;5;40;100m:[0;1;30;90;47m8[0;35;5;40;100m;[0;1;30;90;43m8[0;31;5;40;100mS[0;1;30;90;43m8[0;31;5;40;100m8[0;1;30;90;40m8[0;33;5;40;100m8[0;31;5;40;100mS[0;33;5;40;100m8[0;30;5;40;100m@[0;33;5;40;100m;.[0;37;5;40;100m@[0;1;30;90;47m8[0;1;30;90;43m8[0;1;30;90;47m8[0;33;5;40;100m:[0;33;47m8[0;1;30;90;47m8[0;1;30;90;43m8[0;35;47m8[0;37;43m8[0;35;47m8[0;1;30;90;43m8[0;1;30;90;47m8[0;1;30;90;43m8[0;35;47mX[0;1;30;90;47m88[0;1;30;90;43m8[0;35;47m8[0;1;30;90;43m8[0;35;5;40;100m.[0;33;5;40;100m.[0;33;47m8[0;1;30;90;45m8[0;37;43m8[0;35;5;40;100m:[0;1;30;90;47m8[0;1;30;90;43m8[0;35;5;40;100m.[0;33;47m8[0;35;5;40;100m;[0;33;5;40;100mX[0m
[0;33;5;40;100m  [0;37;5;40;100m8[0;33;5;40;100m. :.:.: ..[0;1;30;90;43m8[0;37;5;40;100mX[0;33;5;40;100mt..[0;33;47m8[0;33;5;40;100m:[0;37;5;40;100m%[0;33;5;40;100m: .::[0;37;5;40;100mt[0;33;5;40;100m;..[0;37;5;40;100m%[0;33;5;40;100m:.[0;1;30;90;47m8[0;1;30;90;43m8[0;37;5;40;100mt[0;1;30;90;47m8[0;33;5;40;100m;[0;37;5;40;100mt[0;33;5;40;100m.[0;37;5;40;100m%;[0;33;5;40;100m.[0;1;30;90;47m8[0;1;30;90;43m8[0;1;30;90;47m8[0;33;5;40;100mt.[0;1;30;90;47m8[0;1;30;90;43m8[0;37;5;40;100mt[0;33;5;40;100m [0;1;30;90;47m8[0;33;5;40;100mt[0;1;30;90;47m8[0;33;5;40;100m [0;33;47m8[0;35;5;40;100m:[0;1;30;90;47m8[0;33;5;40;100m:[0;1;30;90;47m8[0;37;5;40;100m:[0;1;30;90;47m8[0;37;43m8[0;35;47m8[0;33;5;40;100m;[0;1;30;90;47m8[0;33;5;40;100m;[0;1;30;90;47m8[0;1;30;90;43m8[0;35;47m8[0;33;5;40;100m [0;1;30;90;47m8[0;35;5;40;100m.[0;1;30;90;47m8[0;33;5;40;100m [0;1;30;90;47m8[0;33;5;40;100m [0;33;47m8[0;37;45m8[0;1;30;90;47m8[0;1;30;90;43m8[0;35;5;40;100mS[0;33;41m@[0;1;30;90;41m88[0;33;5;40;100m8%[0;31;5;40;100mS@[0;33;5;40;100m8[0;31;5;40;100mS[0;33;5;40;100mt  [0;1;30;90;47m8[0;37;5;40;100m@8[0;1;30;90;43m8[0;1;30;90;47m88[0;33;47m8[0;1;30;90;47m8[0;33;5;40;100m [0;33;47m@[0;35;47m8[0;37;43m8[0;1;30;90;47m8[0;33;47m8[0;35;47m8[0;33;47m8[0;1;30;90;47m@[0;33;47m8[0;35;5;40;100m [0;1;31;91;47m8[0;35;5;40;100m [0;33;5;40;100m [0;1;30;90;47m8[0;1;30;90;43m8[0;35;47m8[0;1;30;90;43m8[0;37;5;40;100m;[0;33;5;40;100m.[0;33;47m8[0;1;30;90;45m8[0;1;30;90;43m8[0;35;5;40;100m.[0;33;5;40;100m..%[0m
[0;33;5;40;100m..;  [0;1;30;90;47m8[0;1;30;90;43m8[0;37;5;40;100mS[0;33;5;40;100m: [0;37;43m8[0;33;5;40;100m.[0;37;5;40;100m@[0;33;5;40;100m : [0;33;47m8[0;33;5;40;100m:. .[0;1;30;90;47m8[0;1;30;90;43m8[0;1;30;90;47m8[0;33;5;40;100m;[0;37;5;40;100mS[0;33;5;40;100m:[0;1;30;90;47m8[0;1;30;90;43m8[0;1;30;90;47m8[0;33;5;40;100m;[0;1;30;90;47m8[0;1;30;90;43m8[0;35;5;40;100m [0;1;30;90;47m8[0;33;5;40;100mt:[0;37;5;40;100m%[0;1;30;90;43m8[0;1;30;90;47m8[0;33;5;40;100m;[0;1;30;90;47m8[0;1;30;90;43m8[0;35;5;40;100m.[0;1;30;90;47m8[0;33;5;40;100m;[0;37;5;40;100m;[0;1;30;90;47m8[0;33;5;40;100mt[0;1;30;90;47m8[0;37;5;40;100m:[0;33;47m8[0;37;5;40;100m;[0;1;30;90;47m8[0;33;5;40;100m [0;1;30;90;47m8[0;35;5;40;100m.[0;1;30;90;47m8[0;1;30;90;43m8[0;35;47m8[0;33;5;40;100m;[0;1;30;90;47m8[0;33;5;40;100m;[0;35;5;40;100m [0;1;30;90;47m8[0;1;30;90;43m8[0;1;30;90;47m8[0;33;5;40;100m.[0;1;30;90;47m8[0;37;5;40;100m:[0;33;47m8[0;37;5;40;100m:[0;33;47m8[0;37;5;40;100m:[0;33;47m8[0;35;5;40;100m.[0;1;30;90;43m8[0;35;47m8[0;31;43m8[0;33;5;40;100m@[0;1;30;90;41m8[0;33;5;40;100mX8[0;31;5;40;100mS[0;32;5;40;100mS[0;31;40m8[0;33;5;40;100m8[0;1;30;90;41m8[0;33;5;40;100m8t: [0;1;30;90;47m8[0;37;5;40;100m8[0;33;5;40;100m [0;33;47m8[0;33;5;40;100m.[0;1;30;90;47m88[0;1;30;90;43m8[0;1;30;90;47m8[0;35;5;40;100m.[0;33;47m8[0;35;47m8[0;1;30;90;43m8[0;1;30;90;47m8[0;33;5;40;100m [0;1;30;90;47m8[0;1;30;90;43m8[0;1;30;90;47m888[0;1;30;90;43m8[0;1;30;90;47m8[0;33;5;40;100m:[0;33;47m8[0;33;5;40;100m.[0;1;30;90;47m8[0;33;5;40;100m;[0;1;30;90;43m8[0;35;47m8[0;1;30;90;43m8[0;1;30;90;47m8[0;1;30;90;43m8[0;1;30;90;47m8[0;33;5;40;100m [0;33;47m8[0;35;5;40;100m:[0;1;30;90;43m8[0;35;5;40;100m [0m
[0;33;5;40;100m.. .[0;1;30;90;43m8[0;33;5;40;100m  t:: :;  ..[0;37;5;40;100m%[0;33;5;40;100m:[0;37;5;40;100mX[0;1;30;90;43m8[0;35;5;40;100m  [0;33;5;40;100m..[0;1;30;90;43m8[0;37;5;40;100mt[0;33;5;40;100m:[0;35;5;40;100m [0;33;5;40;100m.::[0;37;5;40;100m;[0;33;5;40;100m :[0;37;5;40;100m;[0;1;30;90;43m8[0;1;30;90;47m8[0;35;5;40;100m:[0;33;5;40;100m [0;1;30;90;47m8[0;33;5;40;100mt[0;1;30;90;47m8[0;33;5;40;100m  [0;1;30;90;47m8[0;1;30;90;43m8[0;1;30;90;47m88[0;37;5;40;100m:[0;1;30;90;47m8[0;35;5;40;100m [0;1;30;90;47m8[0;1;30;90;43m8[0;1;30;90;47m8[0;33;5;40;100m.[0;33;47m8[0;35;5;40;100m;[0;1;30;90;47m8[0;33;5;40;100mt[0;1;30;90;47m8[0;1;30;90;43m8[0;35;47m8[0;1;30;90;43m8[0;1;30;90;47m8[0;35;5;40;100m.[0;1;30;90;47m8[0;1;30;90;43m8[0;1;30;90;47m8[0;33;5;40;100m [0;37;5;40;100m:[0;1;30;90;47m8[0;33;5;40;100m.[0;1;30;90;43m8[0;31;5;40;100mS[0;1;30;90;41m@8[0;31;40m@[0;33;5;40;100m8[0;31;40mX[0;32;5;40;100mS[0;31;5;40;100m8[0;33;5;40;100m8[0;1;30;90;40m8[0;31;5;40;100mX[0;1;30;90;42m8[0;31;5;40;100m8[0;33;5;40;100mX[0;35;5;40;100m:[0;37;5;40;100mS[0;1;30;90;47m8[0;33;5;40;100m [0;33;47m8[0;33;5;40;100m [0;33;47m8[0;37;5;40;100mt[0;33;47m8[0;33;5;40;100m:[0;1;30;90;47m88[0;1;30;90;43m8[0;35;47m8[0;1;30;90;43m8[0;1;30;90;47m88[0;1;30;90;43m8[0;35;47m@[0;1;30;90;43m8[0;35;47m8[0;1;30;90;43m8[0;1;30;90;47m8[0;33;5;41;101m8[0;1;30;90;47m8[0;35;5;40;100m:[0;33;5;40;100m.[0;1;30;90;47m8[0;1;31;91;43m8[0;35;5;40;100m [0;1;30;90;47m8[0;33;5;40;100m;:[0;37;5;40;100m.[0;33;5;40;100m.[0;35;5;40;100m.[0;37;43m8[0;1;30;90;45m8[0;37;43m8[0;35;5;40;100m.[0;1;30;90;47m8[0;33;5;40;100mt[0m
[0;33;5;40;100m::. [0;37;5;40;100mX[0;33;5;40;100m;... ...[0;33;47m8[0;33;5;40;100m: [0;1;30;90;43m8[0;37;5;40;100m;[0;33;5;40;100m:.[0;37;5;40;100m;[0;33;5;40;100m  [0;1;30;90;43m8[0;1;30;90;47m8[0;35;5;40;100m:[0;33;5;40;100m.[0;37;5;40;100mt[0;33;5;40;100m.[0;1;30;90;47m8[0;33;5;40;100mt[0;37;5;40;100mt[0;1;30;90;47m8[0;1;30;90;43m8[0;1;30;90;47m8[0;35;5;40;100m [0;1;30;90;47m8[0;33;5;40;100m;[0;1;30;90;47m8[0;1;30;90;43m8[0;35;5;40;100m:[0;33;5;40;100m  [0;1;30;90;47m8[0;1;30;90;43m8[0;1;30;90;45m8[0;1;30;90;47m8[0;33;5;40;100m:[0;37;5;40;100m:[0;1;30;90;47m8[0;1;30;90;43m8[0;1;30;90;47m8[0;35;5;40;100m;[0;37;5;40;100m;[0;1;30;90;47m8[0;33;5;40;100m:[0;37;5;40;100m:[0;1;30;90;47m8[0;33;5;40;100mt[0;37;5;40;100m:[0;33;5;40;100m [0;1;30;90;47m8[0;33;5;40;100m:[0;1;30;90;47m8[0;33;5;40;100m:[0;1;30;90;47m8[0;33;5;40;100m;[0;1;30;90;47m8[0;33;5;40;100m:[0;33;47m8[0;33;5;40;100m;[0;1;30;90;43m8[0;1;30;90;41m8[0;31;5;40;100m88[0;30;42m8[0;33;5;40;100m88[0;30;5;40;100mX[0;33;5;40;100m8[0;31;40mS[0;1;30;90;40m8[0;30;5;40;100mX[0;31;5;40;100mS[0;33;5;40;100m8[0;31;5;40;100mS[0;33;5;40;100m. [0;1;30;90;47m8[0;33;5;40;100m.[0;33;47m8[0;1;30;90;47m8[0;33;5;40;100m:[0;33;47m8[0;37;5;40;100m;[0;1;30;90;47m8[0;33;5;40;100m:[0;33;47m8[0;33;5;40;100m:[0;1;30;90;47m8[0;33;5;40;100m [0;33;47m8[0;1;30;90;47m8[0;1;30;90;43m8[0;35;47m8[0;33;47m8[0;33;5;40;100m [0;1;30;90;47m8[0;1;37;97;47m [0;1;30;90;47m8[0;33;5;40;100m.[0;1;30;90;47m8[0;33;5;40;100m.[0;33;47m8[0;33;5;40;100m:.[0;1;30;90;47m8[0;33;5;40;100m;[0;1;30;90;43m8[0;35;47m8[0;1;30;90;43m8[0;1;30;90;47m8[0;33;5;41;101m@[0;1;30;90;47m8[0;33;5;40;100m.[0;33;47m8[0;35;5;40;100m;[0;1;30;90;43m8[0;1;30;90;45m8[0;1;30;90;43m8[0m
[0;33;5;40;100m:...;...[0;1;30;90;43m8[0;37;5;40;100m%[0;33;5;40;100m:[0;1;30;90;43m8[0;37;5;40;100m;[0;33;5;40;100m::[0;37;5;40;100mt[0;33;5;40;100m ....[0;33;47m8[0;35;5;40;100m [0;37;5;40;100m;[0;33;5;40;100m. [0;33;47m8[0;33;5;40;100m..[0;1;30;90;43m8[0;1;30;90;47m8[0;33;5;40;100mt[0;35;5;40;100m [0;1;30;90;47m8[0;33;5;40;100m.[0;1;30;90;47m8[0;33;5;40;100m:[0;1;30;90;47m8[0;35;5;40;100m:[0;37;5;40;100m;[0;1;30;90;47m8[0;33;5;40;100m:[0;33;47m8[0;35;5;40;100mt[0;1;30;90;47m8[0;33;5;40;100m;.[0;1;30;90;47m8[0;1;30;90;43m8[0;35;5;40;100m.[0;1;30;90;47m8[0;33;5;40;100mt[0;37;5;40;100m:[0;33;47m8[0;35;5;40;100mt[0;33;47m8[0;35;5;40;100m:[0;33;47m8[0;35;5;40;100m:[0;33;47m8[0;35;5;40;100m [0;33;47m8[0;35;5;40;100m.[0;33;47m8[0;35;5;40;100m.[0;1;30;90;43m8[0;35;5;40;100mS[0;33;41m8[0;31;5;40;100m8[0;1;30;90;41mS[0;31;40m8[0;31;5;40;100m8[0;1;30;90;40m8[0;32;40mSS[0;31;40m@[0;32;40mS[0;1;30;90;40m8[0;32;40mS[0;31;5;40;100m@[0;33;5;40;100m@X%: [0;1;30;90;47m8[0;37;5;40;100m8[0;33;5;40;100m [0;33;47m8[0;1;30;90;47m8[0;33;5;40;100m;[0;33;47m8[0;37;5;40;100m;[0;1;30;90;47m8[0;1;30;90;43m8[0;1;30;90;47m8[0;33;47m8[0;1;30;90;45m8[0;33;47m8[0;1;30;90;43m8[0;35;47m8[0;1;30;90;43m8[0;35;47m8[0;33;47m8[0;33;5;40;100m.[0;1;30;90;47m8[0;33;47m8[0;1;37;97;47m [0;1;31;91;43m8[0;1;30;90;47m8[0;33;5;40;100m.[0;33;47m8[0;35;5;40;100m:[0;33;5;40;100m [0;33;47m8[0;35;5;40;100m:[0;1;30;90;43m8[0;35;47m8[0;33;5;40;100m;[0;1;30;90;43m8[0;1;30;90;45m8[0;37;5;40;100mXS[0;33;5;40;100m; .[0;33;47m8[0;37;5;40;100m;[0;33;47m8[0;35;5;40;100m:[0m
[0;33;5;40;100m:.::.:;  ; [0;37;5;40;100m;[0;33;5;40;100m::::.[0;33;47m8[0;33;5;40;100m:[0;1;30;90;47m8[0;1;30;90;43m8[0;35;5;40;100m;[0;33;5;40;100m  [0;33;47m8[0;35;5;40;100m;[0;33;5;40;100m;.[0;1;30;90;47m8[0;35;5;40;100m [0;1;30;90;47m88[0;33;5;40;100m.[0;37;5;40;100m:[0;33;5;40;100m::.:[0;1;30;90;47m8[0;1;30;90;43m8[0;35;5;40;100m.[0;1;30;90;47m8[0;33;5;40;100mt..[0;1;30;90;47m8[0;1;30;90;43m8[0;35;5;40;100m [0;1;30;90;47m8[0;35;5;40;100m.[0;33;5;40;100m [0;1;30;90;47m8[0;33;5;40;100m:[0;35;5;40;100m [0;37;5;40;100m:[0;33;5;40;100m [0;1;30;90;47m8[0;33;5;40;100m;[0;37;5;40;100m:[0;1;30;90;47m8[0;33;5;40;100m. [0;1;30;90;43m8[0;1;30;90;41m%8[0;31;40m8[0;33;5;40;100m8[0;1;30;90;40m8[0;30;5;40;100m@[0;1;30;90;40m8[0;32;5;40;100m8[0;1;30;90;40m@88[0;30;5;40;100mX[0;1;30;90;40m8[0;30;5;40;100m@[0;31;5;40;100m@[0;33;5;40;100m@: [0;37;5;40;100mXX8[0;33;5;40;100m [0;33;47m8[0;33;5;40;100m.[0;33;47m8[0;33;5;40;100m [0;33;47m8[0;35;5;40;100m [0;1;30;90;47m8[0;1;30;90;43m8[0;35;47m8[0;33;47m8[0;1;30;90;45m8[0;37;43m8[0;1;30;90;47m8[0;33;5;40;100m.[0;1;30;90;47m8[0;33;47m8[0;35;5;40;100m.[0;33;47m8[0;35;5;40;100m;[0;33;47m8[0;1;30;90;45m8[0;37;43m8[0;35;5;40;100m.[0;1;30;90;47m8[0;33;5;40;100m:[0;33;47m8[0;1;30;90;45m8[0;37;43m8[0;35;5;40;100m.[0;1;30;90;43m8[0;35;47m8[0;1;30;90;43m8[0;37;5;40;100m:[0;1;30;90;47m8[0;33;5;40;100m;[0;1;30;90;43m8[0;33;5;40;100m [0;1;30;90;43m8[0;1;30;90;47m8[0;1;30;90;43m8[0;35;47m8[0;1;30;90;43m8[0;1;30;90;45m8[0;1;30;90;43m8[0;1;30;90;47m8[0m
[0;33;5;40;100m:::.:::....:...[0;37;43m8[0;35;5;40;100m;[0;33;5;40;100m:;;[0;35;5;40;100m:[0;33;5;40;100m:.::.  [0;1;30;90;47m8[0;33;5;40;100m;::[0;1;30;90;47m8[0;1;30;90;43m8[0;37;5;40;100mt:[0;33;47m8[0;35;5;40;100m;[0;33;5;40;100m;[0;37;5;40;100m;[0;33;5;40;100m.; [0;33;47m8[0;33;5;40;100m..[0;1;30;90;47m8[0;33;5;40;100m: [0;33;47m8[0;35;5;40;100m:[0;1;30;90;43m8[0;35;47m8[0;1;30;90;43m8[0;1;30;90;47m8[0;1;30;90;43m8[0;35;47m8[0;1;30;90;43m8[0;35;5;40;100m;[0;31;43m8[0;33;5;40;100m%[0;1;30;90;41m8[0;30;41m8[0;32;40m88[0;1;30;90;40m8[0;32;40mX[0;30;5;40;100m@[0;32;40m8[0;31;5;40;100m@[0;32;40m@[0;31;5;40;100m@[0;32;40m8[0;31;5;40;100mS[0;33;5;40;100m8[0;30;5;40;100m@[0;33;5;40;100m8t [0;37;5;40;100m@@[0;33;5;40;100m:[0;33;47m8[0;33;5;40;100m [0;33;47m8[0;37;5;40;100mt[0;33;47m8[0;37;5;40;100m:[0;1;30;90;47m8[0;33;5;40;100m;[0;33;47m8[0;1;30;90;45m8[0;33;47m8[0;33;5;40;100m;.[0;33;47m8[0;35;5;40;100m:[0;37;43m8[0;1;30;90;47m8[0;1;31;91;43m8[0;1;30;90;47m8[0;37;5;40;100m:[0;1;30;90;47m8[0;1;30;90;43m8[0;1;30;90;47m8[0;1;30;90;43m8[0;35;47m8[0;1;30;90;43m8[0;1;30;90;47m8[0;33;5;40;100m;:[0;1;30;90;43m8[0;35;5;40;100m.[0;1;30;90;47m8[0;35;5;40;100mt[0;1;30;90;43m8[0;1;30;90;45m8[0;1;30;90;43m8[0;35;5;40;100m.[0;33;5;40;100m.[0;1;30;90;47m8[0;1;30;90;43m8[0;1;30;90;45m8[0;1;30;90;43m8[0;35;5;40;100m.[0;33;5;40;100m:[0;1;30;90;47m8[0;1;30;90;43m8[0;1;30;90;47m8[0;33;5;40;100mS[0m
[0;33;5;40;100m:..  [0;1;30;90;47m8[0;1;30;90;43m8[0;37;5;40;100m;[0;33;5;40;100m:::::.[0;37;5;40;100mt[0;33;5;40;100m.:.. [0;37;5;40;100mt[0;33;5;40;100m.[0;33;47m8[0;35;5;40;100m.[0;33;5;40;100m [0;1;30;90;47m8[0;1;30;90;43m8[0;35;5;40;100m.[0;33;5;40;100mt.[0;37;5;40;100m;[0;1;30;90;43m8[0;35;5;40;100m:[0;37;5;40;100m;[0;33;5;40;100m..:[0;1;30;90;43m8[0;1;30;90;47m8[0;33;5;40;100m;[0;37;5;40;100m:[0;33;47m8[0;35;5;40;100m;[0;37;5;40;100m.[0;1;30;90;47m8[0;1;30;90;43m8[0;35;5;40;100m;[0;33;5;40;100m . [0;1;30;90;47m8[0;33;5;40;100m:[0;1;30;90;43m8[0;35;5;40;100mS[0;1;30;90;41m%[0;31;5;40;100m@[0;30;41m8[0;31;5;40;100m@[0;1;30;90;41m8[0;33;5;40;100m8[0;31;5;40;100m8[0;33;5;40;100mSS[0;31;5;40;100mS[0;33;5;40;100m8[0;31;5;40;100mX[0;33;5;40;100m8[0;31;5;40;100m@[0;30;5;40;100mXS[0;33;5;40;100m8[0;31;5;40;100mS[0;33;5;40;100mS%t. [0;37;5;40;100mX[0;33;5;40;100m.[0;1;30;90;47m8[0;1;30;90;43m8[0;1;30;90;47m8[0;33;5;40;100m;[0;1;30;90;47m8[0;1;30;90;43m8[0;1;30;90;47m8[0;33;5;40;100m:[0;37;43m8[0;1;30;90;45m8[0;37;43m8[0;35;5;40;100m:[0;37;43m8[0;35;5;40;100m:[0;33;47m8[0;35;5;40;100m:[0;1;30;90;43m8[0;35;47m8[0;33;5;40;100mt[0;37;5;40;100m:[0;1;30;90;47m8[0;33;5;40;100m:[0;1;30;90;43m8[0;1;35;95;47mS[0;1;37;97;47m [0;1;30;90;47m8[0;33;5;40;100m%:[0;35;5;40;100m [0;1;30;90;43m8[0;1;30;90;45m8[0;37;43m8[0;1;30;90;45m8[0;1;30;90;43m8[0;35;5;40;100m;[0;1;30;90;43m8[0;35;5;40;100m.[0;33;47m8[0;35;5;40;100mt[0;1;30;90;43m8[0;1;30;90;45m8[0;1;30;90;43m8[0;35;5;40;100m;[0;33;5;40;100m:[0;35;5;40;100m [0;33;47m8[0;35;5;40;100mS[0;1;30;90;43m8[0;1;30;90;45m8[0;33;5;40;100m%:[0m
[0;33;5;40;100m. [0;37;5;40;100m8[0;1;30;90;43m8[0;33;5;40;100m ;[0;35;5;40;100m.[0;33;5;40;100mt:.[0;1;30;90;47m8[0;33;5;40;100m.[0;1;30;90;47m88[0;33;5;40;100mt [0;37;5;40;100mt[0;33;5;40;100m: [0;37;43m8[0;35;5;40;100m [0;33;5;40;100m...[0;1;30;90;43m8[0;35;5;40;100m; [0;33;5;40;100m .[0;1;30;90;43m8[0;1;30;90;47m8[0;35;5;40;100m;[0;33;5;40;100m..[0;33;47m8[0;35;5;40;100m;[0;1;30;90;47m8[0;35;5;40;100mt[0;33;5;40;100mt [0;1;30;90;47m8[0;33;5;40;100m%.[0;1;30;90;43m8[0;1;30;90;45m8[0;37;5;40;100m%[0;33;47m8[0;33;5;40;100mt[0;1;30;90;43m8[0;1;30;90;47m8[0;33;41m8[0;31;5;40;100m8[0;30;41m8[0;32;40m8[0;1;30;90;40m8[0;32;40m8[0;32;5;40;100mS[0;1;30;90;40m8[0;33;5;40;100m8[0;31;40mS[0;32;5;40;100mS[0;31;5;40;100mS[0;33;5;40;100m8[0;31;5;40;100mS[0;1;30;90;40m8[0;32;5;40;100mX[0;31;5;40;100m8[0;1;30;90;42m8[0;31;5;40;100mS[0;33;5;40;100m8[0;31;5;40;100mX[0;33;5;40;100mS [0;37;5;40;100mX[0;33;5;40;100m [0;1;30;90;47m8[0;1;30;90;43m8[0;1;30;90;47m8[0;1;30;90;43m8[0;37;5;40;100m;[0;1;30;90;47m8[0;1;30;90;43m8[0;37;5;40;100m:[0;33;5;40;100m.[0;1;30;90;47m8[0;1;30;90;43m8[0;1;30;90;45m8[0;37;43m8[0;33;5;40;100m. [0;33;47m8[0;1;30;90;45m8[0;1;30;90;43m8[0;37;5;40;100mt[0;1;30;90;47m8[0;33;5;40;100m.[0;37;43m8[0;35;5;40;100m [0;33;47m8[0;35;5;40;100m;[0;1;30;90;47m88[0;1;37;97;47m [0;1;30;90;43m8[0;1;30;90;45m8[0;1;30;90;43m8[0;1;30;90;47m8[0;33;5;40;100mt[0;35;5;40;100m.[0;1;30;90;43m8[0;35;5;40;100m:[0;33;5;40;100m:.[0;1;30;90;43m8[0;1;30;90;45m8[0;1;30;90;43m8[0;35;5;40;100m;[0;33;5;40;100m::[0;1;30;90;43m8[0;35;5;40;100mt[0;1;30;90;43m8[0;35;5;40;100m:[0;33;5;40;100m;%;.[0;1;30;90;43m8[0;35;5;40;100m [0;33;5;40;100m:[0m
[0;33;5;40;100m::.[0;37;5;40;100mS%[0;33;5;40;100m [0;37;5;40;100m%[0;33;5;40;100m [0;37;5;40;100mS[0;33;5;40;100m;;.[0;1;30;90;43m8[0;35;5;40;100m [0;33;5;40;100m..[0;1;30;90;43m8[0;1;30;90;47m8[0;33;5;40;100m;[0;35;5;40;100m;[0;33;5;40;100m:.[0;1;30;90;43m8[0;35;5;40;100m  [0;33;5;40;100m .[0;1;30;90;43m8[0;1;30;90;47m8[0;35;5;40;100mX[0;33;5;40;100mS....[0;1;30;90;43m8[0;35;5;40;100m:[0;1;30;90;43m8[0;35;5;40;100m.[0;1;30;90;47m8[0;31;43m8[0;35;5;40;100m [0;1;30;90;47m8[0;33;5;40;100m [0;1;30;90;43m8[0;33;5;40;100m.[0;31;5;40;100mX[0;1;30;90;41m8X[0;30;41m8[0;31;5;40;100mX[0;1;30;90;40m8[0;30;5;40;100m@[0;31;5;40;100m@[0;1;30;90;40m8[0;33;5;40;100m8[0;30;41m8[0;33;5;40;100m8[0;32;40mX[0;33;5;40;100m8[0;1;30;90;40m8[0;31;5;40;100mS[0;1;30;90;40m8[0;33;5;40;100m8[0;30;5;40;100m@[0;31;5;40;100m@[0;30;5;40;100mS[0;33;5;40;100m8@[0;35;5;40;100m;[0;33;5;40;100m; [0;1;30;90;47m8[0;1;30;90;43m8[0;1;30;90;47m8[0;33;5;40;100mt[0;1;30;90;47m8[0;33;5;40;100m;[0;1;30;90;47m8[0;1;30;90;43m8[0;35;5;40;100m:[0;1;30;90;47m8[0;1;30;90;43m8[0;35;47m8[0;1;30;90;43m8[0;1;30;90;45m8[0;33;47m8[0;35;5;40;100m [0;33;47m8[0;35;5;40;100m;[0;1;30;90;43m8[0;1;30;90;47m8[0;35;5;40;100m.[0;1;30;90;43m8[0;37;45m8[0;1;30;90;43m8[0;35;47m8[0;1;30;90;43m8[0;1;30;90;45m8[0;33;47m8[0;1;30;90;47m8[0;1;37;97;47m [0;33;47m8[0;35;5;40;100m;[0;1;30;90;43m8[0;35;5;40;100m:[0;1;30;90;43m8[0;1;30;90;45m8[0;37;43m8[0;35;5;40;100mt[0;1;30;90;43m8[0;35;5;40;100m [0;33;5;40;100m  [0;1;30;90;43m8[0;35;5;40;100m.[0;33;5;40;100m.[0;1;30;90;43m8[0;1;30;90;45m8[0;33;5;40;100m::[0;35;5;40;100m:[0;1;30;90;43m8[0;1;30;90;45m8[0;1;30;90;43m8[0;35;5;40;100m:[0;33;5;40;100m [0;1;30;90;47m8[0;1;30;90;43m8[0;35;5;40;100m:[0m
[0;33;5;40;100m [0;37;5;40;100m8[0;33;5;40;100m .:..[0;1;30;90;43m8[0;37;5;40;100m;[0;33;5;40;100m: [0;37;5;40;100m%[0;33;5;40;100m :. .%;;;.[0;35;5;40;100m.[0;33;5;40;100m .[0;37;43m8[0;35;5;40;100m;.[0;33;5;40;100m;;..[0;37;43m8[0;35;5;40;100m;[0;33;5;40;100m.[0;35;5;40;100m [0;1;30;90;47m8[0;35;5;40;100m:[0;1;30;90;43m8[0;35;5;40;100m:;[0;1;30;90;41m88[0;31;5;40;100mS[0;1;30;90;41m8[0;31;5;40;100mX[0;30;41m8[0;32;5;40;100m8[0;1;30;90;40m8[0;32;5;40;100m@[0;31;40mS[0;32;5;40;100mX[0;31;5;40;100mS[0;1;30;90;43mt[0;31;5;40;100mX[0;32;40m8[0;33;5;40;100m8[0;31;5;40;100mXXX[0;33;5;40;100m88[0;31;5;40;100mS[0;33;5;40;100mX%X;  [0;37;5;40;100m@[0;33;5;40;100m.[0;33;47m8[0;33;5;40;100m.[0;1;30;90;47m8[0;1;30;90;43m8[0;37;5;40;100m;[0;1;30;90;43m8[0;1;30;90;47m8[0;35;5;40;100mt[0;1;30;90;47m8[0;1;30;90;43m8[0;1;30;90;45m8[0;37;43m8[0;33;5;40;100m:[0;1;30;90;47m8[0;1;30;90;43m8[0;35;5;40;100m [0;33;5;40;100m [0;1;30;90;43m8[0;35;47m8[0;33;5;40;100m;[0;1;30;90;43m8[0;35;47m8[0;1;30;90;43m8[0;33;5;40;100m [0;37;5;40;100m;[0;1;30;90;43m8[0;35;5;40;100m [0;1;30;90;47m8[0;33;47m8[0;1;30;90;47m8[0;1;30;90;43m8[0;1;30;90;45m8[0;1;30;90;43m8[0;37;5;40;100mt[0;35;5;40;100m.[0;33;5;40;100m.[0;1;30;90;43m8[0;1;30;90;45m8[0;1;30;90;43m8[0;35;5;40;100m.[0;33;5;40;100m.[0;1;31;91;43m8[0;37;5;40;100mX[0;35;5;40;100m:[0;33;5;40;100m.. [0;1;30;90;43m8[0;35;5;40;100m [0;1;30;90;43m8[0;1;30;90;45m8[0;1;30;90;43m8[0;33;5;40;100m .[0;1;30;90;43m8[0;1;30;90;45m8[0;1;30;90;43m8[0;1;30;90;45m8[0;1;30;90;43m8[0m
[0;33;5;40;100m:: [0;1;30;90;47m8[0;1;30;90;43m8[0;37;5;40;100m;%[0;33;5;40;100m  .[0;1;30;90;43m8[0;37;5;40;100m:[0;33;5;40;100m::[0;1;30;90;43m8[0;35;5;40;100m [0;33;5;40;100m.;[0;35;5;40;100m;[0;33;5;40;100mt::.[0;1;30;90;43m8[0;35;5;40;100m..[0;33;5;40;100m...:: [0;35;5;40;100m [0;1;30;90;43m8[0;1;30;90;47m8[0;1;30;90;43m8[0;33;5;40;100mS[0;1;30;90;41m8[0;31;5;40;100m8[0;30;41m@[0;32;5;40;100mS[0;31;40mS[0;32;40m8[0;31;40m8[0;33;5;40;100m88[0;1;30;90;40m8[0;31;5;40;100mX[0;31;40m@[0;30;5;40;100m@X[0;1;30;90;41m8[0;1;30;90;42m8[0;31;40m8[0;33;5;40;100m88[0;1;30;90;40m8[0;30;5;40;100mX[0;32;5;40;100m@[0;31;5;40;100m@[0;30;5;40;100m@[0;31;5;40;100mS[0;33;5;40;100m@. [0;37;5;40;100mX[0;33;5;40;100m.[0;1;30;90;47m8[0;1;30;90;43m8[0;1;30;90;47m8[0;1;30;90;43m8[0;1;30;90;47m8[0;33;5;40;100m;.[0;1;30;90;47m8[0;33;5;40;100m.[0;35;47m8[0;1;30;90;43m88[0;1;30;90;45m8[0;1;30;90;43m8[0;1;30;90;47m8[0;33;5;40;100m;:[0;1;30;90;43m8[0;35;47m8[0;1;30;90;43m8[0;35;47m8[0;1;30;90;43m8[0;33;5;40;100m.[0;35;5;40;100m [0;33;5;40;100m.[0;1;30;90;43m8[0;1;30;90;45m8[0;37;43m8[0;35;5;40;100m:[0;37;5;40;100m:[0;1;30;90;43m8[0;35;5;40;100mt[0;33;5;40;100mt[0;35;5;40;100mt[0;1;30;90;43m8[0;35;5;40;100m [0;1;30;90;47m8[0;1;30;90;43m8[0;1;30;90;45m8[0;1;30;90;43m8[0;37;5;40;100mt[0;33;5;40;100m:[0;35;5;40;100m [0;33;5;40;100m. [0;35;5;40;100m [0;33;5;40;100m:;[0;1;30;90;43m8[0;1;30;90;45m8[0;1;30;90;43m8[0;35;5;40;100m:[0;33;5;40;100m::[0;1;30;90;43m8[0;35;5;40;100m;[0;33;5;40;100m:.:[0;1;30;90;43m8[0;35;5;40;100m:[0;33;5;40;100mt.[0m
[0;33;5;40;100m..::[0;37;5;40;100m;[0;33;5;40;100m...[0;1;30;90;43m8[0;37;5;40;100mt[0;35;5;40;100m [0;33;5;40;100m::.[0;35;5;40;100m.[0;33;5;40;100m::;;.:. [0;37;5;40;100m:[0;33;5;40;100m..[0;1;30;90;43m8[0;37;5;40;100mt[0;33;5;40;100m:[0;1;30;90;43m8[0;37;5;40;100m:[0;1;30;90;43m8[0;35;5;40;100m;[0;1;30;90;41m8@[0;31;40m88[0;32;40m8[0;1;30;90;40m8[0;32;40m8[0;31;40m8[0;32;5;40;100m8[0;1;30;90;40m8[0;33;5;40;100m8[0;1;30;90;40m88[0;32;40m8[0;33;5;40;100m888[0;32;40m8[0;33;5;40;100m8[0;1;30;90;41m8[0;1;30;90;42m8[0;31;40mX[0;33;5;40;100m8[0;31;5;40;100mS[0;33;5;40;100m8[0;31;5;40;100m8[0;33;5;40;100mSt: [0;37;5;40;100m@[0;33;5;40;100m.[0;33;47m8[0;33;5;40;100m.[0;1;30;90;47m8[0;33;5;40;100m:[0;1;30;90;47m8[0;33;5;40;100m:.[0;33;47m8[0;35;5;40;100m;[0;1;31;91;43m8[0;37;5;40;100mt[0;1;30;90;43m8[0;1;30;90;45m8[0;1;30;90;47m8[0;1;30;90;43m8[0;37;5;40;100mt[0;33;5;40;100m;.[0;1;30;90;47m8[0;35;5;40;100mt[0;1;30;90;43m8[0;35;5;40;100m:[0;1;30;90;43m8[0;1;30;90;45m8[0;37;43m8[0;35;5;40;100m.[0;1;30;90;47m8[0;33;5;40;100mt::[0;1;30;90;43m8[0;1;30;90;45m8[0;1;30;90;43m8[0;35;5;40;100m [0;1;30;90;43m8[0;1;30;90;45m8[0;33;47m8[0;35;5;40;100m%[0;1;30;90;43m8[0;1;30;90;45m8[0;1;30;90;43m8[0;35;5;40;100m [0;33;5;40;100m.[0;1;30;90;43m8[0;1;30;90;45m8[0;1;30;90;43m8[0;33;5;40;100m [0;1;30;90;43m8[0;1;30;90;45m8[0;1;30;90;43m8[0;35;5;40;100m.[0;1;30;90;43m8[0;1;30;90;45m8[0;1;30;90;43m8[0;35;5;40;100m:[0;33;5;40;100m.[0;35;5;40;100m:[0;1;30;90;43m8[0;1;30;90;45m8[0;1;30;90;43m8[0;1;30;90;45m8[0;1;30;90;43m8[0;35;5;40;100m.[0;33;5;40;100m:;[0m
[0;33;5;40;100m:.. :.[0;1;30;90;43m8[0;37;5;40;100m%[0;35;5;40;100m:[0;33;5;40;100m.::::::::;;::[0;1;30;90;43m8[0;35;5;40;100m.[0;1;30;90;43m8[0;1;30;90;47m8[0;35;5;40;100m;[0;1;30;90;43m8[0;31;5;40;100m8[0;1;30;90;41m@[0;31;40m88[0;31;5;40;100m@[0;32;40m@[0;1;30;90;40m8[0;32;5;40;100m8[0;1;30;90;40m8[0;31;5;40;100m8[0;1;30;90;40m8[0;33;5;40;100m8[0;32;40mX[0;1;30;90;41m8[0;32;40m8[0;30;5;40;100m8[0;31;40m8[0;32;5;40;100m@[0;31;40m8[0;32;40mX[0;31;5;40;100m8XX[0;1;30;90;40m8[0;32;5;40;100mS[0;31;5;40;100m8[0;33;5;40;100mX[0;31;5;40;100mX[0;33;5;40;100m%t.  [0;37;5;40;100m8[0;33;5;40;100m;[0;37;43m8[0;33;5;40;100m  [0;37;43m8[0;33;5;40;100m:[0;1;30;90;43m8[0;1;30;90;45m8[0;37;43m8[0;35;5;40;100m:[0;1;30;90;43m8[0;1;30;90;47m8[0;35;5;40;100m.[0;37;5;40;100m:[0;1;30;90;47m8[0;1;30;90;43m8[0;35;5;40;100m.[0;37;5;40;100m:[0;1;30;90;43m8[0;37;45m8[0;1;30;90;43m88[0;1;30;90;45m8[0;1;30;90;43m8[0;37;5;40;100m%[0;35;5;40;100m [0;1;30;90;43m8[0;35;5;40;100m:[0;1;30;90;43m8[0;1;30;90;45m8[0;1;30;90;43m8[0;35;5;40;100m [0;37;5;40;100m.:[0;37;43m8[0;1;30;90;45m8[0;33;5;40;100m: [0;1;30;90;43m8[0;35;5;40;100mt[0;1;30;90;43m8[0;35;5;40;100m%[0;1;30;90;43m8[0;35;5;40;100m.[0;33;5;40;100m...[0;1;30;90;43m8[0;35;5;40;100m:[0;33;5;40;100m..[0;1;30;90;43m8[0;1;30;90;45m8[0;33;5;40;100m:.[0;1;30;90;43m8[0;35;5;40;100m:[0;1;30;90;43m8[0;1;30;90;45m8[0;1;30;90;43m8[0;35;5;40;100m.[0;1;30;90;43m8[0;37;5;40;100mt[0;1;30;90;43m8[0;35;5;40;100m.[0;33;5;40;100m [0;1;30;90;43m8[0;35;5;40;100m:[0m
[0;33;5;40;100m:..:.[0;1;30;90;47m8[0;33;5;40;100m:.::..:::;:;;tt[0;35;5;40;100mS[0;31;5;40;100m88[0;1;30;90;41m@[0;30;41m8[0;33;5;40;100m8[0;1;30;90;41mX[0;1;30;90;40m88[0;32;40m8[0;30;5;40;100m8[0;1;30;90;40m88[0;32;40mX[0;31;40m8[0;32;5;40;100m8[0;31;40mS[0;32;40m8[0;31;5;40;100m8[0;32;40mX[0;1;30;90;40m8[0;1;30;90;41m8[0;1;30;90;42m8[0;1;30;90;41m8[0;32;40mX[0;30;5;40;100m8@@[0;33;5;40;100m8[0;32;5;40;100mS[0;31;5;40;100mX[0;33;5;40;100m8t.... [0;33;47m8[0;33;5;40;100m:[0;1;30;90;43m8[0;37;5;40;100mt[0;33;5;40;100m [0;33;47m8[0;35;5;40;100m:[0;33;5;40;100m.[0;1;30;90;47m8[0;1;30;90;43m8[0;33;5;40;100m .[0;33;47m8[0;1;30;90;45m8[0;1;30;90;43m8[0;35;5;40;100m [0;1;30;90;43m8[0;35;5;40;100m;[0;33;5;40;100m.[0;1;30;90;43m8[0;37;45m8[0;1;30;90;43m8[0;33;5;40;100m.[0;35;5;40;100m.[0;1;30;90;47m8[0;1;30;90;43m8[0;1;30;90;45m8[0;1;30;90;43m8[0;37;5;40;100mt[0;35;5;40;100m [0;1;30;90;47m8[0;1;30;90;43m8[0;33;5;40;100m [0;1;30;90;47m8[0;1;30;90;43m8[0;1;30;90;45m8[0;1;30;90;43m8[0;35;5;40;100m:[0;1;30;90;43m8[0;33;5;40;100m [0;1;30;90;43m8[0;1;30;90;45m8[0;1;30;90;43m8[0;35;5;40;100m;[0;33;5;40;100m;[0;35;5;40;100m:[0;1;30;90;43m8[0;35;5;40;100m;[0;1;30;90;43m8[0;1;30;90;45m8[0;1;30;90;43m8[0;35;5;40;100m:[0;1;30;90;43m8[0;1;30;90;45m8[0;1;30;90;43m8[0;33;5;40;100m.[0;1;30;90;43m8[0;35;5;40;100m;.[0;33;5;40;100m;[0;35;5;40;100m:[0;1;30;90;43m8[0;35;5;40;100m:[0;33;5;40;100m [0;35;5;40;100m [0;33;5;40;100m.[0;35;5;40;100m:[0;1;30;90;43m8[0;1;30;90;45m8[0;33;5;40;100m.:[0m
