[0;37;5;47;107m@@@888888[0;1;37;97;47m@[0;37;5;47;107m8[0;1;37;97;47m@[0;37;5;47;107m888888888@@XXS%%%SS%%%SSS%%%SXXX@XSSSS%%%%SSSSSSXXX@@88888[0;1;37;97;47m@[0;37;5;47;107m88[0;1;37;97;47m@[0;37;5;47;107m8[0;1;37;97;47m@@@@@@@@@@@@[0;37;5;47;107m8[0;1;37;97;47mX[0;37;5;47;107m8[0;1;37;97;47mX[0;37;5;47;107m8[0;1;37;97;47m@[0;37;5;47;107m88[0;1;37;97;47mX[0;37;5;47;107m8[0;1;37;97;47mXXXXSSSSSXXX@@@@[0;37;5;47;107m8[0;1;37;97;47m:[0;31;5;40;100mX[0;32;40mt[0;31;40m%[0;1;30;90;40m@X[0;32;40m;[0;1;30;90;40mX[0;32;40mt[0;31;40m%[0;32;40mt[0;31;40mt[0;32;40mt[0;31;40mt[0;34;40m;[0;32;40m;[0m
[0;37;5;47;107mXX@@888888888[0;1;37;97;47m@[0;37;5;47;107m88888@@@@XXS%%SS%%%%%SSSSSSXXSXSSSSS%S%%SSXXXXX@@@8888888[0;1;37;97;47m@[0;37;5;47;107m8[0;1;37;97;47m@[0;37;5;47;107m8[0;1;37;97;47m@[0;37;5;47;107m8[0;1;37;97;47m@[0;37;5;47;107m8[0;1;37;97;47mX[0;37;5;47;107m8[0;1;37;97;47mX[0;37;5;47;107m8[0;1;37;97;47mX[0;37;5;47;107m8[0;1;37;97;47m@[0;37;5;47;107m8[0;1;37;97;47mX[0;37;5;47;107m8[0;1;37;97;47m@[0;37;5;47;107m888[0;1;37;97;47mX[0;37;5;47;107m88[0;1;37;97;47mX[0;37;5;47;107m8[0;1;37;97;47mS@X@XXXXXXX@@[0;37;5;47;107m888@[0;1;30;90;47m8[0;32;40m%[0;1;30;90;40mX[0;32;40mt[0;31;40mt[0;1;30;90;40mX[0;31;40m;[0;32;40mt[0;34;40m;[0;31;40m;[0;32;40mt[0;34;40mt[0;32;40mt[0;31;40mt[0;32;40m:[0m
[0;37;5;47;107m@@X@888[0;1;37;97;47mX[0;37;5;47;107m8888888888@XSSS%S@@SS%%%%%SSSSSSSSSXSXS%%tttttSSX@@@@@@888888[0;1;37;97;47m@[0;37;5;47;107m8888888[0;1;37;97;47m@[0;37;5;47;107m8[0;1;37;97;47mX[0;37;5;47;107m8[0;1;37;97;47mX[0;37;5;47;107m8[0;1;37;97;47m@[0;37;5;47;107m88888888888[0;1;37;97;47mS[0;37;5;47;107m8[0;1;37;97;47mS[0;37;5;47;107m8[0;1;37;97;47mX[0;37;5;47;107m8[0;1;37;97;47mX[0;37;5;47;107m8[0;1;37;97;47mX[0;37;5;47;107m8[0;1;37;97;47mX[0;37;5;47;107m8[0;1;37;97;47m@[0;37;5;47;107m888888@[0;1;37;97;47m:[0;1;30;90;40m@@[0;31;40mt[0;32;40mt;[0;31;40m;;[0;32;40mt[0;34;40mt[0;31;40m%[0;32;40mt[0;31;40mt[0;34;40m:[0;32;40m:[0m
[0;37;5;47;107m888888888888XX@8XS%S%%%%%X@XX@SS%%SSXXSXSXXSXSXSS%%tt%SSXX@XX88888888888888888888888888888888888[0;1;37;97;47mS[0;37;5;47;107m8[0;1;37;97;47mS[0;37;5;47;107m88888[0;1;37;97;47m@[0;37;5;47;107m8888888888[0;1;37;97;47mt[0;30;5;40;100mXX[0;1;30;90;40m@[0;31;40mt[0;1;30;90;40m8[0;32;40mt[0;34;40m%[0;31;40mt[0;32;40mt[0;34;40mt[0;31;40m;[0;32;40m;[0;31;40m;[0;34;40m:[0m
[0;37;5;47;107m888888[0;1;37;97;47mX[0;37;5;47;107m8888@XXXXS%%%ttt;;%SX%SS%SS%S%SSX@XXXXXX@SSSSSSSSXX@@@888888888@X@8888888888888@XXXX8888888888888888888888888[0;1;37;97;47m%[0;33;5;40;100m t[0;36;5;40;100mX[0;30;5;40;100m88[0;31;40mt[0;32;40m%[0;1;30;90;40m8@[0;32;40m.[0;34;40m:[0;32;40m;[0;31;40m:[0m
[0;1;37;97;47m8[0;37;5;47;107m888888888@XXXXSS%%%tttt;;tS%%%%%%%%%%SX@XXXXXXXXSSSSSSXXXX@8@@@8888@@XX@@XXX@@@8888@XSSSSSSSX@@@@@@X@88@@8@@88888888@[0;1;37;97;47m [0;1;30;90;47mt[0;31;5;40;100mX[0;32;40mS[0;1;30;90;40m88[0;31;40mt[0;32;40m;[0;31;40mt[0;1;30;90;40mX[0;35;5;40;100m;[0;1;30;90;40m8[0m
[0;1;37;97;47m8[0;37;5;47;107m88[0;1;37;97;47mX[0;37;5;47;107m8[0;1;37;97;47mX[0;37;5;47;107m88888888@@XXXSSSS%tt%SSSSS%%%%%S%SSXSSSXXSSS%%%%SSSXXSXXXXSS%%%SXSSSSS%SSSSSSSSSS%%S%%%%%%S%t%S%SSSXXX@@888[0;1;37;97;47mS[0;37;5;47;107m8888888[0;34;5;40;100mS[0;1;30;90;40m8[0;36;5;40;100m.[0;34;5;40;100m%[0;31;40m;[0;30;5;40;100m@[0;1;30;90;40m@8[0;36;5;40;100mt[0m
[0;1;30;90;47mSX%t[0;1;37;97;47m     :;%%[0;37;5;47;107m8[0;1;37;97;47m%[0;37;5;47;107m88888888@XXS@8XSXXX%%%t%%S%%%%%%%tttttttt%t%%%%%%%%%%%%%S%S%S%SS%S%SSSS%S%%%%%%tt%%SSSSSSSSSX@@888888888[0;1;37;97;47mX[0;37;5;47;107m8[0;1;30;90;47m;8%[0;37;5;40;100m8X8[0;1;37;97;47m:[0;1;30;90;47mS[0;35;5;40;100m:[0m
[0;30;5;40;100m8@[0;34;5;40;100m@[0;1;30;90;40m8[0;34;5;40;100m@[0;34;40m8[0;36;5;40;100m8[0;34;40m8[0;36;5;40;100m8[0;1;30;90;44m8[0;30;5;40;100m@[0;34;5;40;100m@[0;1;30;90;44m8[0;1;30;90;40m8[0;34;5;40;100mS[0;30;44m8[0;36;5;40;100m8[0;34;40m8[0;36;5;40;100m@[0;35;5;40;100mt[0;36;5;40;100mX;;::::t%%ttt; [0;37;5;40;100mS[0;36;5;40;100m.  . [0;1;30;90;47m888888888888@8XX%%%[0;1;37;97;47m  [0;1;30;90;47m%[0;1;37;97;47m       ..::S[0;37;5;47;107m8[0;1;37;97;47m%S%S%%tS[0;37;5;47;107m8[0;1;37;97;47mS[0;37;5;47;107m8888888X@X@@XXXXSXSXSSS%SSX@8888888[0;1;37;97;47m8[0;37;5;47;107m8[0;1;37;97;47m8[0;37;5;47;107m88888[0;1;37;97;47m8[0m
[0;32;5;40;100m8[0;30;5;40;100m8[0;32;5;40;100m8[0;30;5;40;100m8[0;32;5;40;100m88[0;30;5;40;100m8[0;32;5;40;100m@[0;1;30;90;40m8[0;32;5;40;100m8[0;30;5;40;100m8[0;32;5;40;100m88[0;30;5;40;100m@[0;32;5;40;100m88[0;30;5;40;100m@[0;32;5;40;100mX[0;30;5;40;100mS[0;33;5;40;100m    [0;37;5;40;100mS[0;36;5;40;100m [0;37;5;40;100mX[0;36;5;40;100m [0;37;5;40;100mX[0;33;5;40;100m [0;37;5;40;100mX[0;33;5;40;100m [0;37;5;40;100mX[0;36;5;40;100m [0;37;5;40;100m88[0;36;5;40;100m [0;1;30;90;47mS[0;37;5;40;100m888[0;36;5;40;100m [0;1;30;90;47m:%SSSSS%%%tttt%%SXX888[0;36;5;40;100m;...   .:;t[0;35;5;40;100m%[0;36;5;40;100mX[0;35;5;40;100m;[0;36;5;40;100mt;[0;35;5;40;100mt[0;36;5;40;100mS[0;31;5;40;100mS[0;36;5;40;100mX[0;35;5;40;100mS[0;32;5;40;100mS[0;34;5;40;100m@[0;1;30;90;41m8[0;1;30;90;40m@[0;1;30;90;41m8[0;31;5;40;100m8888XXXS[0;30;5;40;100mS[0;31;5;40;100mS[0;35;5;40;100m8[0;30;5;40;100mX[0;35;5;40;100m8[0;31;5;40;100mS[0;34;5;40;100mS[0;35;5;40;100mXS;;::  [0;37;5;40;100m%SSS[0;1;30;90;47m8[0;37;5;40;100m%[0;1;30;90;47m888Xt[0;1;37;97;47m   :ttS[0m
[0;32;5;40;100m8[0;30;5;40;100m8X[0;32;5;40;100m@[0;30;5;40;100m8@@@[0;32;5;40;100m@[0;30;5;40;100m8[0;32;5;40;100m8[0;30;5;40;100m88[0;32;5;40;100m@[0;30;5;40;100m8@[0;32;5;40;100m@[0;30;5;40;100m8[0;33;5;40;100m% [0;37;5;40;100m8[0;33;5;40;100m:  [0;37;5;40;100m8[0;33;5;40;100m:[0;37;5;40;100mX[0;33;5;40;100m. [0;37;5;40;100m8[0;33;5;40;100m  [0;37;5;40;100m8[0;33;5;40;100m [0;37;5;40;100mX%[0;33;5;40;100m [0;37;5;40;100mt[0;36;5;40;100m [0;37;5;40;100m%[0;36;5;40;100m [0;1;30;90;47m;;[0;36;47m8[0;1;30;90;47m%%[0;36;47m8[0;1;30;90;47m%%[0;36;47m8[0;1;30;90;47m%%%%[0;36;47m8[0;1;30;90;47m%%%%%%t;[0;36;5;40;100m [0;37;5;40;100mS[0;33;5;40;100m [0;37;5;40;100m@[0;33;5;40;100m [0;37;5;40;100m8[0;33;5;40;100m [0;37;5;40;100m8[0;33;5;40;100m: .::::;;;.:::%[0;1;30;90;43m8[0;1;30;90;41m8[0;1;30;90;43m8[0;31;43m8[0;1;30;90;43m8[0;33;41m8[0;33;5;40;100m8[0;33;41m8[0;33;5;40;100m8[0;33;41m@[0;1;30;90;41m8[0;31;43m8[0;1;30;90;41m8[0;31;43m8[0;33;41m8[0;31;43m8[0;1;30;90;41m@[0;31;43m8[0;33;41m8[0;1;30;90;41m8[0;33;41m8[0;31;5;40;100m8[0;1;30;90;43mX[0;1;30;90;41m8[0;31;5;40;100m88[0;1;30;90;41m8[0;31;5;40;100m8[0;1;30;90;41m8@[0;31;40m@[0;31;5;40;100m8[0;31;40mX[0;1;30;90;40m8[0;31;40m8[0;1;30;90;40m@[0;31;40mXS[0;1;30;90;40mS[0;31;40m%[0;34;40m%[0;31;40mS[0;34;40mS[0;31;40m%[0m
[0;30;5;40;100m8[0;32;5;40;100m8[0;30;5;40;100m88X[0;32;5;40;100m8[0;30;5;40;100m88888[0;32;5;40;100m8[0;30;5;40;100m8@[0;32;5;40;100m@[0;30;5;40;100m@@8[0;33;5;40;100m [0;1;30;90;47mS[0;37;5;40;100m8[0;1;30;90;47mXX8[0;37;5;40;100m8[0;1;30;90;47m88888@@[0;37;5;40;100m8[0;1;30;90;47m8888888[0;37;5;40;100m%[0;1;30;90;47mX;:;;t;t;tt[0;36;47m8[0;1;30;90;47mt%tt[0;36;47m8[0;1;30;90;47mt%t[0;36;47m8[0;1;30;90;47m;[0;36;5;40;100m [0;33;5;40;100m   [0;1;30;90;47m8[0;1;30;90;43m8[0;37;5;40;100m@[0;33;5;40;100m;[0;37;5;40;100m8[0;1;30;90;43m8[0;37;5;40;100m8[0;33;5;40;100m; [0;33;47m8[0;33;5;40;100m: [0;1;30;90;47m8[0;33;5;40;100m%  [0;1;30;90;47m8[0;33;5;40;100mS.8[0;33;41m8[0;1;30;90;43m8[0;33;5;41;101m@[0;33;5;40;100m%[0;33;5;41;101m8[0;1;30;90;43m8[0;33;41m8[0;31;43m8[0;1;30;90;43m8[0;31;43m8[0;1;30;90;43m8[0;31;43m8[0;1;30;90;43m8[0;1;30;90;41m8[0;1;30;90;43m8[0;33;41m8[0;33;5;40;100m8[0;33;41m@[0;1;30;90;43mS[0;1;30;90;41m%[0;31;43m8[0;33;41m8[0;1;30;90;43m8[0;33;41m8[0;31;43m8[0;31;5;40;100m8[0;31;43m8[0;1;30;90;41m8[0;33;5;40;100m8[0;1;30;90;41m8[0;30;41m8[0;33;5;40;100m8[0;30;41m@[0;31;5;40;100m@[0;30;41m8[0;30;5;40;100mX[0;31;40m88[0;30;5;40;100m8[0;31;40m8@[0;1;30;90;40m8[0;32;40m@[0m
[0;31;40m:[0;1;30;90;40m8[0;35;5;40;100mt[0;32;40m;[0;34;40mt[0;30;5;40;100mX[0;36;5;40;100m.[0;33;5;40;100m :[0;36;5;40;100m%[0;31;5;40;100mS[0;34;5;40;100mX[0;33;5;40;100mt[0;34;5;40;100mS[0;30;5;40;100mX[0;32;5;40;100mS[0;35;5;40;100m%[0;33;5;40;100m [0;1;30;90;47m.[0;33;5;40;100m8[0;32;40m;SSX[0;1;30;90;40m8[0;32;40m8[0;1;30;90;40m8[0;32;40m@[0;1;30;90;40m8[0;32;40m8[0;30;5;40;100mS[0;32;40m@[0;30;5;40;100mX[0;32;40m8[0;30;5;40;100mX[0;30;42m8[0;30;5;40;100mX[0;1;30;90;42m8[0;1;30;90;40m8[0;32;5;40;100mS[0;33;5;40;100mX[0;36;5;40;100m S[0;32;5;40;100mS[0;36;5;40;100m@St%t;:  [0;37;5;40;100m8[0;36;5;40;100m  [0;37;5;40;100m88[0;36;5;40;100m [0;1;30;90;47mX[0;36;5;40;100m.[0;1;30;90;47mX[0;36;5;40;100m [0;37;5;40;100mX[0;1;30;90;47m888[0;37;5;40;100m8[0;1;30;90;47m888888XX8XS8XSX[0;37;5;40;100m8[0;33;5;40;100m ;8[0;31;43m8[0;33;5;41;101m8[0;33;5;40;100m:[0;33;5;41;101mX[0;1;30;90;43m8[0;33;5;41;101m@[0;33;5;40;100m.[0;33;5;41;101m%[0;33;5;40;100m;[0;33;5;41;101m%[0;1;30;90;43m8[0;31;5;41;101m@[0;1;30;90;43m8[0;33;5;41;101m8[0;33;5;40;100m@[0;1;31;91;41m8[0;1;30;90;43m8[0;33;41m@8[0;1;30;90;43m8[0;1;30;90;41m8[0;1;30;90;43m8[0;1;31;91;41m8[0;1;30;90;43m8[0;31;43m88[0;31;5;40;100m8[0;31;43m8[0;33;41m@[0;1;30;90;43mt[0;1;30;90;41m8[0;33;41m@[0;1;30;90;41m8[0;33;41m8[0;31;40m8[0;31;43m8[0;1;30;90;40m8[0;33;41m8[0;31;40m@[0;32;40m8[0;30;41m@[0;31;40m88[0m
[0;34;40m [0;30;5;40;100mX[0;36;5;40;100m [0;32;40m;[0;35;5;40;100m.[0;36;5;40;100m [0;1;30;90;47m8;[0;36;5;40;100m [0;37;5;40;100m@[0;36;5;40;100m [0;37;5;40;100m8[0;1;30;90;47mS[0;37;5;40;100mX8@[0;1;30;90;47m8[0;33;47m8[0;1;30;90;47mt[0;33;5;40;100m8[0;35;5;40;100m;. :[0;37;5;40;100mX[0;35;5;40;100m  .[0;33;5;40;100m.[0;37;5;40;100m@X[0;35;5;40;100m;[0;33;5;40;100mt[0;35;5;40;100mS[0;33;5;40;100m.[0;35;5;40;100m [0;30;5;40;100mXS8[0;33;5;40;100m [0;1;30;90;47m.[0;33;47mX[0;33;5;40;100m;[0;30;5;40;100m@[0;1;30;90;40m88[0;30;5;40;100m8[0;35;5;40;100mS[0;1;30;90;40m@[0;30;5;40;100m88[0;36;5;40;100m@[0;31;5;40;100mS[0;34;40mS[0;30;5;40;100m8[0;32;40mX[0;1;30;90;40m@8[0;34;40m%[0;32;40mS[0;34;40m%[0;32;40mS[0;37;5;40;100m8[0;33;47m8[0;30;5;40;100mX[0;32;40m;t;tt:;:tt:;;;t;ttX[0;33;5;40;100m8X[0;31;5;40;100m8[0;33;5;40;100mS[0;1;30;90;41m8[0;31;5;40;100m8888[0;1;30;90;41m8[0;31;5;40;100mX[0;1;30;90;41m8[0;31;5;40;100m8[0;1;30;90;41m8[0;31;5;40;100mS[0;1;30;90;41m888[0;31;5;40;100m@[0;1;30;90;41m@8X8[0;1;30;90;43m@[0;1;30;90;41m8[0;33;5;40;100m8[0;1;30;90;41m@[0;31;5;40;100m8[0;33;41m8[0;31;5;40;100m8[0;33;41m8[0;31;5;40;100m8[0;1;30;90;41m8[0;33;41m8[0;31;5;40;100mX[0;31;40m8[0;1;30;90;43m:[0;1;30;90;41m8[0;31;40m8[0;31;43m8[0;32;40mX[0;33;41m@[0;30;41m8[0;32;5;40;100mS[0;31;40m8[0;33;42m8[0m
[0;36;5;40;100m.[0;37;5;40;100m88[0;36;5;40;100m [0;37;5;40;100m@[0;36;5;40;100m [0;1;30;90;47mSt[0;36;5;40;100m [0;1;30;90;47m8[0;37;5;40;100m88[0;1;30;90;47m%[0;37;5;40;100m8[0;1;30;90;47m@88X[0;37;43m8[0;33;5;40;100m [0;37;5;40;100m8@8[0;36;5;40;100m [0;1;30;90;47m;8[0;37;5;40;100m8[0;1;30;90;47m8[0;37;5;40;100mX[0;1;37;97;47m [0;1;30;90;47mS[0;37;5;40;100mS[0;36;5;40;100m  [0;1;30;90;47m:@[0;36;5;40;100m [0;37;5;40;100mX%[0;1;30;90;47mt:[0;33;47m@[0;1;30;90;47m@8S@X%88[0;37;5;40;100mX[0;1;30;90;47mX[0;1;37;97;47m;[0;37;5;40;100m8[0;1;30;90;47m8[0;37;5;40;100m8[0;1;30;90;47m8;[0;37;5;40;100m8@@[0;1;30;90;47m@:[0;33;47m@[0;1;30;90;47m%[0;33;5;40;100mX[0;35;5;40;100m:[0;36;5;40;100m:[0;37;5;40;100mX8[0;33;5;40;100m..;[0;1;30;90;47m88[0;33;5;40;100m;.:[0;37;5;40;100m8[0;33;5;40;100m    ;t:[0;1;30;90;43m8[0;1;30;90;47m88[0;37;5;40;100m8@8[0;1;30;90;47m8[0;37;5;40;100mSS%[0;1;30;90;47m8[0;33;5;40;100m [0;30;5;40;100m888[0;33;5;40;100m;[0;1;30;90;40m@8[0;32;40m@[0;36;5;40;100m%[0;31;5;40;100mX[0;33;5;40;100m%S[0;31;40mX[0;1;30;90;40m@[0;31;40m%[0;30;5;40;100m8[0;1;30;90;40m8[0;32;40mtt;[0;1;30;90;40m@[0;32;40mXt[0;31;40m:[0;32;40mSS[0;31;40mt%[0;32;40m%[0;31;40m%[0;32;40mS[0;31;40m@t[0m
[0;37;5;40;100mS[0;1;30;90;47m8[0;37;5;40;100mX[0;36;5;40;100m [0;37;5;40;100mX[0;36;5;40;100m.[0;1;30;90;47mt8[0;36;5;40;100mt[0;37;5;40;100mX[0;36;5;40;100m [0;1;30;90;47m%@[0;37;5;40;100m8888[0;33;47m8[0;1;30;90;47m%[0;33;5;40;100m  [0;30;5;40;100mX[0;34;5;40;100m%[0;36;5;40;100mt[0;1;30;90;47mX[0;35;5;40;100m [0;36;5;40;100m [0;37;5;40;100mXX[0;1;37;97;47m;[0;1;30;90;47mX[0;36;5;40;100m [0;1;30;90;47m8[0;36;5;40;100mt[0;1;30;90;47m;8[0;36;5;40;100m [0;37;5;40;100mS[0;36;5;40;100m [0;1;30;90;47m.[0;33;47mX[0;1;30;90;47m:@8@@;.[0;37;5;40;100m8[0;1;30;90;47m@[0;37;5;40;100m8[0;1;30;90;47m.[0;1;37;97;47m%[0;37;5;40;100m8[0;1;30;90;47mX8t;[0;37;5;40;100m8[0;1;30;90;47m8[0;37;5;40;100m8[0;1;30;90;47m;.[0;33;47m@[0;1;30;90;47m;[0;35;5;40;100m;[0;36;5;40;100m;:[0;1;30;90;47m8%[0;36;5;40;100m..;[0;1;30;90;47m; [0;37;5;40;100mX8S[0;1;30;90;47m.;@XS[0;37;5;40;100m8[0;33;5;40;100m;:[0;1;30;90;43m8[0;1;30;90;47m8; %;;t;S[0;1;37;97;47m [0;1;30;90;47m.%t88[0;33;5;40;100m;[0;36;5;40;100m:[0;33;5;40;100mt..%t[0;31;5;40;100mS[0;32;5;40;100mXS[0;31;5;40;100m%[0;36;5;40;100m;[0;30;5;40;100m@[0;33;5;40;100mX[0;30;5;40;100m8[0;33;5;40;100m:[0;31;5;40;100mS[0;30;5;40;100m88@[0;31;5;40;100mX[0;1;30;90;40m8[0;30;5;40;100m8[0;1;30;90;40m@[0;32;5;40;100mX[0;31;5;40;100m@[0;1;30;90;40m8[0;32;40mX[0m
[0;37;5;40;100m8[0;1;30;90;47m888[0;37;5;40;100mX8[0;1;30;90;47mt[0;37;5;40;100mX[0;36;5;40;100m [0;1;30;90;47m88SX[0;37;5;40;100m88[0;1;30;90;47m8[0;37;5;40;100m8[0;33;47m88[0;1;30;90;47m8[0;33;5;40;100m;[0;1;30;90;40m8[0;30;5;40;100m88[0;1;30;90;47mt[0;35;5;40;100mt[0;36;5;40;100m8[0;34;40m8[0;36;5;40;100m [0;1;37;97;47mS[0;1;30;90;47m8[0;36;5;40;100mX[0;35;5;40;100mt[0;36;5;40;100m%[0;1;30;90;47m:[0;36;5;40;100m :..[0;1;37;97;47m [0;1;30;90;47m;[0;33;47m8[0;1;30;90;47m8[0;33;5;40;100m [0;1;30;90;47m8[0;37;5;40;100m@[0;1;30;90;47m;t[0;37;5;40;100m@[0;1;30;90;47m8[0;36;5;40;100m [0;1;37;97;47m:t[0;37;5;40;100m@[0;1;30;90;47mS@:;[0;37;5;40;100m8[0;1;30;90;47m@@:[0;33;47mX[0;1;37;97;47m.[0;1;30;90;47m;[0;31;5;40;100mX[0;32;5;40;100mS[0;35;5;40;100mt[0;1;30;90;47m8%[0;36;5;40;100m:[0;35;5;40;100m:[0;34;5;40;100mS[0;1;30;90;47m.[0;1;37;97;47m.[0;37;5;40;100m88[0;33;5;40;100m [0;1;30;90;47m %8SS8[0;33;5;40;100mt.[0;1;30;90;43m8[0;33;47m8[0;1;37;97;47m [0;1;30;90;47m.;%:%[0;1;37;97;47m [0;1;30;90;47mX[0;1;37;97;47m  [0;1;30;90;47m;[0;1;37;97;47m [0;1;30;90;47m:S[0;37;5;40;100m%[0;33;5;40;100m:[0;36;5;40;100m;[0;33;5;40;100m [0;37;5;40;100m8[0;33;5;40;100m@%[0;30;5;40;100mXS[0;36;5;40;100m%[0;30;5;40;100mS[0;33;5;40;100m;[0;30;5;40;100m@[0;32;5;40;100mS[0;30;5;40;100m@[0;35;5;40;100m.[0;33;5;40;100m;[0;1;30;90;40m8[0;32;5;40;100mX[0;30;5;40;100m8[0;32;5;40;100mX[0;1;30;90;40m8[0;30;5;40;100m@[0;1;30;90;40m8[0;30;5;40;100m8[0;33;5;40;100m@[0;1;30;90;40m88[0m
[0;30;5;40;100mS[0;36;5;40;100m%[0;34;5;40;100mX[0;30;5;40;100m8[0;34;5;40;100mS[0;36;5;40;100m [0;1;30;90;47m:[0;36;5;40;100m t[0;34;5;40;100mS[0;36;5;40;100m;; [0;1;30;90;47m8[0;37;5;40;100m8[0;36;5;40;100m [0;1;30;90;47m%[0;33;47m8[0;1;30;90;47m8[0;33;5;40;100m: .[0;35;5;40;100m:. . [0;37;5;40;100mS[0;1;30;90;47m8[0;1;37;97;47m;[0;37;5;40;100mS[0;35;5;40;100m [0;37;5;40;100m%[0;35;5;40;100m [0;1;30;90;47mS888S:[0;33;47mXX[0;1;30;90;47mX@8X;;S%%[0;1;37;97;47m;t[0;1;30;90;47mX%%[0;1;37;97;47m  [0;1;30;90;47m@XS [0;33;47mS[0;1;33;93;47mX[0;1;30;90;47m%[0;33;5;40;100m [0;37;5;40;100m88[0;1;30;90;47m..[0;37;5;40;100m@@[0;33;5;40;100m [0;1;37;97;47m%;[0;1;30;90;47mXX8 :tt%8[0;33;5;40;100mt.[0;1;30;90;43m8[0;33;47m@[0;1;37;97;47m  [0;1;30;90;47m.::tt%.[0;1;37;97;47m [0;1;30;90;47mt[0;1;37;97;47m [0;1;30;90;47m%X%[0;37;5;40;100mS[0;33;5;40;100m.  %tX[0;30;5;40;100mX[0;33;5;40;100m%;[0;35;5;40;100m [0;33;5;40;100m%[0;34;5;40;100mS[0;30;5;40;100mX[0;33;5;40;100m:[0;36;5;40;100m [0;30;5;40;100mXS@[0;35;5;40;100mt[0;32;5;40;100mX[0;31;5;40;100mS[0;30;5;40;100m88[0;33;5;40;100m%[0;31;5;40;100m8[0;32;40m@[0m
[0;37;5;40;100mX[0;33;5;40;100m [0;37;5;40;100m88X[0;1;30;90;47m8S[0;37;5;40;100m8[0;33;5;40;100m:;[0;1;30;90;47m@:S[0;37;5;40;100m8[0;1;30;90;47mS@[0;37;5;40;100m8[0;33;47m8[0;1;30;90;43m8[0;1;30;90;47mS8[0;33;5;40;100m [0;37;5;40;100mX[0;33;5;40;100m  [0;37;5;40;100mS[0;33;5;40;100m [0;37;5;40;100m%[0;1;30;90;47m8[0;1;37;97;47m:[0;35;5;40;100m  [0;37;5;40;100m@8[0;35;5;40;100m [0;1;30;90;47m8@88;[0;33;47mX[0;1;30;90;47m%8[0;33;5;40;100m [0;35;5;40;100m [0;37;5;40;100mX[0;35;5;40;100m [0;1;30;90;47m8[0;36;5;40;100m [0;37;5;40;100mX[0;36;5;40;100m.[0;1;37;97;47m..[0;36;5;40;100m [0;37;5;40;100mX[0;36;5;40;100m [0;37;5;40;100m8[0;36;5;40;100m [0;37;5;40;100m@[0;36;5;40;100m:[0;37;5;40;100mS[0;1;30;90;47m.:[0;33;47mS[0;1;30;90;47mt[0;35;5;40;100m [0;1;30;90;47m@88[0;37;5;40;100m@[0;36;5;40;100m   [0;1;37;97;47mt.[0;36;5;40;100m  [0;37;5;40;100mX[0;36;5;40;100m [0;37;5;40;100m888[0;36;5;40;100m [0;1;30;90;47m8[0;33;5;40;100m; [0;1;30;90;43m8[0;1;31;91;47m@[0;1;30;90;47m888[0;37;5;40;100m8[0;1;30;90;47m@S8[0;37;5;40;100mX[0;1;30;90;47m::888[0;37;5;40;100mS[0;1;30;90;47m88Xt[0;33;5;40;100m t%.[0;35;5;40;100m .[0;30;5;40;100mX88[0;1;30;90;40m88[0;33;5;40;100mt [0;1;30;90;40m888@XX@[0;30;5;40;100m8[0;33;5;40;100mX[0;30;5;40;100mX[0;31;5;40;100m8[0m
[0;37;5;40;100m8[0;1;30;90;47m88[0;37;5;40;100m@[0;1;30;90;47m8[0;37;5;40;100mX[0;1;30;90;47m8[0;37;5;40;100m8[0;33;5;40;100mt;[0;1;30;90;47mt[0;1;37;97;47m.[0;1;30;90;47mS[0;33;5;40;100m.[0;37;5;40;100mS[0;1;30;90;47m8%@@88@[0;37;5;40;100m8[0;1;30;90;47mS[0;37;5;40;100m8[0;1;30;90;47mS@[0;37;5;40;100m8[0;1;30;90;47m@[0;37;5;40;100m8[0;1;30;90;47m%88[0;33;5;40;100m%[0;31;5;40;100mX[0;35;5;40;100m%[0;37;5;40;100m@[0;1;30;90;47m@8@[0;33;5;40;100m8S:S[0;35;5;40;100m:[0;1;30;90;47m;8[0;33;5;40;100m [0;36;5;40;100m     [0;37;5;40;100m@[0;36;5;40;100m [0;1;30;90;47m@[0;36;5;40;100m [0;1;30;90;47mX[0;37;5;40;100m88@[0;33;5;40;100m [0;33;47m8[0;1;30;90;47m%[0;1;37;97;47m [0;1;30;90;47mS[0;37;5;40;100m8[0;1;30;90;47mS.[0;1;37;97;47m:t;.::: [0;1;30;90;47m:.....X[0;33;5;40;100m: [0;1;30;90;43m8[0;33;47m@[0;1;30;90;47mStt;::S@;;S%X8S%t;[0;37;5;40;100m8[0;1;30;90;43m8[0;33;5;40;100m; [0;1;30;90;47mS8[0;37;5;40;100m8@@[0;36;5;40;100m [0;1;30;90;40m8[0;34;5;40;100mS[0;37;5;40;100m8[0;31;40m;[0;32;40m.[0;31;40m .[0;32;40m ..;[0;33;5;40;100m.8[0;1;30;90;40m8[0m
[0;37;5;40;100m@@[0;1;30;90;47m8[0;37;5;40;100mX[0;1;30;90;47m8[0;37;5;40;100mSS[0;33;5;40;100m S@S%tt [0;37;5;40;100m8[0;1;30;90;47m@X[0;33;5;40;100m.[0;1;30;90;47mt[0;1;30;90;43m8[0;1;30;90;47mS[0;33;5;40;100m.[0;33;47m@[0;1;30;90;47mX[0;33;5;40;100m.[0;1;30;90;47m:[0;33;5;40;100m.[0;1;30;90;47m:[0;33;5;40;100m [0;1;30;90;47m;[0;33;5;40;100m:[0;1;30;90;47m@[0;33;5;40;100m;S;  .[0;1;30;90;47mX[0;33;5;40;100m8[0;31;5;40;100mX[0;33;5;40;100m [0;31;5;40;100mS[0;33;5;40;100m:[0;1;30;90;47m%[0;37;5;40;100m@[0;32;5;40;100mSS[0;33;5;40;100m%[0;32;5;40;100mSSSS[0;36;5;40;100mS[0;32;5;40;100m@[0;36;5;40;100mS[0;32;5;40;100m8[0;30;5;40;100m@[0;32;5;40;100m@[0;33;5;40;100mS[0;32;5;40;100mS[0;33;5;40;100m%[0;1;30;90;47m@8[0;33;5;40;100m%X[0;35;5;40;100m:[0;1;30;90;47m:S%ttttttt%t%%%;.t8[0;1;37;97;47m  [0;1;33;93;47mS[0;1;30;90;47mt.[0;33;47mX[0;1;30;90;47m [0;33;47mS[0;1;30;90;47m [0;33;47mX[0;1;30;90;47m  ..:::;[0;33;47m8[0;1;30;90;47m%@[0;1;30;90;43m888888888@888@[0;33;5;40;100m8[0;1;30;90;43mS[0;31;5;40;100mX[0;33;5;40;100m8[0;31;5;40;100mS[0;1;30;90;43mS[0;1;30;90;41m8[0;33;5;40;100m8[0m
[0;37;5;40;100m@@[0;1;30;90;47m8[0;37;5;40;100mS[0;1;30;90;47m8[0;37;5;40;100m%[0;1;30;90;47m8[0;37;5;40;100m%[0;33;5;40;100m tt;:[0;37;5;40;100m%[0;1;30;90;47m888@[0;33;47m8[0;1;30;90;47m@XX%[0;33;5;40;100m.[0;1;30;90;47m.[0;37;43m8[0;1;30;90;47mS[0;33;47m8[0;1;30;90;47mS[0;33;47m8[0;37;5;40;100m8[0;1;30;90;47m%[0;33;5;40;100m%.S[0;31;5;40;100mS[0;33;5;40;100m8t [0;37;5;40;100m8[0;30;5;40;100m@8[0;1;30;90;40m8[0;32;40mt[0;31;40mS%[0;30;5;40;100m8[0;1;30;90;40m8[0;30;5;40;100mX[0;32;5;40;100m8[0;30;5;40;100mX[0;33;5;40;100m%[0;30;5;40;100mS[0;32;5;40;100mX[0;30;5;40;100m@[0;33;5;40;100m@[0;30;5;40;100m8[0;32;5;40;100mS[0;33;5;40;100mS[0;30;5;40;100mX[0;32;5;40;100mX[0;30;5;40;100m@[0;33;5;40;100mt[0;1;30;90;47mX[0;33;5;40;100m.@[0;31;5;40;100m8[0;30;5;40;100mS[0;33;5;40;100mX [0;1;30;90;47m%%%ttt%t%%%%%%[0;1;30;90;43m8[0;1;30;90;47mS[0;33;5;40;100m.[0;1;37;97;47mt[0;1;33;93;47mS[0;1;30;90;47m%[0;1;37;97;47m [0;1;33;93;47mS[0;1;30;90;47m; [0;33;47mS[0;1;30;90;47m .[0;33;47m8[0;1;30;90;47m:[0;33;47m8@[0;1;30;90;47m.[0;33;47m8@[0;1;30;90;47m;t[0;33;47m8[0;1;30;90;47m%[0;37;43m@[0;1;31;91;43m8[0;37;43mX[0;1;30;90;43m@8888@XXX[0;31;43mX[0;1;30;90;43m@[0;31;43m8[0;1;30;90;43mS[0;31;43m8[0;1;30;90;43mt[0;31;43m8[0;1;30;90;43mS[0;31;43m8[0;1;30;90;43m;[0m
[0;37;5;40;100m@X[0;1;30;90;47m88[0;37;5;40;100m%[0;1;30;90;47m8[0;37;5;40;100m;[0;1;30;90;47m8[0;37;5;40;100m%[0;36;5;40;100m [0;37;5;40;100m@[0;36;5;40;100m [0;1;30;90;47m8[0;37;5;40;100m@[0;1;30;90;47m888[0;33;5;40;100m.[0;1;30;90;47m%[0;33;5;40;100m;[0;1;30;90;47mt[0;1;30;90;43m8[0;1;30;90;47mt[0;33;47m8[0;37;5;40;100m8[0;1;30;90;47mX[0;33;5;40;100m.[0;1;30;90;47m;[0;33;5;40;100m:[0;1;30;90;47m;[0;33;5;40;100m;[0;1;30;90;47m;[0;37;5;40;100m8[0;1;30;90;47mX[0;33;5;40;100m:[0;37;5;40;100m8[0;33;5;40;100m [0;1;30;90;47m%S[0;33;5;40;100m%8[0;30;5;40;100m8[0;32;5;40;100m8[0;30;5;40;100m888[0;32;5;40;100m8[0;30;5;40;100m@[0;32;5;40;100m@[0;30;5;40;100m8[0;32;5;40;100mS[0;30;5;40;100mX[0;32;5;40;100mX[0;31;5;40;100mX[0;32;5;40;100mX[0;30;5;40;100mX[0;32;5;40;100mS[0;30;5;40;100mX[0;32;5;40;100mX[0;30;5;40;100mX[0;32;5;40;100mS[0;30;5;40;100m@[0;33;5;40;100m%[0;1;30;90;47m%X[0;33;5;40;100m ..[0;37;5;40;100m8[0;1;30;90;47m@[0;37;5;40;100m8[0;1;30;90;47mt[0;33;47m8[0;1;30;90;47m%[0;33;47m8[0;1;30;90;47m%t[0;33;47m8[0;1;30;90;47m%[0;33;47m8[0;1;30;90;47m%%[0;1;30;90;43m8[0;1;30;90;47m ;S[0;33;47m8[0;1;37;97;47m  [0;1;33;93;47m%[0;1;30;90;47mX[0;1;37;97;47m [0;33;47mS[0;1;37;97;47m [0;33;47mS%[0;1;30;90;47m.[0;33;47mX[0;1;30;90;47m:.[0;33;47mX[0;1;30;90;47m;;[0;33;47m@[0;1;30;90;47mt[0;33;47m8[0;1;30;90;47mS[0;33;47mX8[0;1;30;90;43m@[0;1;33;93;43m.[0;1;31;91;43m8[0;1;33;93;43m;[0;1;31;91;43m8[0;37;43mX[0;1;31;91;43m8[0;1;30;90;43m8[0;1;31;91;43m8[0;1;30;90;43m8[0;1;31;91;43m8[0;1;30;90;43m8@X[0;31;43m@[0;1;30;90;43m8S[0;31;43m8[0;33;5;40;100m8[0;31;43m8[0;33;5;40;100m8[0m
[0;37;5;40;100m@[0;1;30;90;47m8[0;37;5;40;100mS[0;1;30;90;47m8888[0;37;5;40;100mt[0;1;30;90;47m8888[0;37;5;40;100mX[0;1;30;90;47m88888[0;1;30;90;43m8[0;1;30;90;47m;[0;33;5;40;100m [0;1;30;90;47m.[0;33;5;40;100m:[0;1;30;90;47mt[0;33;5;40;100m:[0;1;30;90;47m.[0;37;43m8[0;1;30;90;47mSS[0;1;30;90;43m8[0;1;30;90;47m.[0;1;30;90;43m8[0;1;30;90;47m;[0;33;5;40;100m:[0;1;30;90;47m.[0;33;5;40;100m.[0;1;30;90;47m.[0;1;30;90;43m8[0;1;30;90;47mt[0;33;5;40;100m [0;32;5;40;100mX[0;30;5;40;100m@X[0;32;5;40;100m@[0;30;5;40;100m8[0;32;5;40;100m8[0;30;5;40;100m8[0;32;5;40;100mS[0;30;5;40;100m8[0;33;5;40;100mX[0;30;5;40;100m@[0;32;5;40;100mS[0;30;5;40;100mX[0;32;5;40;100mS[0;30;5;40;100mS[0;32;5;40;100mS[0;30;5;40;100mS[0;32;5;40;100mS[0;30;5;40;100mS[0;33;5;40;100mS[0;30;5;40;100mX[0;32;5;40;100m@[0;33;5;40;100mt[0;1;30;90;47mStt%S[0;33;5;40;100m.[0;33;47mX[0;1;30;90;47mtS%%%[0;33;47m8[0;1;30;90;47m%t%%[0;33;47m8[0;1;30;90;47mt:SS[0;1;30;90;43m8[0;1;30;90;47m8[0;1;37;97;47m [0;1;33;93;47mS[0;1;30;90;47m%[0;1;37;97;47m [0;1;33;93;47m%[0;1;37;97;47m [0;33;47mS[0;1;37;97;47m [0;1;33;93;47mS[0;1;30;90;47mS[0;1;37;97;47m [0;33;47m@[0;1;30;90;47m;[0;33;47mXS[0;1;30;90;47m;[0;33;47mX[0;1;30;90;47m%[0;33;47mX[0;1;30;90;47mSS[0;33;47m8[0;1;31;91;43m8[0;37;43m@SX[0;1;30;90;43m8[0;1;33;93;43m.[0;37;43mX[0;1;30;90;43m@8[0;1;33;93;43m.[0;1;30;90;43m8@[0;1;31;91;43m8[0;1;30;90;43m8@[0;31;43m@[0;1;30;90;43m8S[0;31;43m8[0;1;30;90;43m@[0;31;43m8[0m
[0;37;5;40;100m8[0;1;30;90;47m88[0;37;5;40;100mS[0;1;30;90;47m888888[0;37;5;40;100mX[0;1;30;90;47m888888[0;37;5;40;100m8[0;1;30;90;47mXX[0;37;43m8[0;1;30;90;47mXS[0;1;30;90;43m8[0;1;30;90;47m:[0;33;5;40;100m.[0;1;30;90;47m;[0;33;5;40;100m;[0;1;30;90;47m:%[0;37;5;40;100m8[0;1;30;90;47mtS[0;33;47m8[0;1;30;90;47m%[0;33;47m8[0;1;30;90;47mXS%[0;33;5;40;100m;8[0;32;5;40;100m8[0;30;5;40;100mX[0;32;5;40;100mX[0;30;5;40;100mS[0;33;5;40;100m8[0;30;5;40;100m8[0;32;5;40;100mS[0;30;5;40;100mS[0;32;5;40;100m@[0;30;5;40;100mS[0;32;5;40;100mSS[0;30;5;40;100mS[0;32;5;40;100mS[0;31;5;40;100mS[0;32;5;40;100mX[0;30;5;40;100mS[0;32;5;40;100mS[0;30;5;40;100mX[0;32;5;40;100mX[0;30;5;40;100m8[0;33;5;40;100m:[0;1;30;90;47m;%[0;33;47m8[0;1;30;90;47m%[0;33;47m@[0;1;30;90;47m t[0;33;47m8[0;1;30;90;47m%[0;33;47m8[0;1;30;90;47m%%t%[0;33;47m8[0;1;30;90;47m%%%S%[0;33;47m8[0;1;30;90;47m%X[0;37;5;40;100m8[0;1;37;97;47m [0;1;30;90;47mS[0;1;37;97;47m [0;1;33;93;47mS[0;1;30;90;47mX[0;1;37;97;47m [0;1;33;93;47m%[0;1;30;90;47m@[0;1;37;97;47m [0;33;47mS[0;1;30;90;47m%[0;1;33;93;47m%[0;1;30;90;47mS[0;1;37;97;47m [0;33;47mX[0;1;30;90;47mt[0;33;47mS[0;1;30;90;47m%[0;33;47mXX[0;1;30;90;47mS[0;33;47m8[0;1;30;90;43m8[0;1;33;93;43m:[0;1;31;91;43m8[0;37;43mX[0;1;31;91;43m8[0;37;43mX[0;1;31;91;43m8[0;37;43mS[0;1;31;91;43m8[0;37;43mX[0;1;31;91;43m8[0;1;30;90;43m88S[0;31;43m%[0;1;30;90;43m8[0;31;43m@[0;1;30;90;43m8X[0;31;43m8[0;1;30;90;43m8[0m
[0;33;5;40;100mt[0;32;5;40;100mS[0;36;5;40;100mX[0;32;5;40;100m@S@[0;36;5;40;100mS[0;32;5;40;100mX[0;36;5;40;100mS[0;33;5;40;100mS[0;36;5;40;100mXt[0;33;5;40;100mt[0;36;5;40;100mX[0;33;5;40;100m [0;33;47m8[0;1;30;90;43m8[0;1;30;90;47m8[0;33;5;40;100m%.[0;37;5;40;100m@[0;33;5;40;100m;[0;37;5;40;100m88[0;33;5;40;100m.[0;1;30;90;47mS[0;33;5;40;100mt[0;1;30;90;47mX[0;33;5;40;100mS [0;1;30;90;47mS[0;33;5;40;100mS [0;1;30;90;47mX[0;33;5;40;100m;[0;37;5;40;100m8[0;33;5;40;100m: [0;33;47mX[0;1;30;90;47m;[0;33;5;40;100mS[0;30;5;40;100mXXX@@[0;32;5;40;100mX[0;30;5;40;100m8[0;31;5;40;100mS[0;30;5;40;100m@[0;33;5;40;100m%[0;30;5;40;100m@[0;31;5;40;100mS[0;32;5;40;100mX[0;30;5;40;100mX[0;32;5;40;100mX[0;30;5;40;100mS[0;33;5;40;100mS[0;30;5;40;100m8[0;32;5;40;100mS[0;30;5;40;100m@[0;33;5;40;100mS [0;1;30;90;47m:%SSSSSSSSS[0;33;47m8[0;1;30;90;47mXSSS[0;33;47m8[0;1;30;90;47mXSXXX[0;33;5;40;100m.[0;33;47m8[0;1;33;93;47mS[0;1;30;90;47mX[0;1;33;93;47m%[0;1;30;90;47mX[0;1;37;97;47m [0;33;47mX[0;1;30;90;47mX[0;1;37;97;47m [0;33;47m@[0;1;30;90;47m8[0;1;30;90;43m8[0;1;30;90;47m8@[0;1;30;90;43m8[0;1;30;90;47m8[0;33;47m@[0;1;30;90;47mX[0;33;47mX[0;1;30;90;47m8[0;33;47mXSX[0;1;31;91;43m8[0;33;47m8[0;1;30;90;43m8[0;1;33;93;43m;[0;37;43m@[0;1;30;90;43m8[0;37;43mS[0;1;30;90;43m8[0;37;43mS[0;1;30;90;43m88[0;1;33;93;43m.[0;1;31;91;43m8[0;1;30;90;43m88[0;1;31;91;43m8[0;1;30;90;43m8@[0;31;43m@[0;1;30;90;43m8S[0m
[0;30;5;40;100mS@S[0;33;5;40;100mS[0;34;5;40;100mS[0;32;5;40;100mS[0;33;5;40;100m@[0;32;5;40;100mXSS[0;33;5;40;100mS[0;32;5;40;100mS[0;36;5;40;100mS[0;33;5;40;100mX[0;37;5;40;100m%[0;1;30;90;47m8[0;33;47m8[0;33;5;40;100m [0;37;5;40;100mX[0;33;5;40;100m  [0;37;5;40;100m8[0;33;5;40;100m.[0;37;5;40;100m8[0;33;5;40;100m  [0;37;5;40;100m8[0;33;5;40;100m.[0;1;30;90;47m@[0;33;5;40;100m [0;37;5;40;100m888[0;33;5;40;100m [0;1;30;90;47mS[0;37;5;40;100m8[0;1;30;90;47m@S[0;33;47m@@[0;1;30;90;47m:[0;33;5;40;100m:   [0;1;30;90;47m8[0;33;5;40;100m  [0;37;5;40;100m%X[0;1;30;90;47mSt[0;36;5;40;100m [0;1;30;90;47mXSt%%X[0;37;5;40;100mX[0;35;5;40;100m [0;1;30;90;47mt[0;1;37;97;47mt[0;33;47m8[0;1;30;90;47m8[0;33;5;40;100m:[0;37;5;40;100m8[0;33;5;40;100m.[0;37;5;40;100m8[0;33;5;40;100m:[0;37;5;40;100m8[0;33;5;40;100m.[0;37;5;40;100m8[0;33;5;40;100m [0;1;30;90;47m8[0;33;5;40;100m [0;1;30;90;47m8[0;33;5;40;100m:[0;1;30;90;47m8[0;37;5;40;100m@[0;33;5;40;100m [0;37;5;40;100m8[0;33;5;40;100m:[0;1;30;90;47mXt:[0;1;30;90;43m8[0;1;31;91;41m8[0;1;30;90;47m;X88888[0;33;5;40;100mX[0;30;41m@[0;1;30;90;41m8[0;33;5;40;100mt[0;1;30;90;41m8[0;30;41m8[0;31;5;40;100m8[0;33;5;40;100m8[0;1;30;90;47m8[0;33;5;40;100m%[0;1;30;90;41mX[0;33;5;40;100m.[0;1;30;90;47m8[0;33;47m8[0;1;30;90;43m888[0;1;30;90;41m8[0;1;30;90;43mX[0;33;41m8[0;1;30;90;43m8[0;31;43m8[0;1;30;90;43m8[0;31;43m8[0;1;30;90;43m888[0;31;43m8[0;1;30;90;43m88[0;31;43m8[0;33;5;40;100m8[0;33;41m8[0;33;5;40;100m8[0;33;41m8[0m
[0;30;5;40;100mX[0;32;5;40;100mS[0;30;5;40;100mX@SS[0;34;5;40;100m@[0;31;5;40;100m8[0;34;5;40;100m@[0;30;5;40;100mX[0;34;5;40;100mS[0;31;5;40;100mS[0;30;5;40;100mX[0;36;5;40;100m%[0;33;5;40;100m:[0;37;43m8[0;1;30;90;47mS[0;33;5;40;100m: [0;37;5;40;100m8[0;33;5;40;100m  [0;37;5;40;100m@[0;33;5;40;100m [0;37;5;40;100m88[0;33;5;40;100m [0;37;5;40;100m8[0;33;5;40;100m [0;1;30;90;47m@[0;33;5;40;100m [0;37;5;40;100m888[0;33;5;40;100m [0;37;5;40;100m8[0;33;5;40;100m [0;1;30;90;47m@[0;33;47mXX@[0;33;5;40;100m [0;37;5;40;100m8[0;33;5;40;100m [0;37;5;40;100mX[0;1;30;90;47m8[0;37;5;40;100mX@%S[0;1;30;90;47m8S8S:[0;1;37;97;47m:[0;1;30;90;47m.;[0;1;37;97;47m [0;1;30;90;47m8[0;37;5;40;100m@[0;1;30;90;47m:[0;33;47mX[0;1;37;97;47m:[0;1;30;90;47m@8888@8@@@8@8@[0;37;5;40;100m8[0;1;30;90;47m@X@@[0;37;5;40;100m8[0;1;30;90;47m%@[0;33;5;40;100mS[0;1;30;90;43m8[0;1;37;97;47m [0;1;30;90;47m88[0;33;5;40;100mS[0;1;30;90;47m8[0;1;37;97;47m [0;1;30;90;47m8[0;31;5;40;100m8[0;1;30;90;40m@8[0;31;5;40;100mS[0;32;40mt%[0;31;40mS[0;1;30;90;40mX[0;31;5;40;100m88[0;32;40m%[0;33;5;40;100m:@.[0;1;30;90;47m8[0;31;5;40;100m8@X8[0;33;5;40;100m8[0;30;41m8[0;33;5;40;100m@[0;31;5;40;100m888[0;30;41m8[0;31;5;40;100mX88@8[0;1;30;90;40m88[0;30;41m8[0;33;5;40;100m@[0m
[0;30;5;40;100mXSS[0;35;5;40;100mS[0;32;5;40;100m@[0;31;5;40;100mX[0;30;5;40;100m@[0;32;5;40;100mX[0;30;5;40;100mX[0;33;5;40;100mS[0;30;5;40;100mX[0;36;5;40;100mX[0;31;5;40;100mX[0;36;5;40;100mt[0;33;5;40;100m [0;37;43m8[0;1;30;90;43m8[0;1;30;90;47mX[0;33;5;40;100m. [0;37;5;40;100m8[0;33;5;40;100m  [0;37;5;40;100m8[0;33;5;40;100m  [0;37;5;40;100m8[0;33;5;40;100m [0;37;5;40;100m8[0;33;5;40;100m [0;1;30;90;47m@[0;33;5;40;100m.[0;37;5;40;100m8[0;33;5;40;100m [0;1;30;90;47mS[0;33;5;40;100m [0;1;30;90;47m@[0;37;5;40;100m8[0;33;47m@XX[0;33;5;40;100m [0;37;5;40;100m88[0;33;5;40;100m [0;1;30;90;47m@[0;37;5;40;100mXXXX[0;1;30;90;47m8[0;37;5;40;100mX[0;1;30;90;47m8%;:tS;%[0;33;5;40;100m [0;1;30;90;47m [0;1;33;93;47mS[0;1;30;90;47m;8[0;33;5;40;100m [0;1;30;90;47m8[0;33;5;40;100m;[0;1;30;90;47m8[0;37;5;40;100m8[0;33;5;40;100m.% [0;1;30;90;47m@[0;37;5;40;100m8888[0;1;30;90;47m8[0;37;5;40;100m8888[0;1;30;90;47m@XS[0;33;5;40;100mX[0;33;41mS[0;35;5;40;100m.[0;31;5;40;100m8X[0;31;40m8[0;1;30;90;41m8[0;33;5;40;100m: [0;31;5;40;100mS[0;33;5;40;100mS[0;1;30;90;40m8[0;31;40m%[0;1;30;90;40mX[0;31;40m;[0;32;40m%[0;31;40m%[0;32;40m%t[0;31;40mXS8[0;33;5;40;100m8[0;31;5;40;100m@[0;33;5;40;100m888[0;30;5;40;100m@[0;33;5;40;100m88@[0;30;5;40;100m@[0;32;40m@[0;33;5;40;100m@88[0;30;42m8[0;33;5;40;100m8[0;30;5;40;100m@[0;1;30;90;43m%[0;33;5;40;100m8[0;30;5;40;100mX[0;32;5;40;100mX[0;33;5;40;100m8[0m
[0;30;5;40;100mSXX@S[0;34;5;40;100mS[0;30;5;40;100mX[0;31;5;40;100mS[0;34;5;40;100mS[0;30;5;40;100m@[0;33;5;40;100m%[0;30;5;40;100mX[0;36;5;40;100mS[0;33;5;40;100m%[0;37;5;40;100m8[0;33;5;40;100m:[0;1;30;90;47mS[0;33;5;40;100m; [0;37;5;40;100m8[0;33;5;40;100m [0;37;5;40;100m8[0;33;5;40;100m [0;37;5;40;100m8[0;33;5;40;100m [0;37;5;40;100m8[0;33;5;40;100m [0;37;5;40;100m8[0;33;5;40;100m [0;37;5;40;100m8[0;33;5;40;100m [0;37;5;40;100m888[0;33;5;40;100m [0;1;30;90;47m@[0;33;5;40;100m.[0;1;30;90;47m@[0;33;47m8X[0;1;30;90;47m@[0;33;5;40;100m%t. [0;1;30;90;47mS;@XSt[0;1;37;97;47m [0;1;30;90;47mtt;:.[0;37;5;40;100m88[0;1;30;90;47m88%[0;33;47mXX[0;1;30;90;47m@@[0;33;5;40;100m;[0;31;5;40;100m8[0;33;5;40;100m8 [0;31;5;40;100mSX[0;33;5;40;100m [0;1;30;90;47m8[0;37;5;40;100m8[0;1;30;90;47m8[0;37;5;40;100m88888888[0;1;30;90;47mXX[0;33;5;40;100m8[0;31;40mS[0;30;5;40;100m8[0;31;40mS[0;32;40mS[0;31;40m%[0;1;30;90;40m8[0;33;5;40;100m8[0;31;40mX[0;32;40mt[0;35;5;40;100mS[0;30;5;40;100m8[0;32;40m;[0;31;40mt[0;32;40m%[0;31;40mt[0;32;40mt[0;31;40m%[0;1;30;90;40mX[0;32;40mt[0;1;30;90;40mS8[0;31;40m@[0;32;40mX[0;31;5;40;100m8[0;30;5;40;100m@[0;1;30;90;43mX[0;33;5;40;100m8[0;1;30;90;43m@[0;33;5;40;100m88[0;1;30;90;43m8[0;33;5;40;100m888[0;1;30;90;43m8[0;33;5;40;100m8[0;1;30;90;43mS[0;33;5;40;100m888[0;1;30;90;41m88[0;1;30;90;43m;[0m
[0;30;5;40;100mSS[0;32;5;40;100mS[0;31;5;40;100mS[0;30;5;40;100mX[0;32;5;40;100mX[0;30;5;40;100mXS[0;32;5;40;100mX[0;34;5;40;100mS[0;30;5;40;100mX[0;35;5;40;100m;[0;30;5;40;100mX[0;33;5;40;100m.[0;1;30;90;43m8[0;33;47m8[0;33;5;40;100mt[0;37;5;40;100m8[0;33;5;40;100m [0;37;5;40;100m8@[0;33;5;40;100m [0;37;5;40;100m8[0;33;5;40;100m [0;37;5;40;100m8[0;33;5;40;100m [0;37;5;40;100m8[0;33;5;40;100m [0;37;5;40;100m8[0;33;5;40;100m [0;37;5;40;100m8[0;33;5;40;100m  [0;37;5;40;100m88[0;33;5;40;100m [0;37;5;40;100m8[0;1;30;90;47m8[0;33;47m888[0;35;5;40;100m:[0;33;5;40;100m.  [0;1;30;90;47mS[0;37;5;40;100m@[0;33;5;40;100m; .[0;1;30;90;47m8t[0;33;5;40;100m [0;37;5;40;100m@[0;33;5;40;100m [0;1;30;90;47m8;[0;33;5;40;100m [0;1;30;90;47m8[0;33;5;40;100m  [0;1;30;90;47m [0;33;47m@[0;1;30;90;47m:[0;33;5;40;100m;S%[0;31;40mt[0;1;30;90;40m@[0;30;5;40;100mX[0;32;40mtt[0;30;5;40;100m8[0;31;5;40;100m@[0;33;5;40;100mt[0;37;5;40;100m888@88@@8[0;33;5;40;100m t[0;1;30;90;40m8[0;31;40mX[0;1;30;90;40m88[0;30;5;40;100m8[0;1;30;90;40m@[0;31;40mt[0;1;30;90;40mXX[0;31;40m:[0;32;40mS[0;31;5;40;100mX[0;32;40mS[0;1;30;90;40m@[0;31;40m;[0;34;40m;[0;32;40m;[0;34;40mt[0;31;40m%[0;32;40mt[0;31;40m;[0;1;30;90;40m@[0;32;40mX[0;31;40m8[0;32;40m@[0;31;40m@[0;1;30;90;40m88[0;1;30;90;43m8[0;33;5;40;100m8[0;1;30;90;41m8[0;31;5;40;100mX@[0;33;5;40;100m8[0;1;30;90;43mX[0;1;30;90;41m8[0;31;5;40;100m@[0;1;30;90;41m8[0;33;5;40;100m8[0;31;5;40;100mX[0;33;5;40;100m8[0;32;40m8[0;1;30;90;40m8[0;31;5;40;100mS[0m
[0;30;5;40;100mXSX[0;34;5;40;100mX[0;30;5;40;100mS[0;31;5;40;100mX[0;34;5;40;100mS[0;30;5;40;100mS[0;31;5;40;100mX[0;32;5;40;100mX[0;30;5;40;100mS[0;33;5;40;100mt[0;35;5;40;100m%[0;33;5;40;100m [0;37;5;40;100m8[0;1;30;90;43m8[0;37;5;40;100m8[0;33;5;40;100m.  [0;37;5;40;100m8[0;33;5;40;100m [0;37;5;40;100m@[0;33;5;40;100m  [0;37;5;40;100m8[0;33;5;40;100m. [0;37;5;40;100m8[0;33;5;40;100m [0;37;5;40;100m88[0;33;5;40;100m [0;37;5;40;100m8[0;33;5;40;100m [0;1;30;90;47m@[0;33;5;40;100m [0;1;30;90;47mX[0;33;47m88[0;37;5;40;100m%[0;33;5;40;100m%...[0;1;30;90;47mS[0;33;5;40;100m  [0;37;5;40;100mt[0;36;5;40;100m [0;1;30;90;47m8%[0;33;5;40;100m [0;37;5;40;100m@S@[0;1;30;90;47m;[0;33;5;40;100m [0;1;30;90;47m8[0;33;5;40;100m  [0;1;30;90;47m [0;33;47m8[0;1;30;90;47mX[0;33;5;40;100m8[0;31;40m@[0;30;5;40;100m@[0;32;40mt[0;31;40mt[0;32;40m%[0;31;40mX%[0;32;40m%t[0;31;5;40;100mX[0;33;5;40;100m [0;37;5;40;100m@X@XXX[0;33;5;40;100m [0;1;30;90;47m8[0;33;5;40;100m 8[0;31;40m;[0;32;40mS[0;31;40mX[0;32;40mS[0;31;40mX[0;1;30;90;40mX[0;32;40m;[0;31;40m;[0;32;40m%[0;31;40m%[0;1;30;90;40mX[0;32;40m:[0;31;40mS[0;30;5;40;100m@[0;32;40m%[0;31;40mS[0;32;40mt[0;31;40m%[0;32;40mt[0;31;40m;[0;32;40mt[0;31;40mS[0;30;5;40;100m8[0;32;40mt[0;31;40mS[0;32;40m@[0;31;5;40;100mS[0;33;5;40;100m888[0;31;40mX[0;32;40m8[0;31;40mX[0;33;5;40;100m8[0;1;30;90;43mX[0;33;5;40;100m8[0;32;40m8[0;31;5;40;100mX[0;32;5;40;100mS[0;1;30;90;43m.[0;31;5;40;100mX[0;33;5;40;100m8[0;31;40mS[0;1;30;90;43mt[0m
[0;33;5;40;100m:.;%::t:...;t%.[0;37;5;40;100m8[0;33;5;40;100m% [0;37;5;40;100m8[0;33;5;40;100m. [0;37;5;40;100m@[0;33;5;40;100m [0;37;5;40;100m8[0;33;5;40;100m  [0;37;5;40;100m88[0;33;5;40;100m [0;37;5;40;100m8[0;33;5;40;100m.[0;37;5;40;100m8[0;33;5;40;100m [0;1;30;90;47m@[0;33;5;40;100m [0;37;5;40;100m8[0;33;5;40;100m [0;37;5;40;100m8[0;1;30;90;43m8[0;1;30;90;47m%[0;33;5;40;100m.;:[0;36;5;40;100m:[0;33;5;40;100m;[0;1;30;90;47mS[0;33;5;40;100m .[0;36;5;40;100m.;[0;1;30;90;47m8@[0;33;5;40;100mt[0;36;5;40;100m.[0;33;5;40;100m [0;1;30;90;47m8t[0;33;5;40;100m;[0;37;5;40;100mS[0;33;5;40;100m ;[0;1;30;90;47m;[0;33;47m8[0;31;5;40;100m8[0;33;5;40;100m;[0;1;30;90;40m@8[0;31;40m%[0;32;40m%[0;31;40mS[0;32;40mS[0;1;30;90;40m@[0;31;40mt[0;1;30;90;40mX@[0;30;5;40;100mX[0;33;5;40;100m  [0;37;5;40;100m88@88[0;33;5;40;100m;;[0;1;30;90;40m88[0;31;40m%[0;32;40mX[0;31;40m@[0;32;40mX[0;1;30;90;40m@[0;31;40m%[0;1;30;90;40m8[0;31;40m%[0;1;30;90;40m@[0;32;40mt[0;31;40mt[0;32;40mS[0;1;30;90;40m8[0;31;40m@[0;1;30;90;40mX[0;32;40m%[0;1;30;90;40mX[0;31;40m%[0;32;40m;[0;31;40m%[0;32;40mS[0;31;40m%[0;1;30;90;40mX[0;32;40m;[0;31;40m%[0;32;5;40;100mX[0;31;40m8[0;33;5;40;100m88[0;31;5;40;100mX[0;32;40m@[0;30;5;40;100m8[0;1;30;90;41m8[0;1;30;90;43mS[0;33;5;40;100m8[0;33;41m8[0;32;40m8[0;31;5;40;100mX[0;1;30;90;43mX[0;33;5;40;100m8[0;1;30;90;40m88[0;30;5;40;100mS[0m
[0;33;5;40;100m [0;37;5;40;100m8[0;33;5;40;100m:[0;37;5;40;100m8[0;33;5;40;100m.[0;1;30;90;47mX[0;33;5;40;100m;[0;37;5;40;100m8[0;33;5;40;100m.[0;1;30;90;47mX[0;33;5;40;100m;[0;37;5;40;100m8[0;33;5;40;100m [0;1;30;90;47mt[0;1;30;90;43m8[0;1;30;90;47mS8[0;37;5;40;100m8@[0;1;30;90;47m8[0;37;5;40;100m@[0;1;30;90;47m8[0;37;5;40;100mX[0;1;30;90;47m888[0;37;5;40;100m@[0;1;30;90;47m888888888XS;;[0;33;5;40;100m %[0;36;5;40;100m:[0;33;5;40;100mt[0;36;5;40;100mt[0;1;30;90;47m%888[0;37;5;40;100mX[0;1;30;90;47mX8888@X[0;33;5;40;100m%[0;36;5;40;100m;[0;33;5;40;100m;:X[0;30;5;40;100m@[0;32;40mS[0;31;40mS[0;1;30;90;40mX[0;32;40mt[0;1;30;90;40mS[0;31;40m%[0;32;40m%[0;31;40m%[0;32;40mt[0;31;40mt[0;32;40m%[0;31;40mS[0;1;30;90;40m8[0;30;5;40;100m@[0;31;40mX[0;1;30;90;40m8[0;30;5;40;100m@X@@[0;1;30;90;40m8[0;32;40mt[0;31;40m%[0;32;40m%[0;31;40mS[0;1;30;90;40m@[0;32;40mt[0;31;40mX[0;32;40mt[0;31;40mt[0;32;40mt[0;1;30;90;40m@[0;31;40m%[0;32;40m%[0;31;40m%[0;1;30;90;40mS[0;31;40m%[0;32;40m@[0;31;40mX%[0;32;40mS[0;31;40mS[0;1;30;90;40mX[0;32;40m;[0;31;40m%[0;32;40mt[0;31;40m%[0;32;40m;[0;1;30;90;40mX[0;31;40mX[0;32;40m@[0;31;5;40;100m8[0;33;5;40;100m8[0;31;40m8[0;30;5;40;100mS[0;32;40mS[0;31;5;40;100mS[0;1;30;90;43mt[0;31;5;40;100mX[0;33;5;40;100m8[0;30;41m8[0;33;5;40;100m888[0;31;5;40;100mS[0;32;40m8[0;1;30;90;41m8[0m
[0;33;5;40;100m :[0;33;47m8[0;33;5;40;100m:[0;33;47m8[0;33;5;40;100mt[0;1;30;90;47mS[0;1;30;90;43m8[0;1;30;90;47mS[0;1;30;90;43m8[0;1;30;90;47mX[0;1;30;90;43m8[0;1;30;90;47mS[0;1;30;90;43m8[0;1;30;90;47mX[0;33;5;40;100m [0;1;30;90;47m8[0;33;5;40;100m [0;1;30;90;47m8[0;33;5;40;100m [0;1;30;90;47m8[0;37;5;40;100mt[0;1;30;90;47m8[0;33;5;40;100m [0;1;30;90;47m88[0;37;5;40;100m%[0;1;30;90;47m8[0;37;5;40;100m%[0;1;30;90;47m8[0;37;5;40;100m%[0;1;30;90;47m88[0;37;5;40;100mS[0;1;30;90;47m88[0;37;5;40;100m@[0;1;30;90;47m8[0;37;5;40;100m8[0;1;30;90;47mS[0;33;5;40;100m.%[0;36;5;40;100mt[0;33;5;40;100m%[0;36;5;40;100m:[0;1;30;90;47mX[0;33;5;40;100mS[0;36;5;40;100mS[0;33;5;40;100mS[0;36;5;40;100m%[0;1;30;90;47m8[0;33;5;40;100m t[0;36;5;40;100m;[0;33;5;40;100mX [0;1;30;90;47m@[0;32;5;40;100mS[0;36;5;40;100m:%[0;33;5;40;100m;%[0;1;30;90;40m8@[0;32;40mt[0;31;40m%t[0;32;40mt[0;1;30;90;40mS[0;31;40m%[0;34;40m%[0;31;40m%[0;32;40mS[0;1;30;90;40mX[0;32;40m%[0;31;40m%[0;32;40mtt[0;31;40mt[0;32;40mS[0;1;30;90;40m88[0;32;40m8[0;1;30;90;40m88[0;32;40mt[0;31;40mX[0;1;30;90;40m8[0;31;40mt[0;32;40mt[0;31;40mS[0;1;30;90;40m@[0;32;40m;[0;31;40mS[0;32;40mS[0;31;40mS[0;1;30;90;40mX[0;32;40m;[0;31;40mt[0;32;40mt[0;31;40m@[0;32;40mS[0;1;30;90;40mX[0;31;40mS[0;32;40mS[0;31;40mt[0;1;30;90;40mS[0;31;40m%[0;32;40m%[0;31;40mtt[0;1;30;90;40m@8[0;31;40m;[0;32;40mS[0;33;5;40;100m8[0;1;30;90;43mt[0;1;30;90;41m8[0;32;40m8[0;31;5;40;100mX[0;1;30;90;43m%[0;33;5;40;100m8[0;1;30;90;41m8[0;1;30;90;42m8[0;31;5;40;100mS[0;1;30;90;43m%[0;33;5;40;100m88[0;1;30;90;41m8[0;30;42m8[0m
[0;33;5;40;100m [0;1;30;90;47mt[0;1;30;90;43m8[0;1;30;90;47m%[0;33;5;40;100m;[0;33;47m8[0;33;5;40;100m:[0;1;30;90;47mt[0;1;30;90;43m8[0;1;30;90;47mX[0;33;5;40;100m;[0;1;30;90;47mt[0;1;30;90;43m8[0;1;30;90;47mS[0;33;5;40;100m:[0;1;30;90;47m8[0;33;5;40;100m:[0;33;47m8[0;1;30;90;47m8888888[0;37;5;40;100m:[0;1;30;90;47m88888[0;33;47m8[0;1;30;90;47m888[0;33;47m8[0;1;30;90;47m8888[0;33;5;40;100m:S[0;36;5;40;100mX[0;32;5;40;100mS[0;33;5;40;100m.[0;1;30;90;47m8[0;33;5;40;100mt[0;36;5;40;100mt[0;33;5;40;100m;%[0;1;30;90;47m8[0;37;5;40;100m@[0;33;5;40;100mt[0;36;5;40;100m;t[0;37;5;40;100m@[0;1;30;90;47m8[0;32;5;40;100mS[0;33;5;40;100mt[0;32;5;40;100mS[0;36;5;40;100m:[0;32;5;40;100mX[0;1;30;90;40m8[0;31;40mS[0;32;40mS[0;31;40mt[0;32;40m%[0;31;40mt[0;32;40mt[0;31;40mt[0;32;40mS[0;31;40mt[0;34;40m;[0;31;40mS[0;32;40m%[0;31;40m%[0;32;40mt[0;31;40mS[0;32;40mt[0;31;40mS[0;32;40m%[0;1;30;90;40m8[0;30;5;40;100m8[0;31;40mS[0;32;40mS[0;31;40m%[0;32;40mt[0;31;40mt[0;32;40mt[0;31;40mS[0;32;40m%[0;31;40m;[0;1;30;90;40mS[0;31;40m%[0;1;30;90;40m@[0;32;40mt[0;31;40mS[0;1;30;90;40m@[0;31;40mt[0;32;40m%[0;31;40mt[0;1;30;90;40mS[0;31;40m;[0;32;40mt[0;31;40mt[0;32;40m;:[0;34;40m;[0;31;40mt[0;32;40mt[0;31;40mt[0;1;30;90;40m8[0;32;40m%[0;31;40mtt[0;1;30;90;40m8[0;31;40m@[0;32;5;40;100m@[0;30;41m8[0;32;5;40;100m@[0;1;30;90;43m%[0;30;41m8[0;1;30;90;43mt[0;31;40m8[0;1;30;90;43mS[0;33;5;40;100m88[0;30;5;40;100m8[0;31;5;40;100mS[0;31;40m@[0m
[0;33;5;40;100mX8X8@X88X88888888@8[0;32;5;40;100m8[0;1;30;90;43m8[0;33;5;40;100m@88X%[0;1;30;90;43m8[0;33;5;40;100m%XX%[0;36;5;40;100mt[0;1;30;90;43m8[0;33;5;40;100m%%:t[0;1;30;90;47m8[0;33;47m8[0;1;30;90;47m8[0;36;5;40;100m:[0;32;5;40;100mX[0;33;5;40;100mt[0;36;5;40;100mt[0;33;5;40;100m [0;1;30;90;47m8[0;36;5;40;100m;[0;33;5;40;100m;[0;36;5;40;100mt;[0;1;30;90;47m@[0;33;5;40;100m [0;36;5;40;100m.[0;33;5;40;100m:t[0;37;5;40;100mS8[0;33;5;40;100mt[0;36;5;40;100m%[0;33;5;40;100m%[0;35;5;40;100mt[0;32;5;40;100mS[0;1;30;90;40m88[0;31;40mS[0;32;40m%[0;34;40mt[0;31;40mS[0;1;30;90;40mX[0;32;40mt[0;31;40mt[0;34;40m;[0;32;40mt[0;31;40mS[0;1;30;90;40m@[0;32;40mt[0;31;40mt[0;32;40m;[0;31;40m%[0;32;40m;[0;31;40mS[0;1;30;90;40m8[0;32;40mX[0;30;5;40;100m8[0;31;40m%[0;32;40mt[0;31;40mt[0;32;40m;[0;31;40m%[0;32;40m%[0;31;40mt[0;34;40m:[0;32;40m;;[0;31;40m%t[0;32;40m%[0;31;40m%[0;32;40mS[0;31;40m@[0;34;40m%[0;32;40m%[0;31;40m%[0;32;40mt[0;34;40mt[0;31;40mt[0;32;40mt[0;31;40m%[0;32;40mt[0;34;40m%[0;31;40mS[0;32;40m%[0;31;40mS[0;32;40mS[0;31;40mS[0;33;5;40;100m8[0;32;40m@[0;31;40m@[0;32;40m8[0;30;41m8[0;33;5;40;100m88[0;32;5;40;100m@[0;31;5;40;100mS[0;30;5;40;100mX[0;1;30;90;43mt[0;31;5;40;100mS[0;1;30;90;43m:[0;32;40m@[0;31;5;40;100mX[0m
[0;1;30;90;40m88[0;30;5;40;100m8[0;31;5;40;100m8[0;1;30;90;40m8[0;31;5;40;100mS[0;30;5;40;100m@[0;30;41m8[0;32;5;40;100m@[0;31;40m8[0;1;30;90;40m8[0;31;40m@[0;1;30;90;40m8[0;31;40m8[0;32;5;40;100m8[0;31;40mX[0;30;42m8[0;1;30;90;40m8[0;32;40m8[0;33;5;40;100m8[0;32;40mX[0;30;42m8[0;32;5;40;100mX[0;1;30;90;42m8[0;32;5;40;100m8@@[0;1;30;90;42m8[0;30;42m8[0;32;5;40;100mS[0;33;5;40;100m8[0;32;5;40;100mS[0;33;5;40;100m888[0;1;30;90;42m8[0;33;5;40;100m8[0;32;5;40;100m8[0;33;5;40;100m [0;1;30;90;47m8[0;33;5;40;100m:[0;37;5;40;100m@@88[0;1;30;90;47mS8@@X;%@@8S8[0;33;5;40;100m  [0;36;5;40;100m [0;33;5;40;100m:[0;30;5;40;100m8@[0;31;5;40;100m@[0;32;40mX[0;31;40m8[0;1;30;90;40m8[0;32;40mS[0;31;40m%[0;34;40m;[0;32;40m;[0;31;40mt[0;32;40mt[0;31;40mt[0;32;40mt[0;31;40mS[0;1;30;90;40mX[0;31;40mt[0;34;40m;[0;31;40m%[0;1;30;90;40m8[0;31;40m8[0;30;5;40;100m@[0;31;40mX[0;1;30;90;40m8[0;31;40mS[0;32;40m%[0;34;40m;[0;32;40m;[0;31;40m%[0;32;40m;[0;31;40mt[0;1;30;90;40mX[0;31;40m;[0;32;40mt[0;31;40mt[0;1;30;90;40mS[0;31;40m;[0;34;40mt[0;32;40mS[0;31;40mX[0;32;40mt[0;34;40m;[0;31;40mt[0;32;40mt[0;31;40mt;[0;32;40mt[0;31;40m%[0;32;40mt[0;31;40m%[0;1;30;90;40mS8[0;31;5;40;100mS[0;32;5;40;100m8[0;31;40m8[0;30;5;40;100mS[0;33;5;40;100m8@S8[0;1;30;90;43mX[0;31;5;40;100m@[0;1;30;90;43m%[0;33;5;40;100m888[0;31;5;40;100m@[0;33;5;40;100m88[0m
[0;32;40mX[0;30;41m8[0;32;40m8[0;31;40m8[0;30;42m8[0;31;40m8[0;1;30;90;42m8[0;31;40m8[0;32;40m8[0;31;5;40;100mX[0;32;40m8[0;31;5;40;100mS[0;32;40m8@[0;31;40m8[0;32;5;40;100m@[0;31;40m8[0;32;5;40;100mX[0;31;40m8[0;32;40m8[0;31;5;40;100mS[0;31;40m8[0;1;30;90;40m8[0;31;40m88[0;33;5;40;100m8[0;31;40m8[0;31;5;40;100mX8[0;32;40m%[0;1;30;90;41m8[0;33;5;40;100m8[0;32;40m%[0;31;40m8[0;33;5;40;100m8[0;32;40mS[0;30;5;40;100m@[0;33;5;40;100m8[0;32;5;40;100mS[0;1;30;90;43m;[0;36;5;40;100m [0;33;5;40;100m [0;1;30;90;47m@tX@S%;;.;;;;;:[0;33;5;40;100m [0;31;5;40;100mXS[0;33;5;40;100m8[0;31;5;40;100m8[0;33;5;40;100m8[0;31;5;40;100m8[0;33;5;40;100m8[0;31;5;40;100m8SX[0;30;5;40;100mX[0;1;30;90;41m8[0;32;40mS[0;31;40m%[0;32;40mt[0;1;30;90;40mS[0;31;40mt[0;32;40mS[0;31;40m%[0;32;40mt[0;31;40m;[0;32;40m%[0;31;40m%[0;32;40m@[0;31;40m@[0;32;40m8[0;31;40mX[0;1;30;90;40mX@[0;31;40mS[0;32;40m%[0;31;40m%[0;34;40m;[0;1;30;90;40m88[0;31;40m;[0;32;40m;;[0;31;40m:[0;32;40m;[0;31;40m%[0;32;40m;[0;31;40mt;[0;32;40m;[0;34;40m:[0;31;40m;[0;32;40m;[0;31;40mt[0;34;40mt[0;32;40m;[0;31;40m;[0;32;40mt[0;31;40mt[0;32;40m;[0;31;40m;.[0;32;40m;[0;31;40m%X[0;31;5;40;100mX[0;30;5;40;100mX[0;30;41m8[0;30;5;40;100m@[0;31;5;40;100m@[0;1;30;90;40m8[0;1;30;90;41m8[0;31;5;40;100m@[0;31;40m8[0;33;5;40;100m8[0;31;40m8[0;33;5;40;100m8[0m
[0;1;30;90;40m8[0;33;5;40;100m8[0;31;40m@[0;32;5;40;100m@[0;30;41m8[0;1;30;90;42m8[0;30;41m8[0;32;5;40;100m8[0;31;40m8[0;30;42m8[0;1;30;90;41m8[0;32;40m8[0;1;30;90;41m8[0;33;5;40;100m8[0;31;40m%[0;32;40m@[0;31;40m8[0;32;40m8[0;31;5;40;100mS[0;31;40m@[0;1;30;90;42m8[0;31;40m8[0;1;30;90;42m8[0;33;5;40;100m8[0;32;40m@[0;1;30;90;41m8[0;30;42m8[0;1;30;90;40m8[0;1;30;90;43m:[0;31;40m%[0;32;40m8[0;31;40m8[0;32;5;40;100mX[0;32;40mX[0;31;5;40;100mX[0;33;41m8[0;33;5;40;100m8[0;31;5;40;100mX[0;33;5;40;100mt[0;35;5;40;100m [0;37;5;40;100m8[0;1;30;90;47m@X%SSSSXSSSXXX[0;37;5;40;100m8[0;1;30;90;47mS[0;33;5;40;100m8[0;31;40m8[0;33;5;40;100m8[0;30;41m8[0;33;5;40;100m8[0;31;40m@[0;33;5;40;100m8[0;31;40m%[0;32;5;40;100mX[0;1;30;90;41m8[0;30;42m8[0;31;5;40;100m@[0;32;40m8[0;31;5;40;100mX[0;30;5;40;100m@[0;31;40mX[0;32;40mX[0;30;5;40;100m8[0;31;40mS[0;1;30;90;40mS[0;31;40mt[0;32;40mt[0;31;40mt[0;1;30;90;40mS@@[0;31;40mS[0;32;5;40;100m8[0;31;40mS[0;30;5;40;100m@[0;31;5;40;100mSX[0;30;5;40;100m@[0;31;5;40;100m@[0;32;40mS[0;31;40mS[0;32;40m;[0;31;40m%[0;34;40m;[0;32;40m;[0;31;40m;[0;32;40m:[0;34;40m;[0;32;40m;[0;31;40mt[0;34;40m:[0;32;40m:[0;31;40m:[0;34;40m;[0;32;40m;[0;31;40m::[0;34;40m;[0;32;40m:[0;31;40m:[0;32;40m:[0;31;40m;[0;32;40mt[0;31;40mS[0;32;40m@[0;1;30;90;40m8[0;32;40mS[0;31;5;40;100m8[0;32;40m8[0;31;5;40;100m8[0;32;40m@[0;1;30;90;41m8[0;32;40m8[0;1;30;90;40m8[0;32;40m8[0;31;40m8[0;30;5;40;100m8[0;31;40mX[0m
[0;31;5;40;100mS[0;31;40m8[0;33;5;40;100m8[0;31;40m8[0;32;5;40;100mS[0;31;40m8[0;32;40m8[0;30;41m8[0;30;5;40;100mX[0;1;30;90;41m8[0;32;40m8[0;1;30;90;41m8[0;31;40m8[0;33;5;40;100m88[0;1;30;90;41m8[0;32;5;40;100mS[0;31;40m@[0;32;40m8[0;31;5;40;100mX[0;32;40mS[0;31;40m8[0;33;5;40;100m8[0;31;40mS[0;32;5;40;100mS[0;31;40mS[0;1;30;90;43m%[0;31;40m8[0;30;5;40;100m8[0;33;5;40;100m8[0;31;5;40;100mX[0;30;42m8[0;33;41m8[0;33;5;40;100m%. . [0;1;30;90;47m8XSXXXSXSXSXS%%%[0;33;5;40;100m:[0;1;30;90;47m.[0;33;5;40;100m8[0;1;30;90;41m8[0;31;5;40;100mS[0;1;30;90;43mt[0;33;5;40;100m8[0;1;30;90;41m8[0;33;5;40;100m8[0;1;30;90;40m8[0;33;5;40;100m8[0;31;40mX[0;30;42m8[0;1;30;90;41m8[0;32;40m8[0;31;5;40;100m@S[0;32;40m8[0;31;5;40;100mS[0;1;30;90;40m8[0;33;5;40;100m8[0;31;40m8[0;32;5;40;100mX[0;31;40m8[0;31;5;40;100mS[0;1;30;90;40m8[0;31;5;40;100mX[0;31;40m8[0;32;40m8[0;31;5;40;100mX[0;31;40m8[0;33;5;40;100m8[0;32;40m8[0;33;5;40;100m8[0;31;5;40;100mX[0;30;42m8[0;1;30;90;41m8[0;33;5;40;100m8[0;31;40mS[0;32;40m@[0;31;5;40;100m8[0;32;40mX[0;31;40m8[0;30;5;40;100m8[0;31;40mX%[0;32;40mt[0;31;40m;[0;32;40m;[0;31;40m:[0;32;40m:[0;31;40m:[0;32;40m:[0;31;40m:[0;32;40m;[0;31;40m:[0;32;40m:[0;31;40m;[0;32;40m:[0;31;40m;[0;32;40mt[0;31;40mt%[0;32;40mS[0;31;40mS[0;32;40m%[0;31;40mX[0;32;40mS[0;31;40m@[0;32;40m@[0;31;40m@[0;32;40m@[0;1;30;90;41m8[0;32;40mXX[0;1;30;90;40m8[0m
[0;30;5;40;100m8[0;32;40m@[0;31;5;40;100mX[0;32;40m8[0;33;41m8[0;33;5;40;100m8[0;31;5;40;100mX[0;1;30;90;43m;[0;1;30;90;41m8[0;32;5;40;100mS[0;33;41m8[0;1;30;90;42m8[0;33;5;40;100m8[0;31;40m8[0;33;5;40;100m8[0;31;40m8[0;1;30;90;43m%[0;31;5;40;100mS[0;33;41m8[0;32;40m8[0;1;30;90;43mX[0;30;5;40;100mS[0;30;42m8[0;33;41m8[0;32;40m8[0;33;5;40;100m8[0;31;40mX[0;33;42m8[0;31;40m8[0;1;30;90;42m8[0;33;5;40;100m8[0;35;5;40;100m [0;37;5;40;100mX[0;33;5;40;100m [0;37;5;40;100mX[0;1;30;90;47m8S%8@XSSSXSXSX[0;33;47m8[0;1;30;90;47mX%%[0;33;47m8[0;1;30;90;47m;[0;33;5;40;100m.8[0;1;30;90;41m8[0;33;5;40;100m8[0;1;30;90;41mS[0;31;5;40;100mX[0;32;40m8[0;33;41m8[0;1;30;90;42m8[0;30;41m8[0;1;30;90;43m%[0;31;5;40;100mX[0;33;5;40;100m8[0;1;30;90;41m8[0;1;30;90;43m%[0;1;30;90;41mS[0;33;5;40;100m8[0;1;30;90;41m88[0;33;5;40;100m8[0;30;41m8[0;33;5;40;100m88[0;31;5;40;100m@[0;32;40m8[0;31;5;40;100mX[0;33;5;40;100m8[0;31;40m8[0;33;5;40;100m8[0;32;40m8[0;31;5;40;100mX[0;1;30;90;41m8[0;32;40m@[0;33;41m8[0;30;5;40;100mX[0;32;40m8[0;31;5;40;100mX[0;33;5;40;100m8[0;31;40mX[0;30;5;40;100m@[0;33;5;40;100m8[0;31;5;40;100m8[0;32;40m@[0;31;5;40;100mS[0;33;5;40;100m8[0;31;40m8[0;30;5;40;100m8[0;31;40mS[0;32;40mX[0;31;40mX[0;32;40m%[0;31;40m%[0;1;30;90;40mX[0;31;40mt[0;32;40mt[0;31;40m;[0;32;40m%[0;31;40m%[0;1;30;90;40m8[0;31;40mS[0;32;40m@[0;1;30;90;40m8[0;31;40mX[0;32;40mX[0;1;30;90;40m8[0;32;40mS[0;31;40mX[0;32;40m@[0;1;30;90;40m8[0;32;40m@[0;31;40m8[0;32;40m8[0;1;30;90;40m@[0;31;40m@[0;32;40m8[0m
[0;31;5;40;100mS[0;31;40m8[0;32;40m8[0;1;30;90;41m8[0;1;30;90;40m8[0;33;41m@[0;31;5;40;100mXS[0;32;43m8[0;31;40m@[0;32;40m@[0;31;40m8[0;32;5;40;100mS[0;31;43m8[0;32;40m@[0;31;5;40;100mX[0;31;40m%[0;32;40m8[0;31;5;40;100mS[0;30;41m8[0;1;30;90;40m8[0;33;41m8[0;1;30;90;40m8[0;30;42m8[0;1;30;90;41m8[0;30;42m8[0;1;30;90;43mt[0;31;40m8[0;33;5;40;100m [0;1;30;90;47m8[0;35;5;40;100m [0;33;5;40;100m.[0;37;5;40;100mX[0;1;30;90;47mS@XXXXSSSXSS[0;33;47m8[0;1;30;90;47mXXXS%%%[0;37;5;40;100m8[0;1;30;90;47mt[0;33;5;40;100mX[0;1;30;90;41m8[0;33;5;40;100m8[0;1;30;90;41m8[0;33;5;40;100m88[0;31;5;40;100mX[0;1;30;90;42m8[0;33;41m@[0;32;5;40;100mS[0;31;5;40;100mS[0;32;40mX[0;31;40m8[0;33;5;40;100m8[0;31;5;40;100m8[0;33;5;40;100m8[0;30;41m8[0;32;40m8[0;1;30;90;43mS[0;31;40m8[0;33;5;40;100mX[0;31;5;40;100m8[0;33;5;40;100m8[0;1;30;90;41m8[0;30;41m8[0;31;40m@[0;33;5;40;100m8[0;31;5;40;100mX[0;31;40m8[0;33;5;40;100m8[0;1;30;90;41m8[0;1;30;90;43m%[0;30;41m8[0;31;5;40;100mS[0;1;30;90;43mt[0;1;30;90;41m8[0;32;40mS[0;31;40m8[0;33;5;40;100m8[0;33;41m8[0;1;30;90;40m8[0;31;40m8[0;33;5;40;100m8[0;31;40mX[0;32;40m@[0;30;5;40;100m@[0;32;40m@[0;1;30;90;40m88[0;32;40mX[0;31;5;40;100m8[0;32;40m@[0;1;30;90;40m8[0;31;40m@[0;32;40m@[0;1;30;90;40m88[0;32;40mX[0;31;5;40;100m@[0;32;40mX[0;31;40mS[0;32;40mX[0;31;5;40;100m8[0;1;30;90;40m8[0;31;40mX[0;32;40m8[0;30;5;40;100m8[0;31;40mX[0;32;40m@[0;31;5;40;100m8[0;32;40m@[0;31;40mX[0;30;42m8[0;30;5;40;100mX[0;31;40mX[0m
[0;31;5;40;100m8[0;33;5;40;100m8[0;33;41m8[0;32;5;40;100mX[0;32;40m8[0;31;5;40;100mS[0;32;40m@[0;30;41m8[0;33;5;40;100m8[0;31;40mX[0;33;5;40;100m8[0;32;40m8[0;31;40m8[0;1;30;90;42m8[0;1;30;90;41m8[0;1;30;90;43m;[0;33;5;40;100m8[0;31;5;40;100mS[0;30;42m8[0;1;30;90;43m;[0;32;40m@[0;33;5;40;100m8[0;31;43m8[0;30;42m8[0;1;30;90;43m%[0;33;5;40;100m%[0;35;5;40;100m [0;37;5;40;100m@[0;33;5;40;100m;;[0;37;5;40;100mS[0;1;30;90;47m88@@@@XXXX[0;33;47m8[0;1;30;90;47m@XXX@XXSS[0;1;30;90;43m8[0;1;30;90;47m%X[0;33;5;40;100m 8[0;1;30;90;41m8[0;32;40m@[0;33;5;40;100m8[0;1;30;90;41m@[0;1;30;90;43mX[0;1;30;90;41m@[0;33;5;40;100m8[0;1;30;90;41m8[0;33;42m8[0;1;30;90;41m8[0;1;30;90;43m@[0;33;5;40;100m8[0;1;30;90;41m8[0;33;5;40;100m88[0;1;30;90;41m8[0;33;5;40;100m8[0;31;5;40;100m8[0;33;5;40;100m8[0;1;30;90;41mX[0;1;30;90;43mS[0;1;30;90;41m8[0;33;5;40;100m8[0;1;30;90;43mX[0;31;5;40;100mX[0;31;40m8[0;1;30;90;43mt[0;33;5;40;100m8[0;1;30;90;41m8[0;1;30;90;42m8[0;1;30;90;41m8[0;30;5;40;100mX[0;31;40m@[0;33;5;40;100m8[0;1;30;90;41m8[0;33;5;40;100m8[0;31;40m8[0;33;5;40;100m8[0;31;5;40;100m@[0;32;40m8[0;33;5;40;100m8[0;31;5;40;100m8[0;33;5;40;100m8[0;30;41m8[0;32;5;40;100mX[0;30;41m8[0;30;42m8[0;30;41m8[0;1;30;90;40m8[0;32;40m@[0;1;30;90;40m88[0;33;5;40;100m8[0;32;40m%[0;31;40mX[0;32;40m8[0;31;40m8[0;32;40m8[0;1;30;90;40m8[0;32;40mS[0;31;40mX[0;32;40m@X[0;31;5;40;100m8[0;32;40mS[0;31;40m@[0;1;30;90;42m8[0;31;40mS[0;32;40m@[0;1;30;90;40m8[0;32;40m@[0;31;40m8[0;32;40m8@[0m
[0;31;5;40;100m@[0;32;40m8[0;31;40m8[0;33;5;40;100m8[0;31;40mS[0;33;42m8[0;1;30;90;41m8[0;30;42m8[0;31;40m8[0;30;42m@[0;31;40m@[0;1;30;90;42m8[0;31;40m@[0;30;42m8[0;32;40m@[0;1;30;90;41m8[0;33;5;40;100m8[0;31;40mX[0;30;42m8[0;30;41m8[0;33;5;40;100m8[0;30;5;40;100mX[0;33;5;40;100mS[0;35;5;40;100m  ;[0;33;5;40;100m [0;37;5;40;100m8[0;1;30;90;47mX@8@@8@8[0;33;47m8[0;1;30;90;47m@X[0;33;47m8[0;1;30;90;47m@8[0;1;30;90;43m8[0;1;30;90;47mSXXS[0;33;47m8[0;1;30;90;47mXS%S8;[0;33;5;40;100m@[0;1;30;90;41m8[0;33;5;40;100m8[0;1;30;90;41m8[0;33;5;40;100m88X[0;1;30;90;41m8[0;31;40m@[0;33;5;40;100m8[0;30;41m8[0;33;5;40;100m8[0;31;5;40;100m88[0;1;30;90;41m8[0;31;5;40;100mS[0;1;30;90;41m8[0;31;5;40;100mS[0;1;30;90;41m8[0;1;30;90;43m8[0;31;5;40;100m8[0;33;5;40;100m8[0;1;30;90;41m8[0;33;5;40;100m8[0;30;41m8[0;31;5;40;100mX[0;31;43m8[0;30;42m8[0;31;5;40;100m8[0;32;40m8[0;1;30;90;40m8[0;30;41m8[0;1;30;90;42m8[0;30;41m8[0;1;30;90;42m8[0;1;30;90;41m8[0;1;30;90;42m8[0;30;41m8[0;32;5;40;100mS[0;31;40m8[0;32;5;40;100mS[0;1;30;90;41m8[0;30;42m8[0;30;41m8[0;32;5;40;100mS[0;1;30;90;41m8[0;31;40m@[0;32;5;40;100mS[0;30;41m8[0;33;5;40;100m88[0;1;30;90;41m8[0;32;40m8[0;31;40m8[0;32;40m8[0;31;5;40;100mX[0;32;40m8[0;31;5;40;100m@[0;32;40m8[0;1;30;90;41m8[0;1;30;90;40m8[0;31;5;40;100mX[0;32;40m8[0;31;40m8[0;30;5;40;100m@[0;32;40mS[0;1;30;90;41m8[0;32;40m@[0;31;40m@[0;32;40m8[0;1;30;90;41m8[0;32;40mX[0;31;40m8[0;32;40m8[0;1;30;90;40m8[0;31;40mX[0m
[0;32;40mX[0;30;5;40;100mX[0;32;40m88[0;31;40m8[0;32;40m88[0;1;30;90;41m8[0;30;42m@[0;1;30;90;40m8[0;30;42m8[0;30;41m8[0;33;5;40;100m8[0;1;30;90;41m8[0;1;30;90;40m8[0;1;30;90;43m:[0;1;30;90;40m8[0;1;30;90;43m.[0;31;40mS[0;33;5;40;100mX [0;37;5;40;100mX[0;33;5;40;100m;[0;35;5;40;100m%[0;33;5;40;100m.[0;1;30;90;47mXS@@@8[0;37;5;40;100m8[0;1;30;90;47mX[0;1;30;90;43m8[0;1;30;90;47mSX@XXXX@S@8[0;33;47m8[0;1;30;90;47m@XSS@[0;33;5;40;100m [0;1;30;90;47mt[0;33;5;40;100m [0;31;5;40;100m8[0;1;30;90;43m%[0;31;40m8[0;33;5;40;100m8[0;1;30;90;41m88S[0;1;30;90;42m8[0;33;5;40;100m8[0;1;30;90;41m8[0;31;5;40;100mS[0;1;30;90;41m8[0;33;5;40;100m8[0;31;5;40;100mS[0;1;30;90;43m.[0;31;40m8[0;1;30;90;43mS[0;33;41m8[0;31;5;40;100m8[0;31;40m@[0;30;5;40;100mX[0;30;41m@[0;1;30;90;43m;[0;31;5;40;100m8[0;33;5;40;100m8[0;32;40m%[0;1;30;90;40m8[0;33;5;40;100m8[0;30;41m8[0;33;5;40;100m8[0;1;30;90;41m8[0;1;30;90;43mt[0;30;41m8[0;32;5;40;100mS[0;33;41m8[0;32;40m8[0;1;30;90;41m8[0;30;42m8[0;30;41m8[0;33;42m8[0;1;30;90;41m8[0;33;42m8[0;1;30;90;41m8[0;33;5;40;100m8[0;31;40m8[0;1;30;90;43m%[0;31;40m8[0;32;5;40;100mS[0;32;40mS[0;1;30;90;41m8[0;33;5;40;100m8[0;31;40m@[0;33;5;40;100m8[0;31;40m8[0;33;5;40;100m8[0;30;41m8[0;32;5;40;100mS[0;30;41m8[0;32;5;40;100mX[0;31;40m8[0;1;30;90;43m;[0;31;5;40;100m8[0;33;5;40;100m8[0;1;30;90;43m8[0;31;40m8[0;1;30;90;42m8[0;31;40m8[0;1;30;90;42m8[0;31;40m8[0;1;30;90;40m8[0;32;40m8[0;31;5;40;100m@[0;32;40m8[0;31;5;40;100mX[0;32;40m88[0m
[0;30;5;40;100m@[0;31;43m@[0;33;5;40;100m8[0;32;40m@[0;1;30;90;43m.[0;31;40mS[0;1;30;90;42m8[0;32;40mX[0;30;41m@[0;1;30;90;43mS[0;1;30;90;41m8[0;30;42m@[0;1;30;90;41m8[0;30;42m8[0;31;40m8[0;32;5;40;100mX[0;31;5;40;100m@[0;33;5;40;100mt[0;36;5;40;100m [0;37;5;40;100mS[0;33;5;40;100mtt [0;37;5;40;100m8[0;1;30;90;47mX[0;37;5;40;100m8[0;1;30;90;47m@@@[0;37;5;40;100m8[0;1;30;90;47mX@XS@8[0;33;47m8[0;1;30;90;47m8@[0;33;47m8[0;1;30;90;47m8@@@8@SS@[0;1;30;90;43m8[0;33;5;40;100m.[0;1;30;90;47mt;[0;33;5;40;100m8[0;1;30;90;41m8[0;31;5;40;100mS[0;33;5;40;100m8@[0;1;30;90;43m8[0;33;5;40;100mS[0;1;30;90;41mX[0;31;5;40;100m8[0;1;30;90;43m%[0;31;40m8[0;1;30;90;42m8[0;1;30;90;41m8[0;1;30;90;43m;[0;31;5;40;100m@[0;33;5;40;100m88[0;1;30;90;41m8[0;33;5;40;100m8[0;31;5;40;100mS[0;30;42m8[0;31;43m8[0;33;5;40;100m8[0;31;40mS[0;30;5;40;100m8[0;33;5;40;100m8[0;1;30;90;41m8[0;33;5;40;100m8[0;1;30;90;41m8[0;1;30;90;43m8[0;31;5;40;100mS[0;1;30;90;43mt[0;31;40m@[0;33;5;40;100m8[0;31;40m8[0;30;5;40;100m@[0;1;30;90;43m;[0;1;30;90;40m8[0;1;30;90;43m@[0;31;5;40;100m@[0;30;41m8[0;33;5;40;100m8[0;31;40m8[0;32;5;40;100mS[0;31;40mS[0;32;5;40;100mS[0;31;40m8[0;1;30;90;43mS[0;30;41m8[0;33;5;40;100m8[0;31;5;40;100mS[0;32;40m8[0;1;30;90;43m;[0;31;40mS[0;33;5;40;100m8[0;31;40mS[0;1;30;90;43m;[0;1;30;90;40m8[0;1;30;90;43m:[0;31;40m8[0;32;5;40;100mS[0;31;40m8[0;32;5;40;100mX[0;31;40m8[0;33;5;40;100m88[0;31;40m@[0;33;5;40;100m8[0;31;40m8[0;33;5;40;100m8[0;32;40m8[0;1;30;90;41m8[0;30;42m8[0;31;5;40;100mS[0;32;40m8[0;1;30;90;41m8[0;32;40m8[0m
[0;32;40m88[0;31;40m8[0;30;42m8[0;1;30;90;40m8[0;1;30;90;43m%[0;30;41m8[0;33;5;40;100m88[0;31;5;40;100mX[0;32;40m8[0;1;30;90;41m8[0;32;40m8[0;33;5;40;100m8tt;[0;30;5;40;100mX[0;33;5;40;100mt;[0;37;5;40;100mX[0;1;30;90;47m8@X@@@@@@[0;37;43m8[0;1;30;90;47m@@@[0;33;47m8[0;1;30;90;47m88@@@@[0;33;47m8[0;1;30;90;47m8@XSXSX88;[0;33;5;40;100m.[0;30;41m8[0;33;5;40;100m88[0;1;30;90;41mXX[0;31;5;40;100m8[0;1;30;90;43m8[0;1;30;90;41mX[0;31;40m@[0;33;5;40;100m8[0;31;5;40;100m8[0;31;40m%[0;32;40m8[0;31;40m8[0;1;30;90;40m8[0;31;40m@[0;31;5;40;100mXS[0;31;40m8[0;30;42m8[0;1;30;90;41m8[0;30;5;40;100mX[0;30;41m8[0;32;5;40;100m@[0;32;40mX[0;30;41m8[0;33;5;40;100m8[0;31;40m8[0;30;42m8[0;30;41m8[0;33;5;40;100m8[0;31;40m8[0;33;5;40;100m@8[0;30;5;40;100m@[0;1;30;90;41m8[0;31;40m8[0;33;5;40;100m8[0;1;30;90;41m8[0;32;5;40;100mX[0;31;40m8[0;32;40m8[0;33;5;40;100m8[0;30;41mS[0;32;40mX[0;33;41m@[0;32;5;40;100mX[0;30;41m8[0;33;5;40;100m8[0;31;40m8[0;1;30;90;43mS[0;1;30;90;41m8[0;32;40mS[0;1;30;90;41m8[0;32;40m8[0;31;5;40;100m@[0;32;40m%X[0;31;40m@[0;33;5;40;100m8[0;1;30;90;41m8[0;33;5;40;100m8[0;31;40mX[0;1;30;90;40m8[0;1;30;90;41m8[0;31;40m8[0;33;5;40;100m8[0;32;40mS@[0;31;40m8[0;33;5;40;100m8[0;31;40mX[0;33;5;40;100m8[0;31;40mS[0;32;40m8[0;31;40m8[0;30;42m8[0m
[0;32;40m8[0;33;5;40;100m8[0;1;30;90;43m;[0;31;40m8[0;1;30;90;40m8[0;32;40m@8[0;1;30;90;40m8[0;32;40mX[0;33;41m8[0;33;5;40;100m8.[0;37;5;40;100m8[0;35;5;40;100m [0;31;5;40;100mX[0;1;30;90;40m8[0;33;5;40;100m8t[0;37;5;40;100m@[0;1;30;90;47m888@@@[0;33;5;40;100m [0;1;30;90;47m;[0;33;5;40;100m.[0;1;30;90;47mt8@8[0;33;5;40;100m.[0;1;30;90;47mS88@X[0;33;47m8[0;1;30;90;47m8@@XX[0;33;47m8[0;1;30;90;47mX@X@[0;37;5;40;100m8[0;1;30;90;47m%;[0;33;5;40;100m88[0;1;30;90;41m8[0;33;5;40;100m8[0;31;5;40;100m8[0;33;5;40;100m8[0;1;30;90;41m8[0;1;30;90;43m88[0;33;5;40;100m8[0;31;40mX[0;30;42m8[0;1;30;90;43m@[0;31;5;40;100mS[0;30;42m8[0;1;30;90;40m8[0;32;40m88[0;1;30;90;43m;[0;32;40mX[0;31;5;40;100mX[0;33;42m8[0;31;40m8[0;30;42m8[0;31;5;40;100m@[0;30;42m8[0;33;5;40;100m8[0;1;30;90;41m8[0;1;30;90;43mt[0;31;5;40;100m8[0;32;40mX[0;33;5;40;100m8[0;1;30;90;40m8[0;32;40mX[0;31;40m@[0;30;42m@[0;33;5;40;100m8[0;31;40m8[0;31;5;40;100mS[0;32;40m8[0;30;41m8[0;1;30;90;42m8[0;31;40m8[0;32;5;40;100mS[0;30;41m8[0;32;40m8[0;1;30;90;40m8[0;1;30;90;43mS[0;33;5;40;100m8[0;31;5;40;100mXX[0;32;40mX[0;31;40mX[0;30;42m8[0;33;5;40;100m8[0;1;30;90;41m8[0;32;40m@[0;30;41m8[0;33;5;40;100m88[0;31;40mX[0;32;40m8[0;33;41m8[0;32;40m8[0;31;40m8[0;33;42mX[0;1;30;90;40m8[0;33;41m8[0;1;30;90;40m8[0;1;30;90;43m:[0;1;30;90;41m8[0;32;40m8[0;31;5;40;100mS[0;32;40mX[0;30;41m8[0;1;30;90;43mS[0;31;40m8[0;31;5;40;100mS[0m
[0;32;40m8[0;31;40m8[0;32;40m8[0;30;5;40;100mX[0;32;40m8[0;1;30;90;41m8[0;31;40m8[0;33;5;40;100m8%   S[0;35;5;40;100mS[0;33;5;40;100m8[0;31;5;40;100mS[0;33;5;40;100m:[0;37;5;40;100m@[0;1;30;90;47m888@[0;37;5;40;100m8[0;1;30;90;47mXX[0;33;47m8[0;1;30;90;47mXS[0;33;47m8[0;1;30;90;47m88X%[0;33;47m8[0;1;30;90;47m88[0;33;47m8[0;1;30;90;47m888@[0;33;47m8[0;1;30;90;47m88@@@[0;33;47m8[0;37;5;40;100m8[0;1;30;90;47m@t[0;33;5;40;100m.[0;30;41m@[0;31;5;40;100mXX[0;33;5;40;100m8[0;1;30;90;41m@[0;33;5;40;100m8[0;1;30;90;41m8[0;33;5;40;100m8[0;1;30;90;41m8[0;33;5;40;100m88[0;30;41m8[0;32;5;40;100mX[0;31;40m8[0;1;30;90;43m;[0;32;40m8[0;33;5;40;100m8[0;31;5;40;100mX[0;1;30;90;40m8[0;32;40m8[0;31;40m@[0;30;5;40;100m@[0;1;30;90;42m8[0;31;40m8[0;30;42m8[0;30;41m8[0;30;42m8[0;32;40m8[0;31;5;40;100mS[0;32;40m8[0;1;30;90;40m8[0;32;40m8[0;1;30;90;43m%[0;30;5;40;100m@[0;30;42m8[0;1;30;90;41m8[0;32;40m8[0;1;30;90;42m8[0;31;40m8[0;33;42m8[0;32;40m@[0;1;30;90;41m8[0;30;42m8[0;32;40m8[0;33;5;40;100m8[0;31;40mX[0;30;42m8[0;31;40m8[0;32;40m8@[0;33;41m8[0;33;5;40;100m8[0;32;40mX[0;31;5;40;100m@[0;31;40mX[0;30;42m8[0;1;30;90;41m8[0;32;40m8S[0;31;40m8[0;33;5;40;100m8[0;31;5;40;100m@[0;32;40m@[0;33;5;40;100m8[0;31;5;40;100mX[0;32;40mX[0;31;40m8[0;30;42m8[0;1;30;90;41m8[0;32;40mS[0;1;30;90;40m8[0;31;43m8[0;32;40m8[0;1;30;90;43m%[0;1;30;90;40m8[0;32;40m8[0;30;5;40;100mX[0;32;40m8[0m
[0;30;5;40;100m@[0;1;30;90;42m8[0;30;41m@[0;1;30;90;43mt[0;31;5;40;100m@[0;33;5;40;100mt[0;36;5;40;100m [0;33;5;40;100m .%t[0;35;5;40;100m.[0;37;5;40;100mX88[0;1;30;90;47m8888[0;37;5;40;100m8[0;1;30;90;47m@[0;33;5;40;100mS[0;37;5;40;100m8[0;33;5;40;100m.[0;1;30;90;47mt[0;37;5;40;100m8[0;1;30;90;47m@[0;37;5;40;100m8[0;1;30;90;47m@8[0;33;5;40;100m.[0;33;47m8[0;1;30;90;47m888@88@[0;33;47m8[0;1;30;90;47m8888@[0;33;47m8[0;1;30;90;47m888t@[0;1;30;90;41m8[0;33;5;40;100m8[0;1;30;90;43mt[0;31;40mS[0;31;5;40;100m8[0;1;30;90;41m8[0;33;5;40;100m8[0;31;40m8[0;33;5;40;100m8[0;32;40m8[0;30;41m8[0;30;42m8[0;33;5;40;100m8[0;32;40m8[0;32;5;40;100mS[0;31;40mX[0;32;5;40;100mX[0;31;40mS[0;30;42m8[0;31;5;40;100mS[0;32;40m8[0;32;5;40;100mX[0;31;40m@[0;30;42m8[0;31;5;40;100mX[0;32;40m8[0;32;5;40;100mX[0;31;40m8[0;33;5;40;100m8[0;32;40mS[0;1;30;90;41m8[0;32;40m8[0;31;40m8[0;32;40m8[0;30;41m8[0;1;30;90;42m8[0;32;40m@[0;1;30;90;41m8[0;32;40m8[0;30;42m8[0;1;30;90;41m8[0;32;5;40;100mS[0;31;40mX[0;32;43m8[0;31;40m8[0;30;42m8[0;33;5;40;100m8[0;32;40m@[0;33;5;40;100m8[0;1;30;90;41m8[0;1;30;90;42m8[0;32;40mS[0;31;40mX[0;1;30;90;42m8[0;32;40mX[0;31;5;40;100mS[0;32;40m8[0;30;42m8[0;1;30;90;41m8[0;30;42m8[0;32;40m8[0;31;40m8[0;30;42m8[0;30;41m8[0;32;40m88[0;33;5;40;100m8[0;32;40m8[0;31;40m8[0;30;42m@[0;1;30;90;40m8[0;32;40m8[0;31;40m8[0;1;30;90;40m8[0;31;40m@[0;1;30;90;43mt[0;32;40mX[0;31;40m8[0;33;42m8[0m
