[0;37;5;47;107mSS%S%XSSS%SSSS%S%S%SSSSSSSSSSXSXXXXXXXX@@XXXXXXSSSSSXXXXXXXXXXXXXXX@@88888888888888888888888[0;1;37;97;47mS[0;37;5;47;107m8888[0;1;37;97;47mS[0;37;5;47;107m88[0;1;37;97;47mS[0;37;5;47;107m8888[0;1;37;97;47m%[0;37;5;47;107m88[0;1;37;97;47m%[0;37;5;47;107m8[0;1;37;97;47mS[0;37;5;47;107m8[0;1;37;97;47m%[0;37;5;47;107m8[0;1;37;97;47m:[0;37;5;47;107m8[0;1;37;97;47m [0;37;5;47;107m8[0;1;37;97;47m [0;37;5;47;107m8[0;1;37;97;47m.[0;37;5;47;107m8[0;1;37;97;47m.[0;37;5;47;107m8[0;1;37;97;47m.[0;37;5;47;107m8[0;1;37;97;47m;[0;37;5;47;107m8[0;1;37;97;47m t[0m
[0;37;5;47;107m%%S%SSSSSSSSSSSSSSSXXXXXSXSXX@XXXXXXXXX@X@X@XXXSSSSS%SSSSSSSSXXXXSSXXX@@88888888888888888888888[0;1;37;97;47m%[0;37;5;47;107m88[0;1;37;97;47mS[0;37;5;47;107m88[0;1;37;97;47m%[0;37;5;47;107m8[0;1;37;97;47m%[0;37;5;47;107m88[0;1;37;97;47m%[0;37;5;47;107m88888888[0;1;37;97;47m;[0;37;5;47;107m8[0;1;37;97;47m:[0;37;5;47;107m8[0;1;37;97;47m:[0;37;5;47;107m8[0;1;37;97;47m.[0;37;5;47;107m8[0;1;37;97;47m.[0;37;5;47;107m8[0;1;37;97;47m.[0;37;5;47;107m8[0;1;37;97;47m [0;37;5;47;107m8[0;1;37;97;47mt[0m
[0;37;5;47;107mS%%tt%SSSSSSXXXXXXXSSSXS@@@@@@@@@@@@@@@@@X@@@X@XXXXXXXXXSSSSSXSSSXXSSSX@@@@@@@@@@@X@@888888888888888[0;1;37;97;47m%[0;37;5;47;107m8888888[0;1;37;97;47mt[0;37;5;47;107m8[0;1;37;97;47mt[0;37;5;47;107m8[0;1;37;97;47m;[0;37;5;47;107m888888888[0;1;37;97;47m.[0;37;5;47;107m88[0;1;37;97;47m.[0;37;5;47;107m8[0;1;37;97;47m.[0;37;5;47;107m8[0;1;37;97;47m:[0m
[0;37;5;47;107mS%S%SSS%%t%t%SXXSXXXSSXXXX@@@@@@@@@@XXXX@@@@@@@X@@XX@XX@@@XXXXXXXXXX@@@X@@@@@@X@X@@@@@@@8888888888888888888888888[0;1;37;97;47m:;[0;37;5;47;107m8[0;1;37;97;47m;[0;37;5;47;107m88[0;1;37;97;47m [0;37;5;47;107m8[0;1;37;97;47m [0;37;5;47;107m8[0;1;37;97;47m [0;37;5;47;107m8[0;1;37;97;47m [0;37;5;47;107m8[0;1;37;97;47m [0;37;5;47;107m8[0;1;37;97;47m.[0m
[0;37;5;47;107m%%%%SSXX@@XXS%%%SSSSXXXXXXXX@X@XXXXXXXX@X@@@@@@@X@@@@@@@@@X@@@@88@8888888888888888888888888888888888[0;1;37;97;47m%[0;37;5;47;107m88[0;1;37;97;47mt[0;37;5;47;107m88[0;1;37;97;47mt[0;37;5;47;107m8888888888[0;1;37;97;47m;[0;37;5;47;107m88[0;1;37;97;47m:[0;37;5;47;107m88[0;1;37;97;47m [0;37;5;47;107m88[0;1;37;97;47m [0;37;5;47;107m8[0;1;37;97;47m [0;37;5;47;107m8[0m
[0;37;5;47;107m8[0;1;37;97;47m8[0;37;5;47;107m88888@8@@@@8@8@@@XXS%SSSXSXSXSXSSSSSSSSXSXSXSXXSXSSSXXXX@@@@@@@888888888888888888888888888[0;1;37;97;47m%[0;37;5;47;107m8[0;1;37;97;47mt[0;37;5;47;107m8[0;1;37;97;47mt[0;37;5;47;107m8[0;1;37;97;47m:[0;37;5;47;107m88[0;1;37;97;47mt[0;37;5;47;107m88[0;1;37;97;47mt[0;37;5;47;107m88[0;1;37;97;47m;[0;37;5;47;107m8[0;1;37;97;47m:[0;37;5;47;107m8[0;1;37;97;47m.[0;37;5;47;107m8[0;1;37;97;47m:[0;37;5;47;107m8[0;1;37;97;47m.[0;37;5;47;107m8[0;1;37;97;47m.[0;37;5;47;107m8[0;1;37;97;47m [0;37;5;47;107m8[0;1;37;97;47m [0;37;5;47;107m8[0;1;37;97;47m  [0;37;5;47;107m8[0;1;37;97;47m [0;37;5;47;107m8[0;1;37;97;47m [0;37;5;47;107m8[0m
[0;1;37;97;47m@888888888[0;37;5;47;107m8[0;1;37;97;47m88[0;37;5;47;107m8[0;1;37;97;47m8[0;37;5;47;107m8888[0;1;37;97;47m8[0;37;5;47;107m8[0;1;37;97;47m8[0;37;5;47;107m888@XSSXX@@@@@XXXXXXXSXSXSXXXSXXSXXXXXSX@@X@@@8@@8@@@@@@@@@888888888888888888[0;1;37;97;47m%[0;37;5;47;107m88888[0;1;37;97;47m%[0;37;5;47;107m888[0;1;37;97;47mt[0;37;5;47;107m88[0;1;37;97;47m:[0;37;5;47;107m8[0;1;37;97;47m:[0;37;5;47;107m8[0;1;37;97;47m.[0;37;5;47;107m8[0;1;37;97;47m [0;37;5;47;107m8[0;1;37;97;47m [0;37;5;47;107m8[0;1;37;97;47m [0;37;5;47;107m88[0;1;37;97;47m [0;37;5;47;107m8[0;1;37;97;47m [0;37;5;47;107m8[0;1;37;97;47m [0m
[0;37;5;47;107m88[0;1;37;97;47m8[0;37;5;47;107mX8@XXX@8@@[0;1;36;96;5;47;107m8[0;37;5;47;107m88888[0;1;36;96;5;47;107m8[0;37;5;47;107m8888888@XX@@@@@XXS8[0;1;37;97;47m%X[0;37;5;47;107mXXSX[0;1;37;97;47mS;%%[0;37;5;47;107m8[0;1;37;97;47mS:S[0;37;5;47;107mXXXX@@@@@X@@@@@@@@@@@@X@@@@88888888888888888888888888888888888[0;1;37;97;47m.[0;37;5;47;107m8[0;1;37;97;47m:[0;37;5;47;107m8[0;1;37;97;47m.[0;37;5;47;107m888[0;1;37;97;47m [0;37;5;47;107m88[0;1;37;97;47m [0;37;5;47;107m8[0;1;37;97;47m [0;37;5;47;107m8[0m
[0;36;5;40;100m ;t[0;1;30;90;46m8[0;36;5;40;100mt[0;36;47m8[0;37;5;47;107m@ttt%tX@S%%%S@XSSX[0;1;37;97;47m8[0;1;36;96;47mS[0;36;47m888888[0;1;30;90;47m8[0;36;47m8@XX[0;1;30;90;47m8[0;37;46m8[0;1;30;90;46m8[0;36;5;40;100mt[0;36;47m@[0;1;30;90;47m8[0;36;47m@[0;1;30;90;47m8[0;36;5;40;100m:.[0;1;30;90;46m8[0;36;5;40;100m.[0;1;30;90;46m8[0;1;30;90;47m8[0;36;5;40;100mt:[0;1;30;90;47mS[0;1;37;97;47m ;[0;37;5;47;107mSXXXXXX@@@@@8@@X@X@8@8@888888888888888888888888888888[0;1;37;97;47m%[0;37;5;47;107m8[0;1;37;97;47mt[0;37;5;47;107m8[0;1;37;97;47m;[0;37;5;47;107m888888[0;1;37;97;47m [0;37;5;47;107m888[0;1;37;97;47m [0;37;5;47;107m88[0;1;36;96;47mS[0;1;37;97;47m ;[0m
[0;36;5;40;100m [0;37;5;40;100m88@XX[0;37;5;47;107m8SSSSSSSSS%S%SS%8[0;36;47m@[0;1;37;97;47m .[0;37;5;40;100mX[0;35;5;40;100m.[0;37;5;40;100m%t[0;35;5;40;100m. [0;36;5;40;100m.[0;1;30;90;47m8[0;35;5;40;100m: [0;37;5;40;100m:[0;1;30;90;47m8[0;35;5;40;100m: .[0;37;5;40;100m:[0;1;30;90;47m8[0;36;5;40;100m;. [0;1;30;90;47m8[0;35;5;40;100m    [0;36;5;40;100m .;t[0;1;30;90;47m8[0;1;37;97;47m [0;1;36;96;47m%[0;1;37;97;47m   :;::[0;1;36;96;47mX[0;1;30;90;47mS[0;1;37;97;47mt[0;37;5;47;107m8[0;1;37;97;47m:[0;37;5;47;107m8[0;1;36;96;47mS[0;1;37;97;47m [0;37;5;47;107m88888888888888888888888888888[0;1;37;97;47mt[0;37;5;47;107m8[0;1;37;97;47mt[0;37;5;47;107m8[0;1;37;97;47mt[0;37;5;47;107m8[0;1;37;97;47mt[0;37;5;47;107m88[0;1;37;97;47m%[0;37;5;47;107m88[0;1;37;97;47m:[0;37;5;47;107m8[0;1;37;97;47m.[0;37;5;47;107m8[0;1;37;97;47m [0;37;5;47;107m88[0;1;37;97;47m  .[0;37;5;47;107m8[0;1;37;97;47m  [0;35;5;40;100m.%[0;37;5;40;100m%[0m
[0;36;5;40;100m.::..[0;37;5;40;100m8[0;1;37;97;47mX[0;37;5;47;107mX@@@@@@XXXXXSSS8[0;1;37;97;47m.t:[0;37;5;40;100m@[0;36;5;40;100m.[0;1;30;90;47m8[0;37;5;40;100m;[0;1;30;90;47m8[0;36;5;40;100mt [0;36;47m8[0;35;5;40;100m.[0;37;5;40;100m;[0;1;30;90;46m8[0;37;5;40;100mt[0;1;30;90;47m8[0;36;5;40;100m.[0;1;30;90;47m8[0;1;30;90;46m8[0;1;30;90;47m8[0;35;5;40;100m.[0;1;30;90;47m8[0;1;30;90;46m8[0;1;30;90;47m88[0;36;5;40;100m [0;1;30;90;47m88[0;36;47m8[0;35;5;40;100m.[0;36;5;40;100m..;..[0;36;47m8[0;36;5;40;100m;[0;1;30;90;46m8[0;37;5;40;100m;[0;37;46m8[0;36;5;40;100m%;[0;35;5;40;100m [0;36;5;40;100m.[0;1;30;90;46m88[0;37;5;40;100m;[0;1;30;90;46m8[0;1;30;90;47m8[0;36;5;40;100mS[0;1;30;90;47m8[0;37;5;47;107m88@@88888888888888[0;1;37;97;47mS[0;37;5;47;107m888[0;1;37;97;47mS[0;37;5;47;107m888[0;1;37;97;47m%[0;37;5;47;107m888888[0;1;37;97;47mt[0;37;5;47;107m8[0;1;37;97;47mt[0;37;5;47;107m88[0;1;37;97;47m ;[0;37;5;47;107m8[0;1;37;97;47mt[0;37;5;47;107m8[0;1;37;97;47m [0;1;36;96;47mS[0;1;30;90;47m8[0;1;37;97;47m  [0;1;30;90;47m@88[0;1;37;97;47m [0;1;30;90;47m8[0;35;5;40;100m  [0;33;5;40;100m;[0m
[0;36;5;40;100m.:   :[0;37;5;47;107m8;%tt%%%%S%%%%%S[0;1;37;97;47m%[0;1;30;90;47m:[0;1;37;97;47m :[0;1;30;90;47m8[0;36;5;40;100m::::.[0;35;5;40;100m:;[0;36;5;40;100m:[0;35;5;40;100m ..[0;36;5;40;100m;[0;35;5;40;100m:;:[0;36;5;40;100m..[0;35;5;40;100m.:;[0;36;5;40;100m%[0;35;5;40;100m [0;36;5;40;100m;[0;35;5;40;100m:.[0;37;5;40;100m;[0;36;5;40;100m.   .[0;35;5;40;100mt[0;36;5;40;100m.[0;35;5;40;100m;[0;36;5;40;100m;[0;35;5;40;100m;[0;36;5;40;100m:[0;35;5;40;100m.[0;1;30;90;47m8[0;36;5;40;100m:[0;35;5;40;100m.[0;1;30;90;47m8[0;36;5;40;100m.[0;35;5;40;100m. [0;36;5;40;100m.[0;1;30;90;47m8[0;37;5;47;107m8[0;1;37;97;47m%[0;36;47m8[0;36;5;40;100m;[0;1;37;97;47m%[0;37;5;47;107m88888888[0;1;37;97;47mX[0;37;5;47;107m8[0;1;37;97;47mX[0;37;5;47;107m888[0;1;37;97;47mX[0;37;5;47;107m8888[0;1;37;97;47mS[0;37;5;47;107m888[0;1;37;97;47m%[0;37;5;47;107m8[0;1;37;97;47m%[0;37;5;47;107m8[0;1;37;97;47m%[0;37;5;47;107m8[0;1;37;97;47mt[0;37;5;47;107m8[0;1;37;97;47m:t[0;1;30;90;47m888888[0;35;5;40;100m . [0;1;30;90;47m8[0;35;5;40;100m :[0;37;5;40;100mS[0;1;37;97;47m.[0;1;30;90;47m@[0;37;5;40;100m8[0;33;5;40;100m t[0m
[0;36;5;40;100m [0;37;5;40;100m88[0;1;30;90;47m@[0;37;5;40;100m8[0;36;5;40;100mt[0;1;37;97;47mt[0;37;5;47;107mtSSSS[0;1;37;97;47m@[0;1;30;90;46m8[0;1;37;97;47mS[0;37;5;47;107mX@X[0;1;37;97;47m%;;..[0;1;30;90;47m:[0;1;37;97;47m;;[0;1;30;90;47m8[0;35;5;40;100m. [0;37;5;40;100mt[0;35;5;40;100m.[0;36;5;40;100m;[0;34;5;40;100mX[0;36;5;40;100m::[0;35;5;40;100m.[0;36;5;40;100m.;[0;35;5;40;100m.[0;36;5;40;100m%t[0;34;5;40;100mX[0;36;5;40;100m.;[0;34;5;40;100mX[0;37;5;40;100mtS[0;1;30;90;47m8[0;35;5;40;100m  [0;1;30;90;47m88[0;37;5;40;100mt[0;36;5;40;100m...[0;1;30;90;47m8[0;36;5;40;100mt[0;37;5;40;100m;[0;1;30;90;47m8[0;36;5;40;100m%[0;35;5;40;100m [0;1;30;90;47m8[0;36;5;40;100m:.[0;1;30;90;47m8[0;36;47m8[0;35;5;40;100mt[0;1;30;90;47m8[0;37;5;40;100mt[0;1;30;90;47m8[0;36;47m8[0;35;5;40;100m.[0;37;46m8[0;1;37;97;47m [0;1;30;90;47m8[0;36;5;40;100m:t%[0;37;5;40;100m%[0;37;5;47;107m888[0;1;37;97;47m:[0;1;30;90;46m8[0;1;37;97;47m [0;37;5;47;107m88888[0;1;37;97;47mX[0;37;5;47;107m88[0;1;37;97;47m@[0;37;5;47;107m8[0;1;37;97;47m;.[0;36;47m@[0;1;30;90;47mS[0;1;37;97;47mSX[0;37;5;47;107m8[0;1;37;97;47mS[0;37;5;47;107m8[0;1;37;97;47mt[0;37;5;47;107m8[0;1;37;97;47mt%% [0;1;30;90;47m88[0;36;5;40;100m [0;37;5;40;100m@[0;36;5;40;100m  [0;35;5;40;100m [0;33;5;40;100m:;::%[0;36;5;40;100m.[0;37;5;40;100m@[0;33;5;40;100m.X8[0;31;5;40;100mS[0;32;5;40;100mS[0m
[0;36;5;40;100m;:tt:.[0;1;30;90;47m%[0;1;37;97;47m%[0;1;30;90;47m [0;1;30;90;46m8[0;36;5;40;100m.[0;36;47mX[0;1;30;90;47m@[0;36;5;40;100m%t. [0;1;30;90;47m [0;36;5;40;100mt%; [0;1;37;97;47m;[0;1;30;90;47m:[0;1;37;97;47mt;[0;1;30;90;47mX[0;35;5;40;100m.[0;36;5;40;100m...[0;35;5;40;100m.[0;36;5;40;100m.....[0;35;5;40;100m.[0;36;5;40;100m [0;35;5;40;100m::[0;36;5;40;100m;[0;35;5;40;100m:[0;36;5;40;100m:.:[0;35;5;40;100m:[0;36;5;40;100m;[0;35;5;40;100m. [0;36;5;40;100m     :t[0;35;5;40;100m;[0;36;5;40;100mtt[0;35;5;40;100m;[0;36;5;40;100m:;;t[0;35;5;40;100mS[0;36;5;40;100mX[0;34;5;40;100mS[0;36;5;40;100mX[0;34;5;40;100mX[0;36;5;40;100m%[0;35;5;40;100m;[0;36;5;40;100m.[0;35;5;40;100m [0;37;5;47;107m8[0;1;37;97;47m [0;36;5;40;100m.[0;34;5;40;100m@@@[0;36;5;40;100m@[0;37;5;47;107m8[0;1;36;96;47mS[0;1;30;90;47m8[0;36;5;40;100m [0;1;30;90;44m8[0;1;30;90;47m.[0;37;5;47;107m88[0;1;37;97;47m@[0;37;5;47;107m88[0;1;37;97;47m@[0;37;5;47;107m8[0;1;37;97;47m@[0;37;5;47;107m8[0;36;47mS[0;36;5;40;100m;:t[0;37;5;40;100mX8[0;1;37;97;47mtXSXS[0;1;36;96;47mS[0;36;5;40;100m [0;1;37;97;47m  [0;37;5;40;100m@XX[0;33;5;40;100m [0;1;30;90;47m8[0;33;5;40;100m;.88[0;31;5;40;100mS[0;33;5;40;100m8[0;30;5;40;100m@[0;33;5;40;100m8[0;1;30;90;40m8[0;31;5;40;100mS[0;1;30;90;40m8[0;30;5;40;100m@[0;32;5;40;100mX[0;30;41m8[0m
[0;36;5;40;100m;[0;33;5;40;100m;[0;36;5;40;100mt.;t: [0;37;5;40;100m8[0;36;5;40;100m  :t:%: [0;37;5;40;100m88888[0;1;37;97;47m;[0;1;30;90;47m.[0;33;47mX[0;1;37;97;47m;[0;1;30;90;47m%[0;33;5;40;100m;[0;36;5;40;100m  ....  ...::;[0;35;5;40;100m;[0;36;5;40;100m;[0;35;5;40;100m:[0;36;5;40;100m;:[0;35;5;40;100m:[0;36;5;40;100m:..  .[0;37;5;40;100mt[0;36;5;40;100m. .[0;35;5;40;100m [0;37;5;40;100m%[0;36;5;40;100m.[0;35;5;40;100m [0;37;5;40;100m;[0;35;5;40;100m.[0;36;5;40;100mS;[0;35;5;40;100m;[0;36;5;40;100m%[0;35;5;40;100m:[0;36;5;40;100m   [0;1;30;90;47m8[0;36;5;40;100m.[0;37;5;47;107m8[0;1;37;97;47mt[0;36;5;40;100m [0;34;5;40;100mS[0;30;5;40;100m88[0;34;5;40;100mS[0;36;5;40;100m [0;1;30;90;47m8[0;36;5;40;100mt[0;34;5;40;100mS[0;36;5;40;100mS [0;1;37;97;47m 8@@8888%[0;1;30;90;47m8[0;33;5;40;100m:t[0;35;5;40;100m:[0;36;5;40;100m%[0;34;5;40;100mS[0;36;5;40;100m:[0;1;30;90;47m.8[0;36;5;40;100m.[0;1;30;90;47m%[0;35;5;40;100m [0;36;5;40;100m  [0;33;5;40;100m %X@X8@8[0;31;5;40;100m8[0;30;5;40;100m8[0;32;5;40;100mX[0;31;5;40;100m8[0;30;5;40;100m8S[0;33;5;40;100m8[0;32;5;40;100mX[0;1;30;90;40m8[0;31;5;40;100mX[0;32;40m8[0;30;5;40;100mX[0m
[0;32;5;40;100mS[0;30;5;40;100m@8[0;36;5;40;100m;[0;30;5;40;100mXX[0;36;5;40;100m; ;S%.[0;33;5;40;100mt[0;30;5;40;100m88[0;32;5;40;100m@[0;30;5;40;100m@[0;36;5;40;100mS;.. [0;1;30;90;47m [0;33;47m@[0;1;30;90;47mS[0;37;43m8[0;33;5;40;100m%t.    [0;36;5;40;100m  t[0;35;5;40;100m:[0;36;5;40;100mS[0;35;5;40;100m.[0;36;5;40;100mt[0;35;5;40;100m%[0;36;5;40;100m@[0;34;5;40;100mX[0;36;5;40;100m :[0;35;5;40;100m;[0;34;5;40;100mS[0;36;5;40;100m:;[0;35;5;40;100mt[0;36;5;40;100mS.S[0;35;5;40;100m%[0;36;5;40;100m;  . [0;37;5;40;100mt[0;36;5;40;100m .  [0;35;5;40;100mt[0;36;5;40;100m;:[0;35;5;40;100mt[0;36;5;40;100m.   [0;37;5;40;100m%[0;36;5;40;100m: S[0;34;5;40;100m8[0;30;5;40;100m@SX[0;36;5;40;100mX[0;35;5;40;100mS[0;33;5;40;100m;%XS: [0;37;5;40;100mS[0;36;5;40;100m [0;37;5;40;100m8[0;36;5;40;100m: [0;1;30;90;47m%[0;36;5;40;100m%[0;37;5;40;100m8[0;33;5;40;100m%X[0;30;5;40;100m8S[0;1;30;90;40m8[0;33;5;40;100m8St[0;36;5;40;100mt[0;33;5;40;100m %XX@@88[0;31;5;40;100mX[0;30;5;40;100mXX[0;33;5;40;100m8[0;31;5;40;100m@[0;32;40m8[0;31;5;40;100mX[0;1;30;90;40m8[0;33;5;40;100m88[0;30;5;40;100mS[0;33;5;40;100m8[0;1;30;90;41m8[0;1;30;90;42m8[0;31;40m8[0;33;5;40;100mX[0;30;5;40;100m8[0m
[0;36;5;40;100m.::[0;33;5;40;100m:[0;36;5;40;100m;: [0;37;5;40;100m8[0;36;5;40;100m;[0;30;5;40;100mX@[0;32;5;40;100mX[0;30;5;40;100m888888[0;33;5;40;100mt[0;36;5;40;100m [0;1;30;90;47m8[0;37;5;40;100m8[0;1;30;90;47m [0;33;47mX[0;1;30;90;43m8[0;1;30;90;47m8[0;1;30;90;43m8[0;33;5;40;100m%@%%X[0;30;5;40;100mS[0;33;5;40;100m.[0;36;5;40;100m...[0;35;5;40;100m.[0;36;5;40;100m..:[0;35;5;40;100m:[0;36;5;40;100m.. ::[0;35;5;40;100m.[0;36;5;40;100m:;[0;35;5;40;100m:[0;36;5;40;100m:[0;35;5;40;100mt[0;36;5;40;100m%. %[0;35;5;40;100m%[0;36;5;40;100m@[0;34;5;40;100mS[0;36;5;40;100m%[0;35;5;40;100m%[0;36;5;40;100m@[0;34;5;40;100mS@[0;36;5;40;100mS[0;34;5;40;100mXS[0;36;5;40;100mSt[0;34;5;40;100mS[0;36;5;40;100mX[0;34;5;40;100m@[0;36;5;40;100mS[0;35;5;40;100m [0;37;5;40;100mX[0;36;5;40;100mS[0;33;5;40;100mS[0;36;5;40;100mS[0;35;5;40;100mt[0;33;5;40;100mSt[0;1;30;90;43m8[0;33;5;40;100mSX88X%%%[0;36;5;40;100mt%%[0;33;5;40;100mtXX[0;30;5;40;100mX[0;33;5;40;100m8[0;1;30;90;40m8[0;30;5;40;100mX[0;32;5;40;100mS[0;33;5;40;100m888;88@888[0;31;5;40;100mX[0;30;5;40;100m8[0;33;5;40;100m8[0;31;5;40;100mX[0;32;5;40;100mS[0;1;30;90;40m88[0;30;5;40;100m@[0;1;30;90;40m888[0;33;5;40;100m8[0;1;30;90;40m8[0;32;5;40;100mS[0;31;40m8[0;33;5;40;100mS8[0;30;5;40;100mX[0m
[0;36;5;40;100m;[0;33;5;40;100mt[0;36;5;40;100m%[0;33;5;40;100mt[0;36;5;40;100mt;:[0;33;5;40;100m;[0;32;5;40;100m@[0;30;5;40;100m@88888888[0;32;5;40;100mX[0;36;5;40;100m .[0;33;5;40;100mS[0;1;30;90;47mS[0;1;37;97;47m:[0;33;47m8[0;1;30;90;43m8[0;33;5;40;100m;@[0;31;5;40;100m@[0;30;5;40;100m8X@[0;33;5;40;100m@[0;36;5;40;100m:[0;35;5;40;100m [0;36;5;40;100m:..  .:[0;35;5;40;100m:[0;36;5;40;100m.::;[0;35;5;40;100m:[0;36;5;40;100m%[0;35;5;40;100mS[0;36;5;40;100m@[0;35;5;40;100m%[0;36;5;40;100m@[0;34;5;40;100mS[0;36;5;40;100m..%[0;34;5;40;100mS[0;35;5;40;100mt[0;36;5;40;100m%[0;35;5;40;100mS[0;36;5;40;100m8[0;35;5;40;100mX[0;36;5;40;100m@[0;30;5;40;100m@[0;34;5;40;100mX[0;30;5;40;100mSX[0;34;5;40;100mX[0;35;5;40;100m%[0;34;5;40;100mS[0;36;5;40;100m%[0;35;5;40;100mX[0;34;5;40;100mX[0;35;5;40;100m [0;37;5;40;100m@[0;35;5;40;100mX[0;36;5;40;100m@[0;31;5;40;100mX[0;36;5;40;100m8[0;33;5;40;100m;tXXX[0;31;5;40;100m8[0;30;5;40;100m8S[0;33;5;40;100m8[0;30;5;40;100m8[0;32;5;40;100m@[0;30;5;40;100m8[0;31;5;40;100mX[0;30;5;40;100m8[0;33;5;40;100m8S[0;30;5;40;100mS[0;1;30;90;40m88[0;30;5;40;100m8[0;1;30;90;40m8[0;30;5;40;100m@[0;33;5;40;100m8[0;31;5;40;100m@[0;30;5;40;100m8[0;33;5;40;100m8[0;31;5;40;100mX[0;30;5;40;100m@[0;33;5;40;100m8[0;31;5;40;100mXS[0;1;30;90;40m8[0;32;40m8[0;30;5;40;100m8@X[0;1;30;90;41m8[0;1;30;90;42m8[0;31;5;40;100m@[0;32;5;40;100mS[0;31;5;40;100mS[0;1;30;90;43mS[0;33;5;40;100m8888%X@S[0m
[0;30;5;40;100m8[0;32;5;40;100mX[0;1;30;90;40m8[0;30;5;40;100m@S[0;1;30;90;40m8[0;32;5;40;100m%[0;30;5;40;100m@8@88[0;32;5;40;100m8[0;30;5;40;100m88888@[0;32;5;40;100mX[0;30;5;40;100m@8[0;33;5;40;100m8t[0;37;5;40;100mX[0;33;5;40;100mS%X@[0;30;5;40;100mX[0;33;5;40;100m8[0;30;5;40;100m8X[0;33;5;40;100mX[0;35;5;40;100m;[0;36;5;40;100m%[0;35;5;40;100mt[0;36;5;40;100m;[0;35;5;40;100m.[0;36;5;40;100m..;;[0;35;5;40;100m;[0;36;5;40;100mt[0;35;5;40;100m;[0;36;5;40;100m%[0;35;5;40;100mt[0;32;5;40;100mX[0;34;5;40;100mS[0;33;5;40;100m%[0;36;5;40;100mS[0;35;5;40;100mX[0;36;5;40;100mX[0;35;5;40;100mt[0;36;5;40;100m;[0;35;5;40;100m%[0;36;5;40;100m%[0;35;5;40;100mt[0;36;5;40;100mS[0;35;5;40;100m%[0;36;5;40;100mS[0;31;5;40;100mS[0;30;5;40;100m88X@@8[0;32;5;40;100m8[0;30;5;40;100m8@[0;32;5;40;100m@[0;30;5;40;100mX[0;34;5;40;100mS[0;30;5;40;100m888X8[0;33;5;40;100mtS[0;1;30;90;43m8[0;33;5;40;100m:t[0;1;30;90;40m@8[0;33;5;40;100mt;;;;;%[0;30;5;40;100m8[0;32;5;40;100mX[0;31;5;40;100m@[0;32;5;40;100m@[0;1;30;90;40m8[0;30;5;40;100mXS[0;1;30;90;43m;[0;31;5;40;100m8[0;1;30;90;40m8[0;33;5;40;100m@[0;30;5;40;100m@[0;33;5;40;100m8[0;30;5;40;100mX[0;33;5;40;100m8[0;30;5;40;100mX[0;33;5;40;100m88@888[0;30;5;40;100m@[0;33;5;40;100m8[0;31;5;40;100mS[0;1;30;90;43m.[0;33;5;40;100m8[0;31;5;40;100mX[0;33;5;40;100mX[0;31;5;40;100m88[0;1;30;90;40m8[0;33;5;40;100m8[0;31;40m8[0;30;5;40;100mX[0;31;5;40;100mX[0m
[0;36;5;40;100m [0;35;5;40;100m [0;36;5;40;100m [0;37;5;40;100mS[0;36;5;40;100m   [0;37;5;40;100mX[0;33;5;40;100m [0;37;5;40;100mS[0;33;5;40;100m [0;37;5;40;100m8[0;35;5;40;100m.[0;36;5;40;100m::;[0;33;5;40;100m;[0;36;5;40;100m%[0;35;5;40;100mt[0;36;5;40;100mS[0;35;5;40;100m%[0;32;5;40;100mX[0;35;5;40;100m@[0;33;5;40;100m%XttX[0;31;5;40;100m@[0;32;5;40;100m8[0;30;5;40;100m8S[0;33;5;40;100m8[0;30;5;40;100m8[0;33;5;40;100mX[0;36;5;40;100mt[0;33;5;40;100m%[0;36;5;40;100mt[0;35;5;40;100m;[0;36;5;40;100m;[0;35;5;40;100m;[0;36;5;40;100mt[0;35;5;40;100mS[0;36;5;40;100mS[0;31;5;40;100mS[0;36;5;40;100m@[0;30;5;40;100mX[0;36;5;40;100m%[0;31;5;40;100mX[0;36;5;40;100m@[0;34;5;40;100mX[0;30;5;40;100mS[0;33;5;40;100mS[0;30;5;40;100m8[0;36;5;40;100mtt[0;35;5;40;100m%[0;30;5;40;100m8[0;1;30;90;40mX88[0;32;5;40;100mX[0;34;5;40;100mX[0;1;30;90;40m8[0;30;5;40;100m8[0;1;30;90;40m8[0;30;5;40;100m888[0;1;30;90;40m8[0;30;5;40;100m@8[0;1;30;90;40m8[0;30;5;40;100m8X[0;33;5;40;100mS[0;34;5;40;100mS[0;32;5;40;100mX[0;34;5;40;100mS[0;31;5;40;100mS[0;32;5;40;100mS[0;31;5;40;100m8[0;33;5;40;100m [0;1;30;90;47m8[0;33;47m8[0;31;5;40;100m8X[0;33;5;40;100mS.::; :SSXX@@Stt[0;1;30;90;47mS[0;36;5;40;100m@[0;33;5;40;100m ttt[0;31;5;40;100m8[0;33;5;40;100mS[0;37;5;40;100mX[0;33;5;40;100m. [0;1;30;90;47m8[0;33;5;40;100m:[0;33;47m8[0;37;5;40;100m8[0;1;30;90;43m8[0;37;5;40;100mX@[0;36;5;40;100m:[0;37;5;40;100mt[0;33;5;40;100mX[0;1;30;90;41m8[0;33;5;40;100m [0;37;5;40;100m8[0;1;30;90;47m@[0;1;30;90;43m8[0;1;30;90;47m;[0m
[0;33;5;40;100m:.[0;36;5;40;100m:[0;33;5;40;100m%[0;36;5;40;100m;[0;33;5;40;100m;[0;36;5;40;100m;[0;33;5;40;100m;[0;36;5;40;100mt[0;33;5;40;100mt;[0;36;5;40;100m [0;33;5;40;100mt[0;30;5;40;100m8X@[0;32;5;40;100m@[0;30;5;40;100m@SS@88X[0;33;5;40;100m;[0;35;5;40;100m [0;33;5;40;100m:S[0;35;5;40;100m%[0;30;5;40;100m@X@@SX[0;1;30;90;40m88[0;30;5;40;100m@[0;33;5;40;100m [0;37;5;40;100m@[0;36;5;40;100m;[0;30;5;40;100m@[0;31;5;40;100m@[0;30;5;40;100mX[0;31;5;40;100mSS[0;30;5;40;100m8X8@[0;31;5;40;100mS[0;30;5;40;100m8[0;33;5;40;100m [0;37;5;40;100m@[0;31;5;40;100mX[0;36;5;40;100mS[0;30;5;40;100mS[0;32;5;40;100mS[0;31;5;40;100mX[0;32;5;40;100mX[0;31;5;40;100m8[0;30;5;40;100m@[0;33;5;40;100m8[0;30;5;40;100m8[0;33;5;40;100m8[0;30;5;40;100m@[0;33;5;40;100m8[0;30;5;40;100mX[0;33;5;40;100m8[0;30;5;40;100m8[0;31;5;40;100m@[0;30;5;40;100m@[0;33;5;40;100mX[0;1;30;90;40m8[0;33;5;40;100m%[0;30;5;40;100m88[0;33;5;40;100m%[0;31;5;40;100m8X[0;30;5;40;100m8[0;1;30;90;40m8[0;33;5;40;100m:[0;31;5;40;100m@[0;33;5;40;100mt[0;37;43m8[0;1;31;91;43m8[0;33;5;40;100m.X[0;1;30;90;47m@[0;37;5;47;107m8[0;1;37;97;47m8@XSXX@X@@S8[0;1;30;90;47m%[0;36;5;40;100m8[0;1;30;90;47m8[0;37;5;47;107m8[0;1;37;97;47m@8[0;33;5;40;100m8[0;1;37;97;47m [0;37;5;47;107m8[0;1;37;97;47m888[0;37;5;47;107m8[0;1;33;93;47mS[0;37;5;47;107m8[0;1;37;97;47mSXt[0;33;5;40;100mt[0;1;37;97;47m [0;1;31;91;41m8[0;1;30;90;47mt[0;1;37;97;47m8[0;1;33;93;47mX[0;1;37;97;47m@@X[0m
[0;33;5;40;100mX[0;31;5;40;100mS[0;32;5;40;100m@[0;31;5;40;100m@[0;33;5;40;100mX[0;32;5;40;100mS[0;31;5;40;100mX[0;32;5;40;100mS[0;31;5;40;100mS[0;32;5;40;100m@[0;30;5;40;100m8[0;33;5;40;100m.;@XS[0;31;5;40;100mX[0;33;5;40;100m;SSX%SS.[0;37;5;40;100m@[0;35;5;40;100m [0;33;5;40;100mtS[0;30;5;40;100m@[0;33;5;40;100mXX%t;S[0;1;30;90;40mX[0;33;5;40;100m. ;; :[0;35;5;40;100m;[0;31;5;40;100m@[0;33;5;40;100mt[0;1;30;90;47m@[0;33;5;40;100m.[0;1;30;90;47mS[0;33;5;40;100m:[0;1;30;90;47mS[0;33;5;40;100m.[0;1;30;90;47mS[0;33;5;40;100mt [0;1;30;90;47m8[0;37;5;40;100m8[0;1;30;90;47m8[0;1;30;90;43m8[0;1;30;90;47mXX[0;33;47m8[0;1;30;90;47m8XX[0;33;47m8[0;1;30;90;47mX%X[0;33;47mX[0;1;30;90;47mS[0;33;5;40;100mt[0;1;30;90;47mX[0;33;5;40;100m [0;1;30;90;47m:[0;33;5;40;100m. [0;1;30;90;47m%[0;33;5;40;100m . ;t[0;37;5;40;100mX[0;37;43m8[0;37;5;41;101m8[0;1;30;90;41m88S[0;33;5;40;100mS[0;33;47m8888888[0;1;33;93;47m8[0;33;47m88[0;1;33;93;47m8[0;33;47m88[0;1;30;90;47mX[0;35;5;40;100m;[0;1;30;90;40m@[0;33;5;40;100m%[0;1;33;93;47m8[0;33;47m8[0;1;30;90;47m8[0;37;43m8[0;33;47m88[0;37;5;43;103m@[0;37;43m8[0;33;47m888[0;1;33;93;47m8[0;33;47m888[0;1;30;90;43m8[0;1;30;90;47m8[0;1;30;90;43m@[0;37;43m8[0;33;47m@888[0m
[0;33;5;40;100m  [0;37;5;40;100m8[0;33;5;40;100m [0;1;30;90;47m8[0;33;5;40;100m [0;1;30;90;47mS[0;33;5;40;100m [0;1;30;90;47mS[0;33;5;40;100mX[0;31;5;40;100mS[0;1;30;90;47m8X[0;37;5;40;100m8[0;1;30;90;47m88SXX@XXXSS[0;1;30;90;41m8[0;33;5;40;100m%[0;1;30;90;47mS[0;33;5;40;100m:%[0;37;5;40;100m8[0;1;30;90;47mSttt[0;33;5;40;100mS[0;1;30;90;40m8[0;1;30;90;47m@X[0;31;5;40;100mS[0;33;5;40;100m.[0;1;30;90;47m8[0;37;5;40;100m88[0;30;5;40;100m8[0;33;5;40;100m%[0;1;30;90;47m [0;33;47m8@XXX[0;33;5;40;100m8[0;35;5;40;100mt[0;33;5;40;100mX[0;33;47m88S[0;1;30;90;47mt[0;33;47m8@[0;1;30;90;47mS[0;33;47m8@X[0;1;30;90;47m%[0;33;47m8XXXX[0;1;33;93;47mS[0;33;47mX[0;1;33;93;47mX[0;33;47m@[0;1;33;93;47mS[0;33;47mX[0;1;33;93;47m@[0;1;30;90;47m;[0;1;33;93;47mX[0;1;30;90;47m:[0;33;47m8[0;33;41m8[0;33;5;40;100m [0;33;47m8[0;1;31;91;41mS[0;31;5;40;100m8[0;31;40mX[0;31;5;40;100mS[0;1;30;90;41m8[0;1;30;90;47m@[0;1;33;93;47m@[0;33;47m@X[0;1;33;93;47mX[0;33;47mXX@@@[0;1;30;90;47m8[0;33;47m8X8[0;31;5;40;100m8[0;1;30;90;40m8[0;1;30;90;47m8[0;33;47m888@8@[0;35;47m@[0;33;47m88[0;1;33;93;47m@[0;35;47m8[0;33;47m88@X88@@[0;1;30;90;43m8[0;33;47mS88[0m
[0;1;30;90;47mS[0;33;47m8XX[0;1;30;90;47m;[0;33;47m8@X[0;1;30;90;47m@[0;33;5;40;100mS.[0;1;30;90;47mt[0;33;47m8[0;1;30;90;47mS[0;33;47m8[0;1;30;90;47mS[0;33;47m8[0;1;30;90;47m@[0;33;47m8[0;1;30;90;47m@[0;33;47m8[0;1;30;90;47m@[0;33;47m88[0;1;30;90;47m8[0;33;5;40;100m8[0;31;5;40;100m8[0;1;30;90;47m8[0;33;5;40;100m t[0;37;5;40;100mX[0;1;30;90;47mt[0;1;30;90;43m8[0;33;5;40;100mX[0;1;30;90;47m8[0;33;5;40;100m:X[0;37;5;40;100mX[0;33;47m@[0;33;5;40;100m [0;1;30;90;47m:8[0;33;5;40;100m%[0;31;5;40;100m@[0;33;5;40;100m8 [0;33;47mXXX[0;1;30;90;47mS[0;33;47m@[0;1;30;90;47m8[0;33;5;40;100m:[0;1;33;93;47mS[0;1;30;90;47m88[0;33;47m8[0;1;30;90;47m8[0;1;33;93;47m@[0;1;30;90;47m8[0;33;47mXX[0;1;33;93;47m%[0;1;30;90;47m8[0;1;33;93;47mS[0;33;47mXS[0;1;33;93;47mS[0;1;30;90;47m8[0;1;33;93;47mX[0;1;30;90;47m8[0;33;47m@[0;1;30;90;47m8[0;33;47mX[0;1;30;90;47m8[0;33;47mX[0;1;30;90;47m8[0;33;47m@@X@[0;1;30;90;47m@[0;33;47mX8[0;1;30;90;41m8[0;33;5;40;100mX[0;31;5;40;100m8[0;33;5;40;100m8[0;31;5;40;100mX[0;1;30;90;43m%[0;33;5;40;100m;[0;1;30;90;47m8[0;33;47m8@[0;1;30;90;47m8[0;33;47m@@[0;1;31;91;47mX[0;33;47mX@[0;1;31;91;47m@[0;1;33;93;47mX[0;1;30;90;47m8[0;33;47m@[0;33;5;40;100m8[0;31;5;40;100m@[0;33;47m8XXXX[0;1;31;91;47mX[0;33;47m@[0;1;33;93;47m8[0;33;47m@[0;1;31;91;47mX[0;33;47m88[0;1;31;91;47m@[0;33;47mX[0;1;31;91;47mX[0;1;33;93;47m@[0;1;30;90;47m8[0;1;31;91;47m8[0;33;47m@XX[0;1;31;91;47mX[0;33;47m@X[0m
[0;1;30;90;47m@X[0;33;47m8[0;1;30;90;47m@[0;37;43m8[0;1;30;90;47m@[0;33;47m@[0;1;30;90;47mX[0;37;43m8[0;37;5;40;100m88[0;37;43m8[0;1;30;90;47m8[0;33;47m8[0;1;30;90;47m8[0;33;47m8[0;1;30;90;47m8[0;33;47m8[0;1;30;90;47m8[0;33;47m8[0;1;30;90;47m8[0;33;47m8[0;1;30;90;47m88[0;33;47m8[0;1;30;90;47m8[0;37;5;40;100m8[0;1;30;90;47m@[0;33;47m8[0;1;30;90;47m8[0;33;47m8[0;1;30;90;47m888[0;33;47m8[0;1;30;90;47m8[0;37;5;40;100m@[0;33;47m8[0;1;30;90;47m8[0;33;47m8[0;31;43m8[0;33;5;40;100mX[0;1;30;90;47m8[0;33;5;40;100m@%[0;1;30;90;47m8[0;33;47m8[0;1;30;90;47m8[0;33;47m8@@8@[0;1;30;90;47m8[0;33;47m8XXX[0;1;30;90;47m8[0;33;47m@X[0;1;30;90;47m8[0;33;47m8@[0;1;30;90;47m8[0;33;47m@[0;1;30;90;47m8[0;33;47m8@[0;1;30;90;47m8[0;33;47m8@@X[0;1;31;91;47mX[0;33;47m@@@XXX@XXX[0;31;5;41;101m@[0;1;30;90;41m8[0;30;41m88[0;31;5;40;100m8[0;33;47m8@@[0;1;31;91;47m@[0;33;47m8@@XX[0;1;33;93;47mX[0;1;30;90;47m8[0;33;47m88X[0;33;5;40;100m 8t[0;1;30;90;47m8[0;33;47m8[0;1;31;91;47mX[0;1;33;93;47mX[0;33;47mX@[0;35;47m@[0;33;47m8X[0;1;33;93;47mX[0;33;47mX@[0;1;33;93;47mX[0;1;30;90;47m8[0;33;47m88X@[0;1;31;91;47mX[0;33;47m@@@@[0m
[0;1;30;90;47m@[0;1;30;90;43m8[0;1;30;90;47mX[0;33;47m8[0;1;30;90;47m8[0;33;47m88[0;1;30;90;47m88[0;33;47m8[0;1;30;90;47m8[0;33;47m8[0;1;30;90;47m8[0;33;47m88[0;1;30;90;47m8[0;33;47m888[0;1;30;90;47m8[0;33;47m8[0;1;30;90;47m8[0;33;47m88[0;1;30;90;47m8[0;33;47m8[0;1;30;90;47m8[0;33;47m8[0;1;30;90;47m8[0;33;47m8[0;1;30;90;47m8[0;33;47m888[0;1;30;90;47m8[0;33;47m8[0;1;30;90;47m8[0;33;47m8@[0;1;30;90;47m8[0;33;47m8[0;1;30;90;43m8[0;33;5;40;100m;[0;1;30;90;47m8[0;33;5;40;100m.t[0;1;30;90;47m8[0;33;47m8@[0;1;30;90;47m8[0;33;47m@[0;1;30;90;47m8[0;33;47m88[0;1;30;90;47m8[0;33;47m@S[0;1;37;97;47m [0;1;33;93;47mX[0;1;35;95;47m%[0;33;47m8@[0;1;31;91;47mX[0;33;47m@@[0;1;31;91;47m@[0;33;47m@[0;1;30;90;47m8[0;1;31;91;47m8[0;33;47m8X[0;1;31;91;47mX[0;33;47mXXX[0;1;33;93;47mX[0;35;47mX[0;33;47m8[0;1;31;91;47mX[0;33;47mXX[0;1;31;91;47mX[0;33;47m@@[0;1;30;90;47m8[0;1;31;91;43m8[0;31;5;40;100m@88[0;30;41mX[0;37;5;40;100mX[0;33;47m@@XX[0;1;31;91;47m@[0;33;47mXX[0;1;31;91;47mX[0;33;47m@@[0;1;31;91;47mX[0;1;33;93;47mX[0;33;47mX8[0;35;5;40;100m.[0;33;47m88@@[0;1;30;90;47m8[0;33;47m8[0;1;31;91;47m8[0;33;47m888[0;35;47m8[0;37;43m8[0;1;30;90;47m8[0;33;47m8[0;1;31;91;47m8[0;33;47m8@88[0;1;30;90;47m8[0;33;47m888[0;1;30;90;47m8[0m
[0;1;30;90;47m@[0;33;47m88[0;1;30;90;47m8[0;37;43m8[0;1;30;90;47m8[0;33;47m888[0;1;30;90;47m8[0;33;47m88[0;1;30;90;47m8[0;33;47m8[0;1;30;90;47m8[0;37;43m8[0;1;30;90;47m88[0;1;30;90;43m8[0;1;30;90;47m8[0;37;43m8[0;1;30;90;47m8[0;33;47m8[0;1;30;90;47m8[0;33;47m8[0;1;30;90;47m8[0;33;47m88[0;1;30;90;47m8[0;33;47m88[0;1;30;90;47m8[0;33;47m8[0;1;30;90;47m8[0;33;47m8@@[0;1;30;90;47m8[0;33;47mXX[0;1;30;90;47m8[0;1;37;97;47m [0;33;47m@@S88[0;1;30;90;47m8[0;37;43m8[0;1;30;90;47m8[0;33;47m88[0;1;30;90;45m8[0;33;47m8[0;1;30;90;43m8[0;35;47m8[0;1;30;90;43m8[0;35;5;40;100m.[0;1;30;90;43m8[0;33;5;40;100m.[0;33;47m8[0;35;5;40;100m [0;33;47m8[0;1;30;90;47m8[0;1;30;90;43m8[0;1;30;90;47m8[0;33;47m8@X@XXX[0;1;31;91;47m@[0;33;47m@@8@XX@@@[0;1;31;91;47m@[0;1;30;90;47mS[0;33;5;40;100m;[0;1;30;90;41mX[0;31;40mS[0;30;5;40;100m@[0;1;30;90;41m8[0;1;30;90;43m8[0;1;37;97;47m [0;33;47m8@@[0;1;33;93;47mX[0;1;30;90;47m8[0;33;47m8@[0;1;31;91;47mX[0;33;47m@@[0;1;30;90;47m8[0;1;31;91;47m8[0;33;47m@@@[0;1;31;91;47m@[0;33;47mX@[0;1;31;91;47m8[0;33;47mX[0;1;33;93;47m@[0;1;30;90;47m8[0;33;47m@[0;1;31;91;47m@[0;33;47m8@[0;1;31;91;47m@[0;33;47m@XXX[0;1;31;91;47mX[0;33;47mX@[0;1;31;91;47m@[0;1;30;90;47m8[0;33;47m8@[0m
[0;37;5;40;100m8[0;33;5;40;100m.[0;33;47m88[0;33;5;40;100m [0;33;47m8[0;37;5;40;100m;[0;33;47m8[0;1;30;90;47m8[0;1;30;90;43m8[0;1;30;90;47m8[0;33;47m88[0;1;30;90;47m8[0;37;43m8[0;1;30;90;47m8[0;1;30;90;43m8[0;1;30;90;47m8[0;33;47m@8[0;1;30;90;47m8[0;1;30;90;43m8[0;1;30;90;47m8[0;33;47m888[0;1;30;90;47m8[0;33;47m88[0;1;30;90;47m8[0;33;47m88[0;1;30;90;47m8[0;33;47m8[0;1;30;90;47m8[0;33;47m@XXX@@8[0;1;30;90;47m8[0;33;47m@@[0;1;30;90;47m8[0;33;47m8@[0;35;47mX[0;33;47m8@[0;1;30;90;47m8[0;1;33;93;47m8[0;1;30;90;47m8[0;33;47m@8XS[0;1;31;91;47mS[0;33;47m@X[0;1;31;91;47m@[0;33;47m88[0;1;30;90;47m8[0;33;47m8[0;1;31;91;47m@[0;33;47m@@[0;1;31;91;47m@[0;33;47m8@@@[0;1;30;90;47m8[0;1;31;91;47m8[0;33;47m@@[0;1;31;91;47mX[0;33;47m@@[0;1;31;91;47mX[0;33;47m@@[0;31;5;40;100m@[0;31;40m8[0;1;30;90;40m8[0;32;40m@[0;1;30;90;40m@[0;30;5;40;100m8[0;33;47m88@[0;1;31;91;47m@[0;33;47m@@[0;1;31;91;47m@[0;33;47m@@@X88X@@@@@@@@88@@@@@@@[0;1;31;91;47m@[0;33;47m8@@@@@[0;1;31;91;47mX[0;33;47m@[0m
[0;33;5;40;100m [0;33;47m8[0;33;5;40;100m [0;33;47m88[0;33;5;40;100m.[0;33;47m8[0;1;30;90;43m8[0;1;30;90;47m8[0;33;47m8[0;33;5;40;100m.[0;33;47m8[0;33;5;40;100m [0;37;43m8[0;1;30;90;47m8[0;37;43m8[0;1;30;90;47m8[0;33;47m8[0;37;5;40;100m.[0;33;47m88[0;35;47m8[0;37;43m8[0;1;30;90;47m8[0;1;30;90;43m8[0;35;47m@[0;37;43m8[0;1;30;90;47m8[0;33;47m88[0;35;47m8[0;33;47m888[0;1;31;91;47m8[0;1;30;90;47m8[0;33;47m8[0;1;30;90;47m8[0;1;31;91;47m8[0;1;30;90;47m8[0;33;47m8@8[0;35;47m@[0;33;47m88[0;35;47m8[0;37;43m8[0;33;47m88[0;35;47m8[0;33;47m8[0;1;30;90;47m8[0;33;47m8@[0;35;47mX[0;33;47m8XSSSS[0;1;30;90;47m8[0;1;33;93;47mX[0;1;31;91;47m@[0;33;47m@[0;1;30;90;47m8[0;33;47m8@[0;1;30;90;47m8[0;33;47m8[0;1;31;91;47m@[0;1;30;90;47m8[0;33;47m888@@@@@@X[0;33;5;40;100m [0;31;5;40;100m8[0;1;30;90;40m@[0;30;5;40;100m8[0;1;30;90;40m88[0;1;30;90;41m8[0;1;30;90;47m8[0;33;47m88@@X@@@[0;1;31;91;47m@[0;33;47m@X[0;1;31;91;47mX[0;33;47m@@[0;1;31;91;47m@[0;33;47m@@[0;1;31;91;47m@[0;33;47m@@@[0;1;31;91;47m@[0;33;47m@@[0;1;31;91;47m@[0;33;47m@@@[0;1;31;91;47m@[0;33;47m@@@@[0;1;31;91;47m@[0;33;47mX@@@@[0m
[0;33;5;40;100m [0;33;47m8[0;1;30;90;47m8[0;1;30;90;43m8[0;37;5;40;100m:[0;33;47m8[0;1;30;90;47m8[0;33;47m8[0;33;5;40;100m;[0;33;47m88[0;35;5;40;100m.[0;33;47m8[0;1;30;90;47m8[0;1;31;91;43m8[0;1;30;90;47m8[0;1;30;90;43m8[0;1;30;90;47m8[0;1;31;91;47m8[0;1;30;90;47m8[0;37;43m8[0;33;47m8[0;1;30;90;47m8[0;33;47m8[0;1;30;90;47m8[0;33;47m88[0;35;47m8[0;37;43m8[0;1;30;90;47m8[0;37;43m8[0;1;30;90;47m8[0;1;31;91;47m8[0;1;30;90;47m8[0;33;47m88@8[0;1;30;90;47m8[0;33;47m88[0;35;47m8[0;33;47m888[0;37;43m8[0;33;47m8[0;1;30;90;47m8[0;33;47m8[0;1;30;90;43m8[0;33;47m8[0;37;43m8[0;1;31;91;47m8[0;1;30;90;47m8[0;33;47m8[0;37;43m8[0;33;47m@[0;1;31;91;47m@[0;33;47m@@[0;1;30;90;47m8[0;33;47m8[0;1;31;91;47m8[0;1;30;90;47m8[0;33;47mSS[0;1;33;93;47mS[0;1;30;90;47m8[0;33;47m@[0;1;31;91;47mX[0;33;47mX88[0;1;31;91;47m8[0;33;47m@[0;1;30;90;47m8[0;33;47m8[0;1;31;91;47mX[0;33;47mX[0;1;31;91;47m@[0;33;47m@8[0;1;31;91;47mS[0;1;30;90;43m8[0;1;30;90;41m8[0;30;5;40;100m@[0;33;5;40;100m%%[0;31;5;40;100mS[0;33;5;40;100m8[0;1;30;90;43m8[0;1;37;97;47m [0;33;47m8@[0;1;31;91;47m@[0;33;47m@[0;1;33;93;47mX[0;1;31;91;47m@[0;33;47mX@@@@@@@@@@8[0;1;31;91;47mX[0;33;47m@@@@@@[0;1;31;91;47m8[0;33;47mXXX@@@@@[0;1;31;91;47m@[0;33;47m@@@[0m
[0;33;5;40;100m [0;1;30;90;43m8[0;33;5;40;100m [0;33;47m8[0;1;30;90;43m8[0;35;47m8[0;1;30;90;43m8[0;1;30;90;47m8[0;33;5;41;101mS[0;1;30;90;47m88[0;33;47m88[0;1;30;90;47m88[0;33;47m8[0;1;30;90;47m8[0;37;43m8[0;1;30;90;47m8[0;1;30;90;43m8[0;1;30;90;47m8[0;37;43m8[0;1;30;90;47m8[0;33;5;41;101mX[0;1;30;90;47m@[0;33;47m8[0;1;30;90;47m8[0;37;43m8[0;1;30;90;47m8[0;37;43m8[0;35;47m8[0;37;43m8[0;33;47m@[0;1;30;90;47m8[0;33;47m8[0;1;30;90;47m8[0;33;47m8[0;1;30;90;47m8[0;37;43m8[0;1;30;90;47m8[0;1;31;91;43m8[0;1;30;90;47mX[0;33;47m88[0;35;47m8[0;33;47m888[0;35;47m8[0;33;47m8[0;35;47m8[0;33;47m8X8@[0;35;47m@[0;33;47m8@[0;1;30;90;47m8[0;33;47m8[0;1;31;91;47m8[0;33;47m8@8@@@[0;1;31;91;47m@[0;33;47mXSS[0;1;30;90;47m8[0;1;33;93;47mX[0;1;30;90;47m8[0;33;47m@@XSXX@@@[0;33;5;40;100m:8[0;31;5;40;100m8[0;33;5;40;100m. @[0;31;5;40;100m8[0;1;30;90;41m8[0;33;5;40;100mt[0;33;47mX@@X[0;1;30;90;47m8[0;33;47m8X@[0;1;31;91;47m@[0;33;47m@@[0;1;31;91;47mX[0;33;47m@@[0;1;31;91;47m@[0;33;47m@8[0;1;30;90;47m8[0;33;47m8@X[0;1;31;91;47mX[0;33;47m@@XX@@@[0;1;31;91;47m@[0;33;47mX@[0;1;31;91;47m@[0;33;47m@@@@[0;1;30;90;47m8[0m
[0;33;5;40;100m [0;1;30;90;47mX[0;33;47m8[0;1;30;90;47m8[0;33;47m8[0;1;30;90;43m8[0;1;30;90;47m8[0;33;47m8[0;1;30;90;47m8[0;33;47m8[0;1;30;90;43m8[0;35;47m@[0;1;30;90;43m8[0;33;47m8[0;33;5;40;100m.[0;33;47m8[0;33;5;40;100m.[0;33;47m88[0;1;30;90;47m8[0;1;30;90;43m8[0;35;47m8[0;33;47m8[0;1;30;90;47m8[0;33;47m8[0;1;30;90;47m8[0;37;43m8[0;1;30;90;47m8[0;1;31;91;47m8[0;33;47m8[0;1;30;90;43m8[0;1;30;90;47m8[0;33;47m8[0;1;30;90;43m8[0;1;30;90;47m8[0;37;43m8[0;1;30;90;45m8[0;37;43m8[0;33;47m8[0;1;30;90;47m88[0;33;47m888[0;37;43m8[0;1;30;90;47m8[0;33;47m8[0;1;30;90;47m8[0;33;47m888@[0;1;30;90;47m8[0;33;47m8[0;1;31;91;47m8[0;33;47m8@@[0;1;31;91;47m8[0;33;47m8[0;1;30;90;47m8[0;33;47m8[0;1;30;90;47m8[0;33;47m8[0;1;31;91;47mX[0;33;47m@[0;1;30;90;47m8[0;33;47m8X@@[0;1;31;91;47mX[0;33;47m@@[0;1;31;91;47mX[0;33;47mX[0;1;33;93;47mX[0;1;31;91;47mX[0;33;47mS[0;1;33;93;47mS[0;35;47mX[0;1;33;93;47m@[0;35;47mX[0;1;33;93;47m@[0;1;30;90;47m8[0;33;47m@[0;1;30;90;47m@8[0;33;5;40;100mt;;[0;31;5;40;100m8[0;33;5;40;100m [0;33;47mX@[0;1;31;91;47m@[0;33;47m8@[0;1;31;91;47m@[0;33;47m@@@@@@@@[0;1;30;90;47m8[0;1;31;91;47m8[0;33;47m8@[0;1;31;91;47m@[0;33;47m8@@[0;1;31;91;47m@[0;33;47m@X8[0;1;31;91;47m@[0;33;47m@@@@@@[0;1;30;90;47m8[0;1;31;91;47m8[0;33;47m88[0m
[0;33;5;40;100m [0;33;47m8[0;1;30;90;43m8[0;37;5;40;100m.[0;1;30;90;47m8[0;33;47m8[0;33;5;40;100m.[0;33;47m8[0;33;5;40;100m [0;33;47m8[0;1;30;90;47m8[0;33;47m8[0;1;30;90;47m8[0;33;47m88[0;35;47m8[0;37;43m8[0;1;30;90;47m8[0;1;31;91;43m8[0;1;30;90;47m88[0;37;43m8[0;1;30;90;47m8[0;37;43m8[0;37;5;40;100m;[0;33;47m88[0;1;30;90;43m8[0;1;30;90;47m8[0;33;47m8[0;1;30;90;47m8[0;37;43m8[0;1;30;90;47m8[0;33;47m8[0;1;31;91;47m8[0;1;30;90;47m8[0;33;47m88[0;1;30;90;47m8[0;1;31;91;43m8[0;1;30;90;47m@[0;33;47m8[0;1;30;90;47m8[0;33;47m8[0;35;47m8[0;37;43m8[0;37;5;41;101m8[0;33;47m8[0;1;30;90;47m8[0;1;31;91;43m8[0;1;30;90;47m8[0;33;47m8[0;1;31;91;47m8[0;1;30;90;47m8[0;33;47m8X[0;1;30;90;47m8[0;33;47m8[0;1;30;90;47m8[0;33;47m88@[0;1;31;91;47m@[0;33;47m8[0;1;30;90;47m8[0;33;47m8[0;1;31;91;47m8[0;33;47m8@[0;1;31;91;47m@[0;33;47m@@@X8[0;1;31;91;47m8[0;1;30;90;47m8[0;33;47m8@[0;1;31;91;47m@[0;33;47m8888@@88[0;1;37;97;47m [0;33;47m8[0;1;30;90;41m@[0;33;5;40;100m;[0;31;5;40;100m8[0;33;5;40;100m%[0;1;30;90;47mX[0;1;33;93;47m@[0;1;30;90;47m8[0;33;47m8XX@[0;1;31;91;47mX[0;33;47m@X[0;1;31;91;47m@[0;33;47m@[0;37;43m8[0;33;47m888@@88@@X[0;1;31;91;47m@[0;33;47mXXXX[0;1;31;91;47mX[0;33;47m@X88@@@[0m
[0;33;5;40;100m [0;1;30;90;47m8[0;33;47m88[0;1;30;90;43m8[0;35;47m8[0;37;43m8[0;1;30;90;47m8[0;33;47m8[0;33;5;40;100m.[0;33;47m8[0;1;30;90;43m8[0;35;47m8[0;1;30;90;43m8[0;1;30;90;47m8[0;37;43m8[0;1;30;90;47m8[0;33;47m8[0;1;30;90;47m8[0;1;30;90;43m8[0;1;30;90;47m8[0;1;30;90;43m8[0;1;30;90;47m8[0;33;47m88[0;1;30;90;47m8[0;1;31;91;47m8[0;1;30;90;47m8[0;37;43m8[0;37;5;40;100m.[0;33;47m8[0;35;47m8[0;37;43m8[0;1;30;90;47m8[0;1;30;90;43m8[0;33;47m8[0;1;30;90;47m8[0;1;31;91;43m8[0;1;30;90;47m8@[0;37;43m8[0;37;5;40;100m;[0;33;47m8[0;37;43m8[0;33;47m8[0;1;30;90;47m8[0;33;47m8[0;33;5;40;100m:[0;33;47m8[0;1;30;90;47m8[0;33;47m8[0;1;30;90;47m8[0;37;43m8[0;33;47m8[0;1;30;90;47m8[0;37;43m8[0;1;31;91;47m8[0;33;47m888[0;1;31;91;47m@[0;33;47m@@8888[0;1;30;90;47m8[0;33;47m88[0;1;30;90;47m8[0;33;47m8[0;1;31;91;47m8[0;33;47m8@8@@@8@[0;1;31;91;47m@[0;33;47m@[0;1;31;91;47m@[0;33;47m@@888[0;1;30;90;47m8[0;33;5;40;100m8S S[0;31;5;40;100m8[0;1;30;90;47m8[0;1;33;93;47mX[0;33;47mS[0;1;33;93;47mS[0;35;47mS[0;1;33;93;47mX[0;1;30;90;47m@[0;1;33;93;47m@[0;1;30;90;47m8[0;33;47m88[0;35;47m8[0;33;47m8@[0;1;31;91;47m@[0;33;47m@@[0;1;31;91;47m8[0;1;30;90;47m8[0;33;47m88@8@@@8X8[0;1;31;91;47m8[0;33;47m@@8[0;35;47m8[0;33;47m8[0m
[0;33;5;40;100m [0;1;30;90;43m8[0;37;5;40;100m;[0;35;5;40;100m [0;33;47m8[0;1;30;90;43m8[0;1;30;90;47m8[0;1;31;91;43m8[0;1;30;90;47m8[0;33;47m8[0;1;30;90;47m8[0;37;43m8[0;1;30;90;47m8[0;37;43m8[0;35;5;40;100m:[0;33;47m8[0;1;30;90;43m8[0;1;30;90;47m8[0;33;5;40;100m:[0;33;47m8[0;1;30;90;47m8[0;33;47m8[0;37;43m8[0;1;30;90;45m8[0;33;47m88[0;1;30;90;47m8[0;37;43m8[0;1;30;90;47m8[0;1;31;91;43m8[0;1;30;90;47m8[0;1;30;90;43m8[0;1;30;90;47m8[0;1;30;90;43m8[0;1;30;90;47m8[0;1;30;90;43m8[0;1;30;90;47m88[0;33;47m88[0;1;30;90;47m8[0;37;43m8[0;35;47m8[0;37;43m8[0;1;30;90;47m8[0;1;31;91;43m8[0;1;30;90;47m@[0;33;47m@@88[0;1;31;91;43m8[0;1;30;90;47m8[0;33;47m88[0;1;30;90;47m8[0;37;43m8[0;1;30;90;47m8[0;33;5;41;101m@[0;1;30;90;47m88[0;33;47m88[0;35;47m8[0;1;31;91;43m8[0;1;30;90;47m8[0;33;47m8[0;1;31;91;43m8[0;1;30;90;47m8[0;33;47m8[0;33;5;41;101m%[0;1;30;90;47m@[0;33;47m8[0;33;5;40;100m.[0;33;47m88[0;1;31;91;47m8[0;33;47m8@[0;1;31;91;47m8[0;33;47m8@888[0;1;31;91;47m8[0;33;47m88[0;1;31;91;47m8[0;33;47m8[0;1;30;90;47m8[0;33;47m8[0;33;5;40;100m [0;1;30;90;41m8[0;33;5;40;100mt[0;33;47m88[0;1;31;91;47m8[0;33;47m888@[0;1;31;91;47m@[0;33;47m@@[0;1;31;91;47m@[0;33;47m88X@@X88[0;1;31;91;47m@[0;33;47m8[0;1;30;90;47m8[0;33;47m8[0;1;31;91;47m8[0;33;47m88[0;1;31;91;47m8[0;33;47m@[0;1;30;90;47m8[0;1;30;90;43m8[0;1;30;90;47m8[0;1;31;91;47m8[0;33;47m888[0m
[0;33;5;40;100m [0;1;30;90;47m8[0;37;43m8[0;1;30;90;47m8[0;1;30;90;43m8[0;35;47m8[0;33;47m8[0;1;30;90;47m8[0;33;5;40;100mt[0;33;47m8[0;37;45m8[0;33;47m88[0;35;47m8[0;37;43m8[0;35;5;40;100m.[0;33;47mX8[0;1;30;90;47m8[0;1;31;91;43m8[0;1;30;90;47m8[0;33;5;40;100m [0;33;47m8[0;37;43m8[0;37;5;40;100m:[0;33;47m8[0;1;30;90;43m8[0;1;30;90;47m8[0;1;30;90;43m8[0;1;30;90;47m8[0;33;47m8[0;1;30;90;47m8[0;1;31;91;43m8[0;1;30;90;47m88[0;1;30;90;43m8[0;33;47m8[0;1;30;90;43m8[0;1;30;90;47m8[0;1;30;90;43m8[0;1;30;90;47m8[0;1;31;91;43m8[0;1;30;90;47m8[0;1;30;90;43m8[0;1;30;90;47m88[0;33;47m88[0;35;5;41;101m@[0;1;30;90;47m888[0;37;43m8[0;1;30;90;47m8[0;37;5;41;101m8[0;33;47m88[0;1;30;90;47m88[0;33;47m8[0;37;43m8[0;1;30;90;43m8[0;1;30;90;47m8[0;37;43m8[0;1;30;90;47m8[0;37;43m8[0;1;30;90;47m88[0;33;47m8X[0;1;30;90;47m%[0;33;47m888[0;1;31;91;47m8[0;1;30;90;47m8[0;37;43m8[0;1;30;90;47m8[0;37;43m8[0;33;47m8[0;1;30;90;47m8[0;1;31;91;43m8[0;1;30;90;47m8[0;33;47m@8888@@8@8[0;33;5;40;100mt[0;33;47m8[0;1;30;90;43m8[0;35;5;40;100m.[0;1;30;90;43m8[0;1;30;90;47m8[0;1;31;91;43m8[0;37;5;40;100mt[0;1;30;90;43m8[0;33;5;40;100m [0;37;43m8[0;35;5;40;100m;[0;37;43m8[0;33;47m88[0;1;30;90;47m8[0;33;47m8[0;1;31;91;47m8[0;1;30;90;47m8[0;33;47m@@[0;1;30;90;47m@[0;1;33;93;47mX[0;1;31;91;47m@[0;1;30;90;47mX[0;33;47mX[0;1;30;90;47m8[0;33;47m8[0;1;30;90;47m8[0;33;47m88@88[0;1;30;90;43m8[0;1;30;90;47m8[0;33;47m8[0m
[0;37;5;40;100m8[0;1;30;90;43m8[0;1;30;90;47m8[0;1;30;90;43m8[0;1;30;90;47m8[0;1;30;90;43m8[0;1;30;90;47m8[0;1;30;90;43m8[0;1;30;90;47m8[0;1;30;90;43m8[0;33;47m8[0;37;5;40;100m:[0;37;43m8[0;1;30;90;43m8[0;1;30;90;47m8[0;33;47m8[0;1;31;91;47m8[0;1;30;90;47m8[0;33;47m8[0;1;30;90;47m8[0;1;30;90;43m8[0;1;30;90;47m8[0;33;47m8[0;1;30;90;47m8[0;37;43m8[0;1;30;90;45m8[0;33;47m88[0;37;5;40;100m;[0;33;47m8[0;33;5;40;100m:[0;33;47m@[0;1;30;90;47m8[0;1;30;90;43m8[0;1;30;90;47m8[0;33;47m8[0;35;47m8[0;37;43m8[0;33;5;40;100m.[0;33;47m8[0;1;30;90;47m8[0;33;5;40;100m.[0;33;47m88[0;1;30;90;43m8[0;33;47m88[0;1;30;90;47m8[0;33;47m8[0;37;43m88[0;33;47m8[0;1;31;91;43m8[0;1;30;90;47m8[0;33;47m888[0;1;31;91;43m8[0;1;30;90;47m8[0;37;43m8[0;35;47m@[0;33;47m8[0;33;5;41;101m%[0;1;30;90;47m%[0;33;47m88[0;1;31;91;47m8[0;33;47m88888888[0;1;30;90;43m8[0;33;47m@[0;1;31;91;47m8[0;33;47m888[0;1;30;90;47m8[0;33;47m88[0;1;31;91;47m8[0;1;30;90;47m8[0;1;31;91;43m8[0;1;30;90;47m8[0;33;47m88[0;1;31;91;47m@[0;33;47m88@@@X@8[0;1;30;90;47m8[0;33;47m8[0;1;30;90;47m8[0;33;47m8[0;1;30;90;43m8[0;1;30;90;47m8[0;1;30;90;43m8[0;1;30;90;45m8[0;1;30;90;43m8[0;31;5;40;100mS[0;33;5;40;100m%S%;[0;1;30;90;43m8[0;35;5;40;100m.[0;33;5;40;100m [0;1;30;90;43m8[0;37;5;40;100m;[0;1;30;90;43m8[0;37;5;40;100m:[0;33;5;40;100m:[0;33;47m8[0;35;5;40;100m:[0;1;30;90;47m8[0;33;47m8[0;1;30;90;45m8[0;33;47m8[0;1;30;90;47m8[0;1;31;91;43m8[0;37;5;40;100mX[0m
[0;33;5;40;100m.[0;1;30;90;47m8[0;37;43m8[0;1;30;90;47m8[0;33;47m8[0;1;30;90;47m8[0;37;43m8[0;35;47m@[0;33;47m8[0;1;30;90;47m8[0;1;30;90;43m8[0;1;30;90;47m88[0;1;31;91;43m8[0;1;30;90;47m8[0;33;5;40;100m:[0;37;43m8[0;33;47m8[0;33;5;40;100m.[0;33;47m8[0;33;5;40;100m [0;33;47m8[0;1;31;91;43m8[0;1;30;90;47m8[0;37;43m8[0;33;47m8[0;37;5;40;100m.[0;33;47m8[0;1;30;90;47m8[0;1;31;91;43m8[0;1;30;90;47m88[0;1;30;90;43m8[0;1;30;90;47m8[0;1;31;91;43m8[0;1;30;90;47m8[0;1;30;90;43m8[0;1;30;90;47m8[0;33;47m8[0;1;31;91;47m8[0;33;47m88[0;1;30;90;47m8[0;1;31;91;47m8[0;1;30;90;47m8[0;1;30;90;43m8[0;35;47m8[0;37;43m@[0;33;47m8[0;1;30;90;47m8[0;33;47m8[0;1;30;90;47m88[0;1;30;90;43m8[0;1;30;90;47m8[0;1;31;91;43m8[0;1;30;90;47m88[0;33;47m888@[0;1;30;90;47mX[0;33;47m88888[0;1;31;91;47m8[0;33;47m88[0;1;31;91;47m8[0;1;30;90;47m8[0;33;47m88[0;35;47m@[0;33;47m88@[0;1;31;91;47m8[0;33;47m888[0;33;5;40;100m [0;33;47m88[0;1;30;90;47m8[0;33;47m888888[0;1;31;91;47m8[0;33;47m88[0;1;31;91;47m8[0;33;47m8@8[0;1;31;91;47m8[0;37;43m8[0;1;30;90;47m8[0;1;31;91;47m@[0;33;47m88888[0;1;30;90;47m8[0;33;47m88@[0;1;31;91;47mX[0;33;47m88@@X[0;1;31;91;47m8[0;33;47m888[0;33;5;41;101m@[0;1;30;90;47m8[0;37;43m8[0;35;5;40;100m;[0;33;5;40;100m.[0;1;30;90;47m8[0;33;5;40;100m;[0m
[0;33;5;40;100m.[0;1;30;90;43m8[0;1;30;90;47m8[0;1;30;90;43m8[0;1;30;90;45m8[0;1;30;90;43m8[0;1;30;90;47m8[0;1;30;90;43m8[0;33;47m8[0;35;5;40;100m.[0;33;47m8[0;33;5;41;101m8[0;1;30;90;47m8[0;37;5;40;100m%[0;37;43m8[0;1;30;90;47m8[0;33;47m8[0;37;5;40;100m:[0;33;47m8[0;33;5;40;100m.[0;33;47m8[0;35;5;40;100m [0;1;30;90;47m8[0;33;47m8[0;37;5;40;100m:[0;33;47m88[0;35;5;41;101m@[0;1;30;90;47mX8[0;1;30;90;43m8[0;1;30;90;47m8[0;1;30;90;43m8[0;1;30;90;47m8[0;37;5;40;100mt[0;33;47m8[0;1;30;90;47m8[0;1;31;91;43m8[0;1;30;90;47m8[0;33;47m8[0;37;5;40;100mt[0;33;47m8[0;1;30;90;43m8[0;1;30;90;47m8[0;33;47m888[0;1;30;90;47m8[0;37;43m8[0;1;31;91;47m8[0;1;30;90;43m8[0;33;5;40;100m:[0;37;43m8[0;1;30;90;47m8[0;33;47m8[0;1;30;90;47m8[0;33;47m888[0;1;31;91;43m8[0;1;30;90;47m8[0;33;47m@888[0;1;31;91;47m8[0;1;30;90;47m8[0;37;43m8[0;1;30;90;47m8[0;33;47m8[0;1;30;90;47m8[0;1;30;90;43m8[0;33;47m8[0;35;5;41;101mX[0;33;47m@888[0;33;5;40;100m.[0;33;47m@8[0;35;47m8[0;37;43m8[0;1;31;91;47m@[0;33;47m88[0;1;30;90;43m8[0;1;31;91;47mX[0;33;47m8@[0;1;31;91;47m8[0;1;30;90;47m8[0;33;47m88[0;1;30;90;47m8[0;37;43m8[0;1;30;90;47m8[0;33;47m@[0;1;31;91;47m8[0;33;47m8@@888@[0;1;31;91;47m8[0;33;47m88[0;1;31;91;47m8[0;33;47m88@88[0;35;47m8[0;33;47m8[0;1;31;91;47m8[0;33;47m88[0;1;30;90;43m8[0;35;47m8[0;33;47m8[0;1;30;90;47m8[0;33;47m888888[0m
[0;33;5;40;100m [0;1;30;90;47m@[0;37;43m8[0;1;30;90;47m8[0;37;43m8[0;1;30;90;47m8[0;1;31;91;43m8[0;1;30;90;47m8[0;33;5;40;100m.[0;33;47m8[0;35;5;40;100m.[0;1;30;90;47m8[0;33;5;40;100m.[0;37;43m8[0;35;5;40;100m:[0;1;30;90;43m8[0;1;30;90;47m8[0;1;30;90;43m8[0;35;47m8[0;37;43m@[0;35;47m8[0;37;43m@[0;1;30;90;43m8[0;1;30;90;47m8[0;33;47m8[0;1;30;90;45m8[0;33;47m88[0;37;43m8[0;1;30;90;47m8[0;33;47m8[0;37;43m8[0;35;47m8[0;1;30;90;43m8[0;33;47m8[0;33;5;40;100m:[0;33;47m8[0;1;30;90;47m8[0;1;30;90;43m8[0;1;30;90;47m8[0;37;43m8[0;1;30;90;47m8[0;33;47m8[0;1;31;91;43m8[0;1;30;90;47m8[0;33;5;40;100m.[0;33;47m8[0;33;5;41;101mX[0;1;30;90;47m@8[0;33;47m88[0;37;5;41;101m8[0;33;47m8888[0;1;31;91;47m8[0;1;30;90;47m88[0;33;47m888[0;35;5;41;101mX[0;1;30;90;47mX[0;33;47m8888[0;33;5;41;101mX[0;1;30;90;47m8[0;1;30;90;43m8[0;1;30;90;47m8[0;33;47m8@8[0;1;31;91;47m8[0;33;47m88[0;1;31;91;47m8[0;33;47m8888@[0;35;47m8[0;33;47m8@8@8[0;37;43m8[0;33;47m8[0;1;31;91;43m8[0;1;30;90;47m8[0;1;30;90;43m8[0;1;31;91;47m@[0;33;47m88[0;1;30;90;47m8[0;33;47m8[0;37;5;41;101m8[0;33;47m8[0;1;30;90;43m8[0;35;47m8[0;37;43m8[0;33;47m8[0;1;30;90;47m8[0;37;43m8[0;33;47m88[0;1;31;91;47m8[0;1;30;90;47m8[0;1;31;91;43m8[0;1;30;90;47m8[0;33;47m8[0;37;43m8[0;1;30;90;47m8[0;37;43m8[0;1;30;90;47m8[0;33;47m8[0;37;43m8[0;33;47m888[0;1;30;90;47m8[0;1;31;91;47m8[0;33;47m8[0;37;43m8[0;1;30;90;47m8[0m
[0;33;5;40;100m:[0;1;30;90;43m8[0;37;5;40;100m;[0;37;43m8[0;35;5;40;100m:[0;37;43m8[0;35;5;40;100m [0;1;30;90;47m8[0;1;30;90;43m8[0;1;30;90;47m8[0;1;30;90;43m8[0;1;30;90;47m8[0;33;47m8[0;33;5;40;100m.[0;33;47m@[0;1;30;90;47m8[0;1;31;91;43m8[0;1;30;90;47m8[0;1;30;90;43m8[0;1;30;90;47m8[0;1;30;90;43m8[0;1;30;90;47m8[0;33;47m8[0;1;31;91;43m8[0;1;30;90;47m8[0;37;43m@[0;33;5;40;100m [0;33;47m8[0;33;5;40;100m:[0;1;30;90;43m8[0;1;30;90;47m8[0;1;30;90;43m8[0;33;47m8[0;1;30;90;47m8[0;33;47m88[0;1;30;90;47m8[0;1;30;90;43m8[0;1;30;90;47m8[0;37;43m8[0;1;31;91;47m8[0;37;43m8[0;1;30;90;47m88[0;1;30;90;43m8[0;1;30;90;47m8[0;33;47m8[0;1;30;90;47m8[0;37;43m88[0;35;5;40;100m.[0;33;47m8[0;37;5;40;100mt[0;37;43m8[0;1;30;90;45m8[0;37;43m8[0;37;5;40;100m.[0;33;47m8888[0;1;31;91;47m8[0;1;30;90;47m8[0;33;47m8888[0;1;31;91;47m8[0;1;30;90;47m88[0;1;30;90;43m8[0;1;30;90;47m8[0;33;47m88[0;1;30;90;47m8[0;37;43m8[0;1;30;90;47m8[0;1;31;91;43m8[0;1;30;90;47m8[0;33;47m88[0;1;30;90;43m8[0;35;47m8[0;37;43m8[0;33;47m8[0;1;31;91;43m8[0;1;30;90;47m8[0;1;30;90;43m8[0;37;45m8[0;1;30;90;43m8[0;1;30;90;47m8[0;33;5;41;101mS[0;1;30;90;47m8[0;37;5;40;100mX[0;37;43m8[0;1;30;90;47m8[0;33;47m88888[0;1;30;90;47m8[0;33;47m88[0;37;43m8[0;33;47m88[0;33;5;41;101mS[0;1;30;90;47m8[0;1;30;90;43m8[0;1;30;90;47m8[0;37;43m8[0;33;47m8[0;1;30;90;47m8[0;33;47m88[0;1;30;90;43m8[0;33;47m88[0;33;5;41;101m%[0;1;30;90;47m8[0;33;47m8[0;1;30;90;43m8[0;35;47m8[0;1;31;91;43m8[0;1;30;90;47m8[0;1;30;90;43m8[0;1;30;90;47m8[0;37;43m8[0;1;30;90;43m8[0m
[0;33;5;40;100m [0;1;30;90;47m8[0;1;30;90;43m8[0;1;30;90;47m8[0;1;30;90;43m8[0;35;5;40;100m.[0;1;30;90;43m8[0;33;5;40;100m [0;33;47m88[0;35;5;40;100m;[0;1;30;90;43m8[0;33;5;40;100m [0;33;47m8[0;1;30;90;43m8[0;1;30;90;47m88[0;33;47m8[0;33;5;40;100m [0;33;47m88[0;1;30;90;43m8[0;35;47m8[0;1;30;90;47m8[0;1;30;90;43m8[0;1;30;90;47m8[0;33;47m8[0;1;30;90;43m8[0;1;30;90;47m8[0;33;47m88[0;1;30;90;47m8[0;1;31;91;43m8[0;1;30;90;47m8[0;1;30;90;43m8[0;1;30;90;47m8[0;33;5;41;101mS[0;1;30;90;47m@[0;33;47m8[0;33;5;40;100m [0;33;47m8[0;33;5;40;100m.[0;33;47m88[0;1;30;90;47m8[0;33;5;41;101m@[0;37;5;40;100m%[0;1;30;90;43m8[0;37;5;40;100mt[0;33;47m8[0;1;31;91;43m8[0;1;30;90;47m8[0;33;47m8888[0;1;31;91;47m8[0;33;47m88[0;1;31;91;43m8[0;1;30;90;47m8[0;33;47m88[0;37;43m8[0;1;30;90;47m8[0;1;30;90;43m8[0;1;30;90;47m8[0;37;43m88[0;33;47m8[0;1;30;90;47m8[0;33;5;41;101mX[0;1;30;90;47m8[0;33;47m8[0;1;31;91;43m8[0;1;30;90;47m8[0;33;47m8[0;1;30;90;47m8[0;33;47m88[0;35;47m8[0;33;47m8[0;37;43m8[0;33;47m8[0;1;30;90;47m8[0;33;47m@888[0;1;31;91;43m8[0;1;30;90;47m8X[0;37;43m8[0;33;47m8[0;33;5;40;100m.[0;33;47m88[0;35;5;41;101mX[0;1;30;90;47m@[0;1;30;90;43m8[0;33;47m8[0;1;31;91;43m8[0;1;30;90;47m8[0;33;47m8[0;1;31;91;47m@[0;33;47m8[0;1;30;90;47m8%[0;33;47m888[0;37;43m8[0;1;30;90;47m8[0;1;31;91;43m8[0;1;30;90;47m8[0;33;47m8[0;1;30;90;45m8[0;33;47m8[0;1;30;90;47m8[0;33;47m@8888[0;1;30;90;47m8[0;37;43m8[0;33;47m@8[0;35;47m8[0;1;30;90;43m8[0m
[0;33;5;40;100m;S:[0;1;30;90;43m8[0;1;30;90;45m8[0;33;47m8[0;33;5;40;100m.[0;33;47m8[0;1;30;90;45m8[0;1;30;90;43m8[0;33;5;40;100m.[0;33;47m88[0;1;30;90;45m8[0;33;47m8[0;1;30;90;43m8[0;33;5;40;100m [0;33;47m88[0;33;5;40;100mt[0;1;30;90;45m8[0;33;47m8[0;1;30;90;43m8[0;37;5;40;100m%[0;33;47m8[0;1;30;90;43m8[0;1;30;90;47m8[0;33;47m8[0;1;30;90;43m8[0;35;47m8[0;1;30;90;43m8[0;1;30;90;47m88[0;33;47m8[0;1;30;90;47m8[0;1;30;90;43m8[0;1;30;90;47m8[0;1;30;90;43m8[0;1;30;90;47m8[0;1;30;90;43m8[0;1;30;90;47m8[0;1;31;91;43m8[0;1;30;90;47m8[0;1;30;90;43m8[0;1;30;90;47m88[0;37;43m8[0;1;30;90;47m8[0;33;47m8[0;1;30;90;47m88[0;33;47m8[0;33;5;40;100mt[0;33;5;41;101m@[0;1;30;90;47m8[0;33;47m88[0;33;5;40;100m.[0;1;30;90;47m88[0;1;30;90;43m8[0;1;30;90;47m8[0;1;30;90;43m8[0;1;30;90;47m8[0;33;47m8[0;1;31;91;47m8[0;33;47m8[0;33;5;40;100m [0;1;30;90;43m8[0;35;47m8[0;37;43m@[0;1;30;90;47m8[0;33;47m88[0;1;30;90;47m8[0;37;43m8[0;33;47m8[0;1;30;90;43m8[0;1;30;90;47m8[0;1;31;91;43m8[0;33;47m8[0;1;30;90;43m8[0;35;47m@[0;1;31;91;43m8[0;1;30;90;47m8[0;33;47m8[0;1;31;91;43m8[0;1;30;90;47m88[0;33;47m88[0;1;30;90;43m8[0;1;30;90;47m8[0;37;43m8[0;1;31;91;43m8[0;1;30;90;47m8[0;33;47m@[0;1;33;93;47mX[0;33;47m8[0;1;30;90;47m8[0;33;47m8[0;1;30;90;47m8[0;33;47m8[0;1;30;90;43m8[0;1;30;90;47m8[0;33;47m8[0;37;43m8[0;1;30;90;43m8[0;1;30;90;47m8[0;33;5;41;101m@[0;1;30;90;47m8[0;1;30;90;43m8[0;1;30;90;47m8[0;33;47m8[0;1;30;90;43m8[0;33;47mX[0;1;33;93;47m8[0;1;30;90;43m8[0;33;47m8[0;1;30;90;47m8[0;33;47m8[0;33;5;41;101mX[0;1;30;90;47m8[0;1;30;90;43m8[0;33;47m8[0;1;30;90;47m8[0;1;31;91;43m8[0;1;30;90;47m8[0;33;47m8@[0m
[0;33;5;40;100m:[0;37;5;40;100m8[0;1;30;90;43m8[0;33;5;40;100m [0;33;47m8[0;1;30;90;43m8[0;1;30;90;47m8[0;31;43m8[0;1;30;90;47m8[0;1;30;90;43m8[0;1;30;90;47m8[0;1;31;91;43m8[0;37;5;40;100mt[0;37;43m8[0;1;30;90;47m8[0;1;30;90;43m8[0;1;30;90;47m8[0;1;31;91;43m8[0;37;5;40;100m%[0;37;43m88[0;1;30;90;47m8[0;1;30;90;43m8[0;33;5;40;100m:[0;33;47m8[0;35;5;40;100m:[0;37;43m8[0;35;47m8[0;37;43m8[0;1;30;90;43m8[0;1;30;90;47m8[0;1;30;90;43m88[0;35;5;40;100m [0;1;31;91;43m8[0;1;30;90;47m8[0;33;5;40;100m:[0;1;30;90;43m8[0;1;30;90;47m8[0;37;43m8[0;1;30;90;47m88[0;37;43m8[0;1;30;90;47m8[0;1;31;91;43m8[0;1;30;90;47m8[0;1;30;90;43m8[0;1;30;90;47m8[0;1;31;91;43m8[0;1;30;90;47m8[0;33;47m88[0;1;30;90;47m88[0;1;30;90;43m8[0;1;30;90;47m8[0;37;43m8[0;33;47m8[0;33;5;41;101m@[0;1;30;90;47m8[0;37;43m8[0;33;47m8[0;1;31;91;47m8[0;33;47m888[0;1;30;90;43m8[0;35;47mS[0;33;47m888[0;37;43m8[0;1;30;90;47m8[0;1;31;91;43m8[0;1;30;90;47m8[0;33;47m8[0;35;47m8[0;33;47m88[0;1;30;90;47m8[0;33;47m888[0;1;30;90;47m8[0;33;47m88[0;1;30;90;47m8[0;37;43m8[0;1;30;90;43m8[0;1;30;90;47m8[0;33;47m8[0;37;43m8[0;1;30;90;43m8[0;35;47mS[0;33;47mX88[0;1;30;90;47m8[0;33;47m8[0;33;5;41;101mX[0;1;30;90;47m8[0;33;47m88[0;35;47m8[0;1;31;91;43m8[0;1;30;90;47m8[0;33;47m8@8[0;1;30;90;47m8[0;33;47m88[0;1;31;91;43m8[0;1;30;90;47m8[0;33;47m@8[0;35;47m8[0;33;47m8[0;1;31;91;47m8[0;33;47m8[0;1;30;90;47m88[0;33;47m8[0;1;30;90;47m8[0;1;31;91;43m8[0;1;30;90;47m8[0;33;47m@[0;1;30;90;43m8[0;33;47m8[0;33;5;40;100m:[0m
[0;33;5;40;100m%t[0;1;30;90;47m8[0;1;30;90;43m8[0;35;5;40;100m [0;33;47m8[0;35;5;40;100mt[0;1;30;90;43m8[0;33;5;40;100m [0;1;30;90;43m8[0;35;5;40;100m.[0;1;30;90;47m8[0;1;30;90;43m8[0;33;5;40;100m.[0;1;30;90;43m8[0;1;30;90;45m8[0;37;43m8[0;35;5;40;100m [0;37;5;40;100mt[0;33;47m8[0;33;5;40;100m:[0;37;43m8[0;1;30;90;47m8[0;1;30;90;43m8[0;35;47m8[0;1;30;90;43m8[0;33;47m8[0;1;30;90;43m8[0;1;30;90;47m8[0;33;5;40;100m.[0;33;47m8[0;35;47m8[0;37;43m8[0;1;30;90;47m88[0;1;30;90;43m8[0;1;30;90;47m8[0;33;47m8[0;1;30;90;43m8[0;35;47m8[0;37;43mX[0;1;30;90;43m8[0;1;30;90;47m8[0;37;43m8[0;1;30;90;47m8[0;1;30;90;43m8[0;1;30;90;47m8[0;37;43m8[0;1;30;90;47m8[0;37;43m8[0;33;5;40;100m.[0;1;31;91;47m8[0;1;30;90;43m8[0;33;47m@@[0;1;31;91;47m8[0;1;30;90;47m8[0;33;47m8[0;1;30;90;47m8[0;1;30;90;43m8[0;1;30;90;47m8[0;1;30;90;43m8[0;1;30;90;47m8[0;1;30;90;43m8[0;35;47m8[0;1;30;90;43m8[0;1;30;90;47m8[0;1;31;91;43m8[0;1;30;90;47m8[0;37;43m8[0;1;30;90;47m8[0;33;5;41;101mS[0;1;30;90;47m@8[0;1;30;90;43m8[0;33;47m8[0;37;43m8[0;1;31;91;47m8[0;33;47m8[0;37;43m8[0;1;30;90;47m8[0;33;5;41;101m%[0;1;30;90;47mS[0;37;43m88[0;35;47m8[0;1;30;90;43m8[0;1;30;90;47m8[0;33;5;41;101m%[0;1;30;90;47m@[0;1;30;90;43m8[0;35;47mX[0;33;47m8888[0;33;5;41;101m@[0;1;30;90;47m@[0;33;47m8[0;1;30;90;47m8[0;1;30;90;43m8[0;33;5;40;100m [0;33;47m88@8[0;1;30;90;45m8[0;37;43m8[0;33;47m8[0;1;30;90;43m8[0;35;47m8[0;33;47m8[0;1;30;90;47m8[0;33;47m88[0;1;31;91;47m8[0;33;47m88[0;37;43m8[0;33;47m8[0;1;30;90;43m8[0;33;47m8[0;37;43m8[0;33;47m8[0;1;30;90;47m8[0;1;30;90;43m8[0;1;30;90;47m8[0;33;47m88@[0m
[0;33;5;40;100m:[0;1;30;90;43m8[0;33;5;40;100m;[0;33;47m8[0;33;5;40;100m;[0;1;30;90;43m8[0;33;5;40;100m [0;33;47m8[0;1;30;90;47m8[0;37;43m8[0;33;5;40;100m [0;37;43m8[0;35;5;40;100m.[0;33;47m8[0;1;30;90;47m8[0;1;30;90;43m8[0;1;30;90;47m8[0;1;30;90;43m8[0;33;5;40;100m [0;1;30;90;43m8[0;1;30;90;47m8[0;1;31;91;43m8[0;1;30;90;47m8[0;1;30;90;43m8[0;33;47m8[0;35;5;40;100m [0;1;30;90;47m8[0;1;30;90;43m8[0;1;30;90;47m8[0;33;5;41;101mS[0;1;30;90;47m@[0;1;30;90;43m8[0;1;30;90;47m8[0;31;43m@[0;1;30;90;47m8[0;33;47m88[0;35;47m8[0;33;47m8[0;1;30;90;43m8[0;35;5;40;100m:[0;33;47m8[0;1;31;91;43m8[0;1;30;90;47m88[0;37;43m8[0;37;5;40;100m.[0;33;47m8[0;33;5;40;100m;[0;33;47m88[0;33;5;40;100m;[0;33;47m8[0;1;30;90;47m8[0;37;43m8[0;33;5;40;100m.[0;37;43m8[0;1;30;90;43m8[0;1;30;90;47m8[0;33;47m8[0;1;30;90;43m8[0;35;47m8[0;33;47m8[0;1;30;90;43m8[0;33;47m8[0;35;47m8[0;1;30;90;43m8[0;1;30;90;47m8[0;33;47m8[0;33;5;41;101mX[0;1;30;90;47m8[0;33;5;40;100m [0;33;47m88X88[0;1;30;90;43m8[0;1;30;90;47m8[0;33;5;41;101mX[0;1;30;90;47m@S[0;1;30;90;43m8[0;1;30;90;47m8[0;1;30;90;43m8[0;33;47m88[0;33;5;40;100m:[0;1;30;90;47mS[0;33;47m88[0;1;31;91;43m8[0;1;30;90;47m8[0;1;30;90;43m8[0;35;47m8[0;33;47m8[0;1;30;90;47m8[0;37;43m8[0;33;5;40;100m:[0;33;47m88[0;33;5;41;101mS[0;1;30;90;47m8[0;37;43m8[0;33;47m888[0;1;31;91;43m8[0;1;30;90;47m8[0;33;47m8[0;1;30;90;43m8[0;33;47m8[0;37;43m8[0;35;47m8[0;1;30;90;43m8[0;33;47m8[0;1;30;90;43m8[0;1;30;90;47m8[0;33;47m8[0;1;30;90;47m8[0;1;31;91;47m8[0;33;47m8[0;33;5;40;100m.[0;33;47m88[0;33;5;40;100m.[0;1;31;91;43m8[0;1;30;90;47m8[0;33;47m88[0m
[0;33;5;40;100m.[0;1;30;90;47m8[0;1;30;90;43m8[0;1;30;90;47m8[0;1;30;90;43m8[0;1;30;90;45m8[0;37;43m8[0;1;30;90;43m8[0;37;5;40;100m.[0;33;47m88[0;35;5;40;100m.[0;1;30;90;43m8[0;35;5;40;100m [0;33;47m8[0;1;30;90;43m8[0;1;30;90;47m8[0;37;43m8[0;1;30;90;47m8[0;1;31;91;43m8[0;1;30;90;47m8[0;37;5;40;100m%[0;37;43m8[0;1;30;90;47m8[0;1;30;90;43m8[0;33;47m@[0;1;31;91;47m8[0;33;5;40;100m.[0;33;47m8[0;37;5;40;100m@[0;1;30;90;43m8[0;1;30;90;47m8[0;1;30;90;43m8[0;1;30;90;47m8[0;1;30;90;43m8[0;35;5;40;100m [0;1;30;90;43m88[0;1;30;90;47m8[0;37;43m8[0;1;30;90;47m8[0;37;5;40;100m.[0;1;30;90;47m8[0;37;43m8[0;1;30;90;43m8[0;35;47m8[0;37;43m@[0;1;31;91;47m8[0;33;47m8[0;1;30;90;47m8[0;33;5;41;101mS[0;1;30;90;47mX[0;1;30;90;43m8[0;1;30;90;47m8[0;1;31;91;43m8[0;1;30;90;47m8[0;33;47m8[0;1;31;91;47m@[0;33;47m88[0;1;30;90;47m8[0;1;31;91;43m8[0;1;30;90;47m88[0;37;43m88[0;33;47m@8[0;1;30;90;47m88[0;1;30;90;43m8[0;33;47m@8[0;1;30;90;43m8[0;35;47m8[0;1;31;91;43m8[0;1;30;90;47m88[0;37;43m8[0;1;30;90;47m8[0;37;43m8[0;33;47m888[0;1;30;90;47m8[0;33;5;41;101mS[0;1;30;90;47m8[0;33;47m88[0;1;30;90;43m8[0;1;30;90;47m88[0;33;47m88[0;37;43m8[0;33;5;40;100m;[0;33;47m8[0;1;30;90;43m8[0;1;30;90;47m8[0;33;5;41;101mS[0;1;30;90;47mSX[0;33;47m88[0;35;5;40;100m.[0;1;31;91;47m8[0;1;30;90;47m88[0;37;43m8[0;35;5;40;100m.[0;33;47m8[0;1;31;91;47m8[0;33;5;40;100mt[0;37;43m8[0;1;30;90;47m8[0;33;47m8@[0;33;5;41;101mS[0;1;30;90;47m8[0;37;43m@[0;33;47m8[0;33;5;40;100m:[0;33;47m8[0;33;5;41;101m@[0;1;30;90;47m8[0;33;47m@[0;37;5;40;100mS[0;1;30;90;43m8[0;1;30;90;47m8[0;1;30;90;43m8[0m
[0;33;5;40;100mt[0;1;30;90;43m8[0;37;5;40;100mt[0;1;30;90;43m8[0;1;30;90;47m8[0;1;30;90;43m8[0;1;30;90;47m8[0;33;47m8[0;33;5;41;101mX[0;1;30;90;47m8[0;1;30;90;43m8[0;1;30;90;47m8[0;1;31;91;43m8[0;1;30;90;47m8[0;1;30;90;43m8[0;35;47m8[0;1;30;90;43m8[0;33;5;40;100m.[0;33;47m8[0;35;5;40;100m:[0;1;30;90;43m8[0;33;5;40;100m.:[0;33;47m8[0;1;30;90;45m8[0;1;30;90;43m8[0;37;5;40;100mS[0;37;43m8[0;33;5;40;100m:[0;33;47m8[0;1;30;90;47m8[0;1;30;90;43m8[0;1;30;90;47m8[0;1;31;91;43m8[0;1;30;90;47m8[0;1;30;90;43m8[0;35;47m8[0;33;47m8[0;1;30;90;43m8[0;35;47m8[0;1;31;91;43m8[0;1;30;90;47m8[0;1;30;90;43m8[0;1;30;90;47m8[0;1;30;90;43m8[0;33;47m8[0;1;30;90;47m8[0;33;47m8[0;33;5;40;100mS:[0;1;30;90;47mX[0;1;30;90;43m8[0;37;5;40;100m:[0;1;30;90;43m8[0;1;30;90;47m8[0;1;30;90;43m8[0;1;30;90;47m8[0;37;43m8[0;35;5;40;100mt[0;31;43m8[0;1;30;90;47m8[0;33;5;40;100m.[0;33;47m8[0;1;31;91;43m8[0;1;30;90;47m8[0;1;30;90;43m8[0;1;30;90;45m8[0;1;30;90;43m8[0;37;43m8[0;33;47m8[0;1;30;90;47m8[0;1;30;90;43m8[0;1;30;90;47m8[0;33;47m88[0;1;30;90;47m8[0;1;30;90;43m8[0;37;43m8[0;35;5;40;100m:[0;33;47m8[0;33;5;40;100m;[0;33;47m8[0;33;5;40;100mt[0;33;5;41;101m8[0;1;30;90;47m8%[0;37;43m8[0;33;47m8[0;1;30;90;47m8[0;33;47m8[0;1;31;91;43m8[0;37;5;40;100m;[0;1;30;90;43m8[0;35;47m8[0;37;43m8[0;33;47m8[0;1;30;90;45m8[0;33;47m88[0;37;5;40;100mX[0;1;30;90;43m8[0;33;47m8[0;37;43m8[0;1;30;90;47m8[0;1;31;91;43m8[0;1;30;90;47mX[0;37;43m@8[0;33;47m8[0;1;31;91;47m@[0;33;47m8[0;33;5;40;100m:[0;33;47m88[0;33;5;41;101m%[0;1;30;90;47m@[0;33;47m8[0;1;30;90;47m8[0;37;43m8[0;1;30;90;47m8[0;1;31;91;43m8[0;1;30;90;47m8[0;33;47m8[0;1;30;90;47m8[0;33;47m8[0;37;43m8[0;33;5;40;100m.[0;1;33;93;47m@[0;33;5;40;100m.[0;33;47m8[0m
[0;33;5;40;100mt[0;1;30;90;47m8[0;1;30;90;43m8[0;1;30;90;47m8[0;1;31;91;43m8[0;1;30;90;47m8[0;1;30;90;43m8[0;1;30;90;47m8[0;33;5;40;100m [0;33;47m8[0;1;30;90;47m8[0;33;47m8[0;1;30;90;47m8[0;37;43m8[0;33;5;40;100m [0;1;30;90;43m8[0;1;30;90;47m8[0;1;31;91;43m8[0;1;30;90;47m8[0;33;47m8[0;33;5;40;100m [0;33;47m8[0;1;30;90;43m8[0;33;5;40;100m [0;33;47m88[0;1;30;90;43m8[0;35;5;40;100m:[0;37;43m8[0;1;30;90;43m8[0;1;30;90;47m8[0;1;31;91;43m8[0;1;30;90;47m88[0;37;43m8[0;1;30;90;47m8[0;1;30;90;43m8[0;35;5;40;100m [0;33;47m8[0;1;30;90;43m8[0;1;30;90;47m8[0;1;30;90;43m8[0;1;30;90;47m8[0;1;30;90;43m8[0;35;47m@[0;1;30;90;43m8[0;1;30;90;47m8[0;1;30;90;43m8[0;35;47m8[0;37;43m8[0;33;47m8[0;1;30;90;47m8[0;37;43m8[0;1;30;90;47m8[0;33;47m88[0;33;5;41;101m@[0;1;30;90;47m8[0;33;47m8[0;1;30;90;47m8[0;33;47m88[0;1;30;90;47m88[0;1;30;90;43m8[0;1;30;90;47m8[0;33;47m88[0;1;30;90;45m8[0;37;43m@[0;33;47m8@8[0;37;5;41;101m8[0;33;5;40;100m [0;33;47m8[0;31;5;40;100mX[0;33;5;40;100mt[0;1;30;90;43m8[0;33;5;40;100m;[0;37;43m8[0;35;5;40;100m%[0;37;43m8[0;1;30;90;47m8[0;1;30;90;43m8[0;33;47m88[0;1;30;90;43m8[0;37;5;41;101m8[0;1;30;90;47m88[0;37;43m8[0;33;47m88[0;35;5;41;101m@[0;33;47m888[0;33;5;40;100m:[0;33;47m8@[0;1;30;90;47m8[0;1;31;91;43m8[0;1;30;90;47m8[0;33;47m88[0;1;30;90;43m8[0;1;30;90;47m8[0;1;30;90;43m8[0;1;30;90;47m8[0;37;43m8[0;33;47m88[0;1;30;90;47m88[0;1;30;90;43m8[0;33;47m@888[0;1;30;90;47m8[0;37;43m8[0;33;5;40;100m.[0;33;47m8[0;37;43m8[0;33;47m@8[0;35;5;41;101mX[0;33;47m@[0;1;30;90;47m8[0m
[0;33;5;40;100m:[0;1;30;90;43m8[0;33;5;40;100m.[0;1;30;90;43m8[0;1;30;90;47m8[0;1;30;90;43m8[0;33;5;40;100m [0;37;43m8[0;33;47m8[0;1;30;90;43m8[0;33;5;40;100m.[0;1;30;90;43m8[0;33;5;40;100m [0;33;47m88[0;1;30;90;47m8[0;37;43m8[0;1;30;90;47m8[0;1;30;90;43m8[0;1;30;90;47m8[0;1;30;90;43m8[0;1;30;90;47m8[0;37;43m8[0;33;47m8[0;1;30;90;43m8[0;35;47m8[0;1;30;90;43m8[0;33;47m@[0;1;30;90;47m8[0;1;31;91;43m8[0;1;30;90;47m88[0;1;30;90;43m8[0;33;5;40;100m.[0;1;30;90;43m8[0;1;30;90;47m8[0;1;30;90;43m8[0;1;30;90;47m8[0;1;30;90;43m8[0;1;30;90;47m8[0;33;47m8[0;1;30;90;47m8[0;1;30;90;43m8[0;1;30;90;47m8[0;37;43m8[0;1;30;90;47m8[0;33;5;41;101m@[0;1;30;90;47m8[0;1;30;90;43m8[0;1;30;90;47m8[0;1;30;90;43m8[0;33;47m8[0;1;30;90;45m8[0;1;31;91;43m8[0;1;30;90;47m88[0;37;5;40;100m@[0;1;30;90;43m8[0;37;5;40;100m;[0;1;30;90;43m8[0;33;5;40;100m [0;1;31;91;43m8[0;1;30;90;47m8[0;33;47m888[0;1;30;90;43m8[0;1;30;90;47m8[0;37;43m@[0;33;5;40;100m [0;1;31;91;47m8[0;1;30;90;43m8[0;1;30;90;47m8[0;1;30;90;43m8[0;33;47m@[0;1;30;90;43m8[0;1;30;90;47m8[0;1;30;90;43m8[0;35;47m8[0;37;43m@[0;33;47m888[0;1;30;90;43m8[0;1;30;90;47m8[0;37;43m8[0;1;30;90;47m8[0;33;47m8[0;33;5;40;100m:[0;33;47m8[0;37;43m8[0;35;47m8[0;1;30;90;43m8[0;1;30;90;47m8[0;33;47m8888[0;1;31;91;47m8[0;33;47m8[0;1;30;90;43m8[0;1;30;90;47m8[0;33;47m888[0;1;30;90;47m8[0;33;47m@[0;33;5;41;101mX[0;1;30;90;47m@[0;33;47m88[0;37;5;41;101m8[0;1;30;90;47m8[0;1;30;90;43m8[0;33;47m8[0;1;30;90;47m8[0;33;47m8[0;33;5;40;100m.[0;37;43m8[0;33;47m8[0;1;30;90;43m8[0;1;30;90;47m8[0;37;43m8[0;33;47m8[0;35;47m8[0;31;43m@[0;37;5;40;100m%[0;33;47m8[0;1;30;90;43m8[0;1;30;90;47m8[0m
[0;33;5;40;100m;:[0;37;43m8[0;33;5;40;100m [0;1;30;90;43m8[0;1;30;90;47m8[0;1;30;90;43m8[0;1;30;90;47m8[0;1;30;90;43m8[0;1;30;90;45m8[0;33;47m8[0;1;30;90;43m8[0;1;30;90;47m8[0;1;30;90;43m8[0;1;30;90;45m8[0;1;30;90;43m8[0;33;5;40;100m:[0;1;30;90;43m8[0;1;30;90;47m8[0;1;30;90;43m8[0;1;30;90;47m8[0;1;31;91;43m8[0;37;5;40;100mS[0;1;30;90;47m8[0;33;47m88[0;1;30;90;47m8[0;1;31;91;43m8[0;1;30;90;47m88[0;1;30;90;43m8[0;1;30;90;47m8[0;1;30;90;43m8[0;1;30;90;47m8[0;1;30;90;43m8[0;35;5;40;100m:[0;33;47m8[0;33;5;41;101m@[0;1;30;90;47m8[0;33;5;40;100m.[0;1;30;90;43m8[0;1;30;90;47m8[0;33;5;41;101mX[0;1;30;90;47m8[0;37;43m8[0;33;5;40;100m:[0;1;30;90;47m8[0;1;30;90;43m8[0;1;30;90;47m8[0;1;30;90;43m8[0;35;47m8[0;1;30;90;43m8[0;33;47m8[0;1;30;90;47m8[0;1;30;90;43m88[0;1;30;90;47m8[0;33;47m8[0;1;30;90;43m8[0;35;47mX[0;33;47m8[0;1;30;90;47m8[0;37;43m8[0;33;5;40;100m.[0;1;31;91;47m8[0;1;30;90;47m8[0;1;30;90;43m8[0;35;47m8[0;37;43m@[0;33;47m8@@8[0;1;30;90;47m8[0;1;30;90;43m8[0;1;30;90;47m8[0;1;31;91;43m8[0;1;30;90;47m8[0;37;43m8[0;33;5;40;100m [0;1;31;91;47m8[0;1;30;90;43m8[0;1;30;90;47m8[0;1;30;90;43m8[0;1;30;90;47m8[0;33;5;41;101mS[0;1;30;90;47m8[0;1;30;90;43m8[0;33;47m8[0;33;5;40;100m;[0;1;30;90;43m8[0;33;47m88[0;1;30;90;43m8[0;1;30;90;47m8[0;1;30;90;43m8[0;35;47m8[0;1;30;90;43m8[0;1;30;90;47m8[0;1;30;90;43m8[0;35;47m8[0;37;43m@[0;1;30;90;47m8[0;37;43m8[0;1;31;91;47m@[0;33;47m8[0;1;30;90;47m88[0;1;30;90;43m8[0;33;47m8[0;35;5;40;100m.[0;33;47m888[0;1;30;90;43m8[0;1;30;90;45m8[0;1;30;90;43m8[0;33;47m8[0;1;31;91;47m8[0;1;30;90;47m8[0;33;47m8[0;33;5;41;101mX[0;1;30;90;47m8[0;1;30;90;43m8[0;33;47m8[0;1;30;90;47m8[0;1;30;90;43m8[0;1;30;90;47m8[0;33;47m8[0;37;43m8[0m
