[0;37;5;47;107m%t%%SSSSSSXXX@@@XSSSSXSSSXX@8@@88@SS%%SSSXXXX@@@X@8888888888@X@X@SXSXX@@X@XXSXXXX@@@8@@88888888888888[0;1;37;97;47m8[0;37;5;47;107m8[0;1;37;97;47m88888888888888888888888[0;37;5;47;107m8[0;1;37;97;47m8[0;37;5;47;107m88[0m
[0;37;5;47;107m;:;;;;ttt%t%SSS%%tttttt%t%%SX@XSSS%;t;;t%SSSSXX@XX888888[0;1;37;97;47m8[0;37;5;47;107m88XSS%S%S%%SSSSS%S%%t%SSX@@@@@@88[0;1;37;97;47m8[0;37;5;47;107m8888XSS@@8@88@@88[0;1;37;97;47m8[0;37;5;47;107m8[0;1;37;97;47m8[0;37;5;47;107m8[0;1;37;97;47m888[0;37;5;47;107m8[0;1;37;97;47m8[0;37;5;47;107m8[0;1;37;97;47m8[0;37;5;47;107m888888@8888[0m
[0;37;5;47;107m%tttt;t%SSSSSSS%ttt;t;t;tt%SX@XSS%%%tttt%%SSSXXSS@8[0;1;37;97;47m88@XX@@[0;37;5;47;107m88@XSXXSS%SXXX@XXXSXSXX888888[0;1;37;97;47m8[0;37;5;47;107m8[0;1;37;97;47m8[0;37;5;47;107m8[0;1;37;97;47m@[0;37;5;47;107m88@S%%SXX@@88[0;1;37;97;47m8[0;37;5;47;107m88[0;1;37;97;47m8[0;37;5;47;107m88[0;1;37;97;47m8[0;37;5;47;107m8[0;1;37;97;47m8[0;37;5;47;107m8[0;1;37;97;47m8[0;37;5;47;107m8[0;1;37;97;47m88[0;37;5;47;107m8[0;1;37;97;47m8[0;37;5;47;107m@88@X@@X@[0m
[0;37;5;47;107mSSSS%SSS%S%%%%;tt;;;;::::%SSX@XXSSS%%tttt%%%%%%ttS@8[0;1;37;97;47m@@SXXX@8[0;37;5;47;107m888888@X@888888888@@X@88[0;1;37;97;47m8@@@X@8[0;37;5;47;107m888Xt%%X@888[0;1;37;97;47m8[0;37;5;47;107m88888[0;1;37;97;47m8[0;37;5;47;107m@[0;1;37;97;47m8[0;37;5;47;107m@[0;1;37;97;47m8[0;37;5;47;107m@[0;1;37;97;47m888[0;37;5;47;107m8[0;1;37;97;47m8[0;37;5;47;107m888@@X@@@@[0m
[0;37;5;47;107m@@XXX@@XXSSSS%t;t;;::::.t8@S888XSS%%ttt;;;;tttt%%%%@88[0;1;37;97;47mXXX@@@X@[0;37;5;47;107m8[0;1;37;97;47m@[0;37;5;47;107m8[0;1;37;97;47m@[0;37;5;47;107m8888[0;1;37;97;47m8[0;37;5;47;107m8[0;1;37;97;47m8888[0;37;5;47;107m8888888[0;1;37;97;47mXXXSX@@[0;37;5;47;107m8[0;1;37;97;47m8[0;37;5;47;107m8@XXX@888[0;1;37;97;47m8[0;37;5;47;107m88[0;1;37;97;47m8[0;37;5;47;107m8[0;1;37;97;47m8[0;37;5;47;107m8[0;1;37;97;47m8[0;37;5;47;107m@[0;1;37;97;47m88888888888[0;37;5;47;107m888@@@@88[0m
[0;37;5;47;107m8X@@@@@XXSSXSXS%tt::.XXS[0;1;37;97;47m@[0;1;30;90;47m t[0;1;37;97;47m%[0;1;30;90;47m%%[0;1;37;97;47m%[0;37;5;47;107m@XSS%t;;;;;;;;;;ttt%%X8888[0;1;37;97;47m@[0;37;5;47;107m8[0;1;37;97;47m@[0;37;5;47;107m8[0;1;37;97;47mS@XX@@8888@88@88888[0;37;5;47;107m8[0;1;37;97;47m@XSS%S@8[0;37;5;47;107m8[0;1;37;97;47m8[0;37;5;47;107m88X@888888@@@@88[0;1;37;97;47m8[0;37;5;47;107m8[0;1;37;97;47m8888888888888[0;37;5;47;107m8[0;1;37;97;47m8[0;37;5;47;107m88888@[0m
[0;37;5;47;107m88@X@8@@@@XSXSXS%%tXS[0;1;37;97;47mS[0;1;30;90;47m@8X8[0;33;5;40;100mt[0;36;5;40;100mt[0;33;5;40;100mt[0;36;5;40;100mt [0;1;37;97;47m%[0;37;5;47;107m88%tt;;;:;:;:;;:;;tS%SSXXX888888[0;1;37;97;47m@@@@@88@8@@8@88@XS%%%SX8[0;37;5;47;107m888888@@XSSSSSSX@@8[0;1;37;97;47m88[0;1;36;96;47mS[0;1;37;97;47m88[0;1;36;96;47mX[0;1;37;97;47m@X[0;1;36;96;47mS[0;1;37;97;47m@@88888[0;37;5;47;107m8[0;1;37;97;47m8[0;37;5;47;107m88888[0m
[0;37;5;47;107m@@@XSX@@@@@XXSSS8[0;1;37;97;47mSS[0;1;30;90;47m.[0;37;5;40;100m88[0;36;5;40;100m   [0;32;5;40;100mSX[0;30;5;40;100mX[0;32;5;40;100mX[0;31;5;40;100mS[0;36;5;40;100m;[0;37;5;40;100m8[0;1;30;90;47m:.[0;37;5;47;107mStt%;;:::::;:;;;;t%S%%%t88@X8888[0;1;37;97;47m8888@@@X@8@@XSS%%SSX888[0;37;5;47;107m88@@@S%%%%%%%%%SX8[0;1;37;97;47m888@SXSXXXX@88[0;37;5;47;107m8888888[0;1;37;97;47m88[0m
[0;37;5;47;107m@@@XSSXX@888@888[0;1;37;97;47mS[0;36;5;40;100m. [0;1;30;90;47mt[0;36;5;40;100m%[0;33;5;40;100mS[0;32;5;40;100mX[0;33;5;40;100mS[0;32;5;40;100m@[0;30;5;40;100m8[0;1;30;90;40m8[0;31;5;40;100mX[0;32;40m@[0;30;5;40;100mX[0;1;30;90;40m8[0;32;5;40;100mXX[0;36;5;40;100m [0;1;37;97;47mt[0;37;5;47;107mX8[0;1;37;97;47mS8[0;37;5;47;107m:;;;;;;;t%%X[0;1;37;97;47m8[0;37;5;47;107m8S[0;1;37;97;47m@8[0;37;5;47;107m@[0;1;37;97;47m%[0;1;30;90;47m%S[0;1;37;97;47m;;[0;37;5;47;107m888[0;1;37;97;47m@[0;37;5;47;107m8[0;1;37;97;47m@8@XXXSXXXXX@@@88[0;37;5;47;107m@@@X@XXXX@XSS%%t%%%%S88[0;1;37;97;47m888@@X@@888[0;37;5;47;107mXXX@@88[0;1;37;97;47m8[0;37;5;47;107m8[0;1;37;97;47m888[0m
[0;37;5;47;107m8[0;1;37;97;47m8[0;37;5;47;107m8@XSSXXX@@[0;1;37;97;47m8t[0;1;36;96;47m%[0;1;37;97;47m [0;1;30;90;47m@[0;36;5;40;100m;%[0;33;5;40;100m%[0;36;5;40;100mt[0;32;5;40;100mS[0;30;5;40;100m8[0;1;30;90;40m88[0;30;5;40;100mX[0;32;40m@[0;1;30;90;40m88[0;30;5;40;100mX[0;32;40m@[0;1;30;90;41m@[0;1;30;90;40m@[0;32;5;40;100m@[0;36;5;40;100m    [0;1;30;90;47mS[0;1;37;97;47m@@[0;37;5;47;107m@XXXX@@@@[0;1;37;97;47m;[0;1;30;90;47m;[0;1;37;97;47m.[0;37;5;47;107m8[0;1;37;97;47m.[0;1;30;90;47mS [0;37;5;40;100m8[0;36;5;40;100m   [0;1;30;90;47m%.[0;1;37;97;47mX88@XSt:%%%%SSSX@8[0;37;5;47;107m88@XXSSSSSSS%SSS%t%%%%X@[0;1;37;97;47m8[0;37;5;47;107m8[0;1;37;97;47m8[0;37;5;47;107m@[0;1;37;97;47m8888888[0;37;5;47;107m@8[0;1;37;97;47m8[0;37;5;47;107mX@@[0;1;37;97;47m8[0;37;5;47;107m8[0;1;37;97;47m888888[0m
[0;1;37;97;47m888[0;37;5;47;107m88%SX@@@@[0;1;37;97;47m8[0;36;47m8[0;36;5;40;100m ..[0;33;5;40;100mS[0;32;5;40;100m8[0;30;5;40;100m8[0;32;5;40;100mS[0;31;40m8[0;32;5;40;100m@[0;31;40mX[0;30;5;40;100m8[0;1;30;90;40m8[0;30;5;40;100m@[0;31;40m@[0;32;40m8[0;31;5;40;100mX[0;1;30;90;40m88[0;33;5;40;100m8[0;30;5;40;100m@[0;33;5;40;100m@[0;32;5;40;100m@S[0;33;5;40;100mX[0;32;5;40;100mS[0;36;5;40;100m:[0;37;5;40;100m8[0;1;37;97;47mX[0;37;5;47;107m@8888888[0;1;37;97;47m.[0;36;5;40;100m [0;1;30;90;47mX [0;37;5;40;100m8[0;33;5;40;100m;t@t.; [0;1;30;90;47mX[0;1;37;97;47m%88@X;[0;1;30;90;47mS%[0;1;37;97;47m:%%%%%%SX@88[0;37;5;47;107m8[0;1;37;97;47m8[0;37;5;47;107m@8@@XXXt;;ttt%SSSS@8[0;1;37;97;47m888888[0;1;36;96;47mS[0;1;37;97;47m88888888[0;37;5;47;107m@[0;1;37;97;47m88888888@[0m
[0;1;37;97;47m8[0;37;5;47;107m8[0;1;37;97;47m8[0;37;5;47;107m88@X@@88[0;1;37;97;47m8t[0;36;5;40;100m;%[0;33;5;40;100m8[0;32;5;40;100m8[0;30;5;40;100m8@@@@[0;1;30;90;40m88[0;32;40m8[0;31;5;40;100m8[0;32;40m@[0;1;30;90;40m88[0;32;40m8[0;33;5;40;100m8[0;32;40m@[0;31;5;40;100mX[0;32;5;40;100m8[0;1;30;90;40m8[0;31;5;40;100m8[0;1;30;90;40mX8[0;33;5;40;100mX[0;36;5;40;100m:[0;37;5;40;100mX[0;1;30;90;47m;[0;1;37;97;47m8[0;37;5;47;107m8[0;1;37;97;47m88@@@t[0;1;30;90;47mX[0;36;5;40;100m [0;33;5;40;100m . 8[0;32;5;40;100m8[0;30;5;40;100m8[0;33;5;40;100m8[0;32;5;40;100mX[0;33;5;40;100m8@[0;36;5;40;100m:[0;1;30;90;47m [0;1;37;97;47m%Xt;[0;1;30;90;47mX[0;36;5;40;100m [0;1;30;90;47m% [0;1;37;97;47m8X@XXSXXX88[0;37;5;47;107m88[0;1;37;97;47m88[0;37;5;47;107m8[0;1;37;97;47m8[0;37;5;47;107m88@St;;t%SSXSS%%S8[0;1;37;97;47m88[0;1;36;96;47mS[0;37;5;47;107m8[0;1;37;97;47mX@X@@88[0;37;5;47;107m@[0;1;37;97;47m88888@@@XXX[0m
[0;1;37;97;47mX@8[0;37;5;47;107mXt%;t@8[0;1;37;97;47m8@[0;36;47m@[0;1;30;90;47m8[0;32;5;40;100m@[0;1;30;90;40m8[0;31;5;40;100mX[0;32;5;40;100m8[0;1;30;90;40m8[0;31;5;40;100mS[0;32;40m8[0;31;5;40;100m@[0;32;40mX[0;31;5;40;100m@[0;32;40mX[0;1;30;90;40m8888[0;31;40m8[0;30;5;40;100m8[0;1;30;90;40m8[0;32;40m@[0;31;5;40;100m8[0;32;40m8[0;30;5;40;100m8[0;1;30;90;40m88[0;30;5;40;100m8[0;33;5;40;100m8[0;36;5;40;100m [0;1;30;90;47m:[0;1;37;97;47m8@@@S:;S[0;36;5;40;100m [0;33;5;40;100m:8[0;32;5;40;100m8[0;30;5;40;100mX@[0;1;30;90;40m8[0;30;5;40;100mX[0;32;5;40;100mX[0;31;40mX[0;1;30;90;40mX@[0;32;5;40;100m8[0;33;5;40;100m%[0;36;5;40;100m:[0;37;5;40;100m8[0;36;5;40;100m [0;37;5;40;100m8[0;36;5;40;100mX[0;33;5;40;100m;[0;36;5;40;100m [0;1;37;97;47m@888[0;37;5;47;107m@[0;1;37;97;47m88888[0;37;5;47;107m@@8[0;1;37;97;47m88@XX@8[0;37;5;47;107m8@XS%;;;;t;t;;tX[0;1;37;97;47m8[0;37;5;47;107m@8[0;1;37;97;47m8[0;37;5;47;107m8[0;1;37;97;47m8888[0;37;5;47;107mSSS[0;1;37;97;47m888[0;1;36;96;47mS[0;1;37;97;47m@XSX[0;1;36;96;47mS[0;1;37;97;47m%%[0m
[0;1;37;97;47mX@[0;37;5;47;107m8t.:;;;X[0;1;37;97;47mS[0;36;47m8[0;1;30;90;47m8[0;36;5;40;100m [0;33;5;40;100m8[0;1;30;90;40m8[0;32;5;40;100mS[0;1;30;90;41m8[0;1;30;90;42m8[0;31;40m@[0;32;5;40;100m@[0;31;40m%[0;30;5;40;100m8[0;32;5;40;100m@[0;31;40mS[0;32;40mS[0;31;40mX[0;32;40m@[0;31;5;40;100mS[0;32;40m8[0;1;30;90;40m8[0;31;40mS[0;1;30;90;40m8[0;32;40mS[0;1;30;90;40m8[0;31;40m%[0;32;40m8[0;1;30;90;40m88[0;33;5;40;100mt[0;37;5;40;100m8[0;1;30;90;47m.@;[0;1;37;97;47mS@[0;1;30;90;47m:[0;36;5;40;100m [0;1;30;90;47mS;[0;33;5;40;100m;[0;32;5;40;100mS[0;1;30;90;40m8[0;31;40m@[0;30;42m8[0;31;40m8[0;1;30;90;42m8[0;31;40m@[0;32;5;40;100mX[0;1;30;90;40m8888[0;30;5;40;100m8[0;32;5;40;100mX[0;33;5;40;100m8[0;32;5;40;100mS[0;33;5;40;100mX[0;30;5;40;100m8[0;33;5;40;100m8[0;36;5;40;100m:[0;1;30;90;47m [0;1;37;97;47m88[0;37;5;47;107mSSX8[0;1;37;97;47m8[0;37;5;47;107m@XX@88[0;1;37;97;47m8888[0;37;5;47;107m888XSt;;:::::;;t%%;tt%%tt:.::;t[0;1;37;97;47m888XX@@@S%[0m
[0;37;5;47;107m88SSt:;t;S[0;1;37;97;47mS[0;36;5;40;100mt[0;32;5;40;100mS[0;33;5;40;100m%[0;1;30;90;40m8[0;32;5;40;100mS[0;30;5;40;100mX[0;33;5;40;100m8[0;30;5;40;100m@[0;32;5;40;100m@[0;31;40m@[0;32;5;40;100m8[0;31;40mS[0;32;5;40;100mX[0;1;30;90;40m@[0;30;5;40;100m@[0;1;30;90;40m88[0;32;40m%[0;31;40mS[0;32;40mS[0;1;30;90;40m8@[0;31;40mS[0;1;30;90;40m88[0;30;5;40;100mX[0;33;5;40;100m8[0;32;5;40;100mS[0;33;5;40;100m.%[0;32;5;40;100m8@[0;36;5;40;100mt[0;1;30;90;47m% [0;36;5;40;100m:t[0;32;5;40;100mSS[0;30;5;40;100mX[0;32;5;40;100mS[0;31;40m8[0;1;30;90;42m8[0;31;40m8[0;32;40m8[0;31;40m@[0;1;30;90;40m8[0;32;40mX[0;31;5;40;100mX[0;32;40m8[0;1;30;90;40m88[0;32;40m8[0;31;40m8[0;32;5;40;100mS[0;1;30;90;40m88[0;32;5;40;100m@[0;31;5;40;100mS[0;33;5;40;100m [0;1;30;90;47m%t[0;1;37;97;47m8[0;37;5;47;107m%%%ttt%ttt;;:;:::..:....::;;t%%%Sttt;;....:;;;t%SSSSSXX@[0m
[0;1;37;97;47m8[0;37;5;47;107m@X%SSSSS[0;1;37;97;47mS[0;36;5;40;100m.[0;1;30;90;47mS[0;33;5;40;100mt[0;1;30;90;40m8[0;32;5;40;100mX[0;31;40m8[0;1;30;90;42m8[0;31;40m8[0;32;5;40;100mX[0;30;5;40;100m@[0;32;5;40;100mS[0;1;30;90;40m8[0;32;5;40;100mS[0;30;41m8[0;32;5;40;100m@[0;1;30;90;40m8[0;32;5;40;100mS[0;31;40m8[0;1;30;90;40m8@X[0;32;40m%[0;1;30;90;40m@@[0;32;40m@[0;30;5;40;100m@X[0;1;30;90;40m8[0;30;5;40;100mS[0;32;40m8[0;31;5;40;100mX[0;1;30;90;40m88[0;30;5;40;100mS[0;33;5;40;100mS[0;1;30;90;47mX[0;37;5;40;100m@[0;1;30;90;40m8[0;32;40m8[0;1;30;90;41m8[0;32;40m8[0;31;5;40;100mS[0;32;40m8[0;31;40mX[0;1;30;90;40m@8[0;32;40m@[0;1;30;90;40m8[0;31;40mS[0;32;40m@[0;30;5;40;100m8[0;31;40m@[0;33;5;40;100m8[0;1;30;90;40m8[0;32;5;40;100m8[0;1;30;90;40m8[0;32;5;40;100mS[0;1;30;90;41m8[0;1;30;90;42m8[0;33;5;40;100m8[0;32;5;40;100mS[0;33;5;40;100m8[0;36;5;40;100mt[0;1;37;97;47m.[0;37;5;47;107m;[0;1;37;97;47m8[0;37;5;47;107mt;;t%%tt%%X[0;1;37;97;47mX[0;1;30;90;47m;[0;37;5;40;100m8[0;36;5;40;100m [0;1;30;90;47m;;%%.[0;1;37;97;47m%[0;1;30;90;47m.X[0;37;5;40;100m88[0;36;5;40;100m [0;1;30;90;47m [0;1;37;97;47m;@88[0;37;5;47;107mX[0;1;37;97;47m8[0;37;5;47;107mSSS%t;;t%%%%SSSSSSSXX[0m
[0;1;37;97;47m8[0;37;5;47;107m8XXX@@[0;1;37;97;47m8[0;37;5;47;107m8[0;1;37;97;47m@[0;36;5;40;100m [0;32;5;40;100mX[0;1;30;90;40m8[0;32;5;40;100m@[0;31;40m8[0;32;5;40;100m8[0;1;30;90;40m8[0;32;5;40;100mX[0;31;40m@[0;30;5;40;100m@[0;33;5;40;100m8[0;31;40mX[0;32;5;40;100m@[0;1;30;90;40m88[0;31;40m8[0;1;30;90;42m8[0;30;5;40;100mX[0;32;5;40;100m@[0;1;30;90;40m8[0;31;5;40;100mX[0;32;40mX[0;31;5;40;100m8[0;32;5;40;100mX[0;33;5;40;100m8[0;31;40m@[0;1;30;90;42m8[0;31;40mX[0;32;40m8[0;31;40m8[0;32;5;40;100m8[0;31;40m8[0;1;30;90;42m8[0;31;5;40;100m@[0;32;5;40;100mS[0;33;5;40;100mS[0;32;5;40;100m@[0;31;5;40;100m@[0;32;40m@[0;1;30;90;40m8[0;1;30;90;41m8[0;30;42m8[0;31;5;40;100m@[0;32;40mS[0;1;30;90;40m8888[0;32;5;40;100m@[0;31;40mX[0;32;5;40;100m8[0;1;30;90;40m8[0;32;5;40;100m8[0;31;40m8[0;1;30;90;40m8[0;31;40m8[0;30;42m8[0;33;5;40;100m8[0;1;30;90;40m8[0;31;5;40;100mS[0;32;40m8[0;33;5;40;100m88[0;36;5;40;100m [0;1;30;90;47m; [0;1;37;97;47m8[0;37;5;47;107m:t%SXSSS[0;1;37;97;47m8[0;36;5;40;100m.@[0;30;5;40;100m8[0;32;5;40;100m@[0;30;5;40;100m8[0;32;5;40;100m8[0;30;5;40;100m@[0;32;5;40;100m@[0;30;5;40;100m8[0;32;5;40;100mS[0;33;5;40;100m8[0;30;5;40;100m8[0;32;5;40;100m@@X[0;30;5;40;100m8[0;32;5;40;100m8@[0;36;5;40;100m%[0;1;30;90;47m;[0;1;37;97;47m8888[0;37;5;47;107mS@XSS%%t%%SXX@@88[0;1;37;97;47m8[0;37;5;47;107m@[0;1;37;97;47m8[0m
[0;33;5;40;100m:[0;36;5;40;100m: [0;37;5;40;100m8[0;1;30;90;47m [0;1;37;97;47m@888[0;36;47m8[0;36;5;40;100m [0;32;5;40;100m8[0;31;40mS[0;32;40m@[0;1;30;90;40m8[0;31;40m8[0;30;5;40;100m8[0;32;40mX[0;1;30;90;40m8[0;32;40m@[0;1;30;90;40m8[0;32;5;40;100mS[0;31;40m@[0;32;5;40;100m8[0;31;40m@[0;32;5;40;100mS[0;31;40m8[0;32;40m8[0;31;5;40;100m@[0;32;40m8[0;31;5;40;100mS[0;30;5;40;100m8[0;32;40m8[0;31;5;40;100m8[0;32;40m8[0;30;5;40;100m@[0;31;40mX[0;32;5;40;100m8[0;31;40mX[0;30;5;40;100m8[0;1;30;90;40m8[0;33;5;40;100m8[0;32;40mX[0;30;5;40;100mX[0;32;40m@[0;30;5;40;100m8[0;31;40mX[0;32;40m8[0;30;5;40;100m8[0;32;40m8[0;1;30;90;40m8[0;31;5;40;100mS[0;32;40m8[0;31;40m@[0;32;5;40;100mX[0;33;5;40;100m8[0;32;40mX[0;31;40m8[0;30;5;40;100m8[0;1;30;90;40m8[0;31;40m@[0;32;5;40;100m8[0;31;40mX[0;1;30;90;42m8[0;1;30;90;40m8[0;30;5;40;100m@[0;33;5;40;100m8[0;1;30;90;40m8[0;1;30;90;43m;[0;1;30;90;40m8[0;30;5;40;100m@[0;32;40mX[0;31;5;40;100mS[0;32;5;40;100mS[0;33;5;40;100m [0;1;30;90;47mt[0;1;37;97;47m8[0;37;5;47;107mS8@@XSX[0;1;30;90;47mS[0;36;5;40;100mS[0;33;5;40;100m@[0;30;5;40;100m8[0;1;30;90;40m8[0;30;5;40;100mS[0;31;40m@[0;30;5;40;100m8[0;32;40m8[0;31;5;40;100m8[0;32;40m@[0;31;5;40;100m@[0;32;40m8[0;30;5;40;100m@[0;31;40mX[0;30;5;40;100mXX[0;33;5;40;100m8[0;31;40m;[0;1;30;90;40m@8[0;32;5;40;100m@[0;1;30;90;47m:[0;37;5;47;107mXXX[0;1;37;97;47m8[0;37;5;47;107mX@[0;1;37;97;47m8[0;37;5;47;107mX[0;1;37;97;47m8[0;37;5;47;107m@[0;1;37;97;47m8[0;37;5;47;107mX[0;1;37;97;47m8[0;37;5;47;107mX[0;1;37;97;47m8[0;37;5;47;107m@[0;1;37;97;47m8[0;37;5;47;107m@[0;1;37;97;47m88[0;37;5;47;107m@[0;1;37;97;47m88[0m
[0;30;5;40;100m8[0;32;5;40;100m8[0;1;30;90;40m8[0;1;30;90;42m@[0;1;30;90;40m8[0;32;5;40;100mS[0;36;5;40;100m8[0;37;5;40;100m8[0;1;30;90;47m;[0;36;5;40;100m.[0;33;5;40;100mt[0;1;30;90;40m88[0;31;40mX[0;32;5;40;100m8[0;32;40mX[0;31;40m8[0;1;30;90;40m8[0;31;40m@[0;1;30;90;40m8[0;32;40mS[0;31;40m@[0;32;40m8[0;31;40mX[0;32;40m8[0;1;30;90;40m8[0;32;5;40;100mS[0;31;40m@[0;32;40m@[0;1;30;90;40m8[0;32;40mS[0;31;40mX[0;32;40mX[0;31;40m%[0;1;30;90;40m8[0;32;40mX[0;1;30;90;40m88[0;32;5;40;100m@[0;31;40m@[0;1;30;90;42m8[0;31;40mS[0;1;30;90;40m8[0;31;40mS[0;1;30;90;40m8[0;32;40mX[0;30;5;40;100mX[0;31;40m@[0;32;40m@[0;31;40m8[0;32;40mX[0;1;30;90;40m8[0;32;5;40;100mS[0;32;40mX[0;31;40m8[0;32;40m@[0;30;5;40;100m8[0;32;40mX[0;31;40mS[0;32;40m8[0;1;30;90;40m888[0;31;40mS[0;32;5;40;100m@[0;31;40m8[0;32;5;40;100m@[0;31;40m8[0;1;30;90;42m8[0;1;30;90;40m8[0;31;5;40;100mX[0;32;40m@[0;1;30;90;40m8[0;33;5;40;100m8@[0;36;5;40;100m [0;1;37;97;47m:t[0;1;30;90;47m [0;1;37;97;47m8[0;37;5;47;107m8@8[0;36;5;40;100m:[0;30;5;40;100m@[0;32;40m@[0;1;30;90;40m88[0;32;5;40;100mS[0;31;40m8[0;1;30;90;42m8[0;30;5;40;100m88[0;32;40mX[0;31;5;40;100m8[0;32;40m8[0;31;5;40;100m@[0;32;5;40;100m8[0;33;5;40;100m8[0;1;30;90;40m8888[0;32;40mX[0;31;40mX[0;30;5;40;100m@[0;1;30;90;47m8[0;1;37;97;47mX@@@SX[0;1;36;96;47mS[0;1;37;97;47mXSX@@8@8888888[0;37;5;47;107m@[0;1;37;97;47m8[0m
[0;1;30;90;40m88[0;31;40mX[0;1;30;90;40m8@8[0;30;5;40;100m8[0;32;5;40;100m8[0;30;5;40;100m8[0;32;5;40;100mX[0;1;30;90;40m8[0;32;40m8[0;33;5;40;100m8[0;32;40m%[0;31;40m@[0;32;5;40;100m@[0;1;30;90;40m8[0;32;40m@[0;30;5;40;100m8[0;32;40mS[0;31;40m@[0;1;30;90;40m@8@[0;30;5;40;100m@[0;1;30;90;40m8[0;33;5;40;100m8[0;32;40m8[0;31;5;40;100m8[0;32;40mX[0;30;5;40;100m8[0;31;40m%[0;1;30;90;40m@[0;30;5;40;100m8X[0;1;30;90;40m8[0;33;5;40;100m8[0;31;40m%[0;32;40m8[0;1;30;90;40m8[0;31;40m@[0;30;42m8[0;31;40mX[0;32;40m@[0;31;40mX[0;1;30;90;40m8[0;32;40m8[0;1;30;90;40m8[0;31;40mX[0;32;40m@[0;1;30;90;40m8[0;31;40mX[0;32;40m@[0;31;40m8[0;30;5;40;100m8[0;1;30;90;40m8[0;30;5;40;100mXS[0;32;40mS[0;31;40mX[0;32;40m@[0;1;30;90;40m8[0;32;40m8[0;31;5;40;100mS[0;32;40m@[0;33;5;40;100m8[0;32;40mX[0;31;5;40;100mS[0;32;40mX[0;1;30;90;40m8[0;32;40m8[0;31;5;40;100mS[0;32;40m@[0;1;30;90;40m8[0;32;40m8[0;33;5;40;100m:[0;1;30;90;47mS[0;37;5;40;100m8[0;1;37;97;47m;[0;37;5;47;107mX@%[0;1;30;90;47m.[0;30;5;40;100m@[0;32;40mX[0;1;30;90;40m8[0;31;40mS[0;32;40m@[0;31;40m8[0;32;5;40;100m@[0;1;30;90;40m8[0;31;5;40;100mS[0;32;40m8[0;31;5;40;100mS[0;32;40m8[0;30;5;40;100m8[0;1;30;90;40m88[0;30;5;40;100m8[0;32;40m8[0;31;5;40;100mS[0;32;40m8[0;30;5;40;100m8X[0;32;40m8[0;30;5;40;100m8[0;32;5;40;100mS[0;1;30;90;47m8[0;1;37;97;47m88@8888888[0;37;5;47;107mS[0;1;37;97;47m88888888[0;37;5;47;107mXSt[0m
[0;1;30;90;40m8[0;30;5;40;100m8[0;32;40m8[0;30;5;40;100m@[0;32;40m@[0;1;30;90;40m888[0;32;5;40;100mS[0;33;5;40;100m8[0;30;5;40;100mS[0;1;30;90;40m8[0;31;40m@[0;32;5;40;100m@[0;31;40mS[0;1;30;90;40m88[0;31;40m@[0;32;40m@[0;30;5;40;100m8[0;32;40mX[0;1;30;90;40m8[0;32;40mX[0;31;40m@[0;32;5;40;100m@[0;31;40m@[0;32;40m8[0;31;5;40;100m8[0;32;40m%[0;31;40mX[0;32;40m@[0;30;5;40;100m@[0;32;40m@[0;31;5;40;100mS[0;32;40m8[0;31;40m8[0;32;40mX[0;1;30;90;40m8[0;31;40m8[0;32;40m8[0;1;30;90;40m8[0;31;40mS[0;1;30;90;40m@[0;32;40mS%[0;31;40mS[0;1;30;90;40m88[0;32;40m8[0;1;30;90;40m@[0;31;40mX[0;30;42m8[0;1;30;90;40m8[0;32;40mX[0;1;30;90;40m8[0;32;40m8[0;1;30;90;41m8[0;32;40m8[0;1;30;90;40m888[0;31;40m8[0;32;5;40;100mX[0;31;40mS[0;32;40mX[0;31;40m@[0;32;40m@[0;1;30;90;40m8[0;31;40m8[0;32;40m8[0;31;5;40;100m@[0;32;40m@[0;31;40m8[0;30;5;40;100m8[0;1;30;90;40m8[0;32;5;40;100m@[0;33;5;40;100m8[0;36;5;40;100m@[0;37;5;40;100mX[0;37;5;47;107mX:S[0;36;5;40;100m:[0;30;5;40;100m8[0;32;40mt[0;1;30;90;40m@@8[0;32;40m8[0;31;40m8[0;32;40m8[0;1;30;90;40m8[0;31;40m8[0;32;40m8[0;30;5;40;100m8[0;1;30;90;40m8[0;32;40m8[0;30;5;40;100m8[0;31;40m8[0;32;5;40;100m@[0;31;40mX[0;30;5;40;100m@[0;32;40m@[0;31;5;40;100m8[0;32;40mX[0;1;30;90;40m8@[0;1;37;97;47m.[0;37;5;47;107mt%tt%tt%%SSt:tt%SSX[0;1;37;97;47m8[0;37;5;47;107mS@[0m
[0;32;40mt[0;1;30;90;40m8[0;30;5;40;100m8[0;31;40mX[0;1;30;90;40m8[0;30;5;40;100m8@[0;1;30;90;40m88[0;33;5;40;100m8 t[0;32;5;40;100m8[0;31;40mX[0;30;5;40;100m8[0;32;40mS[0;1;30;90;40m888[0;31;40mS[0;1;30;90;40m@[0;31;40mS[0;1;30;90;40m8[0;32;40mX[0;31;40m%[0;32;40mX[0;31;40mS[0;32;40m%[0;1;30;90;40mX[0;31;40mt[0;1;30;90;40m@[0;31;40mX[0;1;30;90;40m8[0;32;40m8[0;31;5;40;100m@[0;32;40m8[0;31;40mX[0;32;40m@[0;1;30;90;40m8[0;31;40m%[0;32;40mS[0;1;30;90;40m8[0;30;5;40;100mX[0;1;30;90;40m@@[0;32;40mS[0;31;40mS[0;30;5;40;100m8[0;31;40m@[0;32;40m8[0;31;40mS[0;1;30;90;40mX[0;31;40mX[0;1;30;90;40m8[0;31;40m@[0;32;40m8[0;31;40mS[0;1;30;90;40m8[0;32;40m@[0;31;40m8[0;32;40m8S[0;31;40mX[0;32;40m@[0;31;40mX[0;32;5;40;100m8[0;31;40mX[0;32;40m@[0;30;5;40;100mX[0;31;40mX[0;1;30;90;42m8[0;31;40m8[0;32;40m8[0;1;30;90;40m8[0;31;40mS[0;32;40mS[0;1;30;90;40m88[0;32;40m8[0;33;5;40;100m [0;1;37;97;47m;t[0;32;5;40;100mS[0;1;30;90;40m@8[0;32;40mX[0;31;40m@[0;1;30;90;40m8[0;30;5;40;100m@[0;32;40m@[0;31;40m8[0;30;5;40;100m8[0;32;40m8[0;1;30;90;40m@[0;31;40mS[0;32;40m%[0;31;40m8[0;32;40m@[0;1;30;90;40m@[0;32;40mtX[0;31;40mX[0;32;40mX[0;31;40m%[0;1;30;90;40m8[0;30;5;40;100m@[0;37;5;40;100m8[0;1;37;97;47m.t;;[0;1;30;90;47m  [0;1;37;97;47mSX8888888888888@@[0m
[0;1;30;90;40mX88[0;30;5;40;100m88[0;32;5;40;100mS[0;33;5;40;100m.[0;37;5;40;100m8[0;36;5;40;100m [0;1;30;90;47m;[0;1;37;97;47m@[0;1;30;90;47mt[0;37;5;40;100mX[0;36;5;40;100m;[0;30;5;40;100m8[0;1;30;90;40m8[0;32;40m@[0;31;40m8[0;32;5;40;100m8[0;1;30;90;40m8[0;32;40m8[0;30;5;40;100mX[0;1;30;90;40m88[0;32;40m%[0;1;30;90;40m8[0;31;40m%[0;1;30;90;40m@[0;32;40m%[0;34;5;40;100mX[0;1;30;90;40m8[0;32;40mX[0;31;40m@[0;1;30;90;40m8[0;32;40mX[0;1;30;90;40m8888[0;33;5;40;100m:[0;37;5;40;100m8[0;1;30;90;47m8[0;1;37;97;47m:[0;1;30;90;47m8[0;30;5;40;100m8[0;1;30;90;40m8[0;32;40mSS[0;1;30;90;40m8[0;31;40m%[0;32;40mS[0;1;30;90;40mX[0;32;40m%[0;1;30;90;40m8[0;32;40mX[0;31;40mX[0;32;40m@[0;31;40mS[0;32;40mS[0;1;30;90;40m@[0;31;40mX[0;32;40mS[0;1;30;90;40m@88[0;32;40mS[0;1;30;90;40m88[0;32;40m@[0;1;30;90;40m8[0;31;40m%[0;1;30;90;40m@8[0;32;40m8[0;30;5;40;100m@[0;1;30;90;40m8[0;32;40m8[0;30;41m8[0;1;30;90;40mX[0;32;40mX[0;30;5;40;100m8[0;33;5;40;100m@[0;32;5;40;100mX[0;31;40mX[0;32;5;40;100m@[0;31;40mX[0;1;30;90;40m@[0;30;42m8[0;31;40m8[0;30;5;40;100m8[0;32;40mX[0;31;5;40;100mSX[0;1;30;90;40m88[0;31;5;40;100mS[0;1;30;90;40m88[0;31;40mS[0;1;30;90;40m8888[0;33;5;40;100m88XS%t;t::: [0;1;30;90;47m8[0;1;37;97;47m@88[0;1;36;96;47mS[0;1;37;97;47m@X8[0;1;36;96;47mX[0;1;37;97;47mX@[0;1;36;96;47mS[0;1;37;97;47m@[0;1;36;96;47mS[0;1;37;97;47m.[0m
[0;1;30;90;40m88[0;33;5;40;100mX[0;36;5;40;100m.[0;37;5;40;100mSX8[0;1;30;90;47m@.[0;1;37;97;47m:t:[0;1;30;90;47m 8[0;37;5;40;100m@[0;33;5;40;100m:S[0;32;5;40;100m@[0;30;5;40;100m8[0;33;5;40;100m8[0;30;5;40;100m8S[0;32;40m8[0;1;30;90;41m8[0;32;40m%[0;30;5;40;100m8[0;33;5;40;100m; [0;37;5;40;100m8[0;1;30;90;47mS[0;33;5;40;100m.[0;1;30;90;40m8[0;32;40mS[0;31;5;40;100m8[0;1;30;90;40m8[0;33;5;40;100m8[0;1;30;90;40m8[0;32;5;40;100mX[0;33;5;40;100m8S[0;36;5;40;100m%[0;33;5;40;100m;[0;37;5;40;100m88[0;33;5;40;100m %8[0;1;30;90;40m@888[0;31;40m%[0;1;30;90;40mX[0;32;40m%[0;30;5;40;100m8[0;33;5;40;100mXt;[0;1;30;90;40m8[0;31;40mt[0;32;5;40;100mX[0;31;5;40;100m@[0;30;5;40;100m8[0;32;40m8[0;31;5;40;100m@[0;32;40m%[0;31;40m@[0;32;5;40;100m@[0;31;40m@[0;32;40mX[0;1;30;90;40m@[0;32;5;40;100m8[0;30;5;40;100m8[0;31;5;40;100m8[0;33;5;40;100mX%8[0;1;30;90;40m@[0;32;5;40;100m@[0;33;5;40;100m88[0;31;5;40;100mS[0;33;5;40;100m8[0;32;5;40;100mS[0;31;5;40;100mS[0;32;5;40;100mS[0;33;5;40;100mS%XS[0;30;5;40;100m8[0;33;5;40;100m8%8@ [0;1;30;90;43m8[0;33;5;40;100m8[0;1;30;90;40m888[0;32;40m@[0;1;30;90;40m8[0;33;5;40;100m8[0;31;5;40;100m8[0;33;5;40;100m8St[0;1;30;90;43m8[0;33;5;40;100m:[0;1;30;90;43m8[0;33;5;40;100m:[0;1;30;90;43m8[0;33;47m8[0;33;5;40;100m@ [0;37;5;40;100m8[0;36;5;40;100m8SS8@:.;.:[0;1;30;90;47mS8@[0m
[0;1;30;90;40m88[0;33;5;40;100m@X[0;32;5;40;100mX[0;33;5;40;100m8S[0;32;5;40;100mS[0;33;5;40;100m8[0;32;5;40;100mS[0;33;5;40;100mt;S888[0;30;5;40;100m8[0;31;5;40;100mX[0;33;5;40;100m8XXS[0;1;30;90;43m8[0;33;5;40;100m %:[0;33;47m8[0;33;5;40;100m:[0;37;43m8[0;33;5;40;100m [0;33;47m8[0;33;5;40;100m8[0;31;40mt[0;32;5;40;100m@[0;33;5;40;100mXt%S;;t:[0;1;30;90;43m8[0;1;30;90;47mS[0;1;30;90;43m8[0;33;5;40;100m .S[0;30;5;40;100mX[0;33;5;40;100m88SS@%%%%8[0;31;40m;[0;33;5;40;100mS%SSSXS@@@@@SS::;%X@@8X88@S%%%X@t[0;31;5;40;100m@[0;33;5;40;100m@S;t%88XSt%;:;tt;[0;1;30;90;43m8[0;37;5;40;100m;[0;33;5;40;100m%XSS8[0;31;5;40;100mX[0;33;5;40;100m@[0;31;5;40;100mS[0;33;5;40;100m;...:t[0;32;5;40;100mS[0;33;5;40;100mS%[0m
[0;33;5;40;100m%%:   [0;37;5;40;100m8[0;33;5;40;100m:[0;37;5;40;100m8[0;33;5;40;100m [0;33;47m8[0;33;5;40;100m [0;33;47m8[0;33;5;40;100m:.;[0;1;30;90;43m8[0;33;5;40;100m;;.[0;33;47m8[0;1;30;90;47mS[0;1;30;90;43m8[0;33;47m88[0;1;30;90;43m8[0;33;47m8[0;1;30;90;43m8[0;1;30;90;47mt[0;1;30;90;43m88[0;33;5;40;100m [0;30;5;40;100m@[0;31;40m@[0;33;5;40;100m:[0;1;30;90;43m8[0;33;47m8[0;1;30;90;43m888[0;33;47m8[0;1;30;90;43m8[0;33;5;40;100m:[0;1;30;90;43m88[0;33;47m8[0;1;30;90;43m8[0;33;5;40;100m%[0;1;30;90;40m8[0;33;5;40;100m8%%%SSSS%@[0;32;40m%[0;33;5;40;100mSX%S%t[0;1;30;90;43m8[0;33;5;40;100m t;t;[0;1;30;90;43m8[0;37;5;40;100m8[0;1;30;90;43m8[0;37;43m8[0;33;5;40;100m;[0;1;30;90;43m8[0;37;5;40;100m8[0;1;30;90;43m8[0;33;5;40;100m:;;;:[0;33;47m8[0;33;5;40;100m:[0;33;47m8[0;33;5;40;100m:[0;37;5;40;100m8[0;33;5;40;100m;[0;37;5;40;100m8[0;33;5;40;100m:. [0;33;47m8[0;33;5;40;100m:.:.::;ttt[0;1;30;90;43m8[0;33;5;40;100m.[0;1;30;90;43m88[0;37;5;40;100m8[0;1;30;90;43m8[0;33;5;40;100m.[0;1;30;90;43m8[0;33;5;40;100m:X@X;;tt%;t%%S[0;31;5;40;100mS[0;32;5;40;100m@[0m
[0;37;5;40;100m8[0;1;30;90;47mS[0;1;30;90;43m8[0;1;30;90;47m.[0;37;43m8[0;33;47m8[0;1;30;90;43m8[0;33;47m@[0;37;43m88[0;33;5;40;100m.[0;37;43m8[0;1;30;90;43m8[0;1;30;90;47mX[0;1;30;90;43m8[0;33;47m8[0;33;5;40;100m;[0;37;43m8[0;1;30;90;43m8[0;33;47m8[0;1;30;90;43m88[0;33;5;40;100m [0;1;30;90;43m8[0;33;5;40;100m;[0;1;30;90;43m8[0;33;5;40;100m;[0;1;30;90;43m888[0;33;5;40;100m [0;1;30;90;43m8[0;33;5;40;100m8[0;32;40m%[0;33;5;40;100m@@8XtX88[0;1;30;90;43m8[0;33;5;40;100mS@888[0;32;40mS[0;33;5;40;100m888888888[0;30;5;40;100m8[0;31;40mX[0;33;5;40;100m88888@X@[0;1;30;90;43m8[0;33;5;40;100m%[0;1;30;90;43m8[0;33;5;40;100m%[0;1;30;90;43m88[0;33;5;40;100m;[0;1;30;90;43m8[0;33;5;40;100m;[0;1;30;90;43m8[0;33;5;40;100m;[0;1;30;90;43m8[0;1;30;90;47mX[0;1;30;90;43m8[0;33;47m8[0;1;30;90;43m8[0;1;30;90;47m%[0;1;30;90;43m8[0;33;47m8[0;1;30;90;47m@[0;37;43m@[0;33;47m888[0;1;30;90;47m%[0;37;43m8[0;33;47m8[0;1;30;90;47m8[0;33;47m88[0;37;43m88[0;33;5;40;100m [0;33;47m8[0;1;30;90;43m8[0;1;30;90;47m%[0;1;30;90;43m88[0;1;30;90;47m%[0;1;30;90;43m8[0;1;30;90;47m@[0;1;30;90;43m8[0;33;5;40;100m.[0;33;47m8[0;1;30;90;43m8[0;1;30;90;47m8[0;1;30;90;43m8[0;33;5;40;100m;tt;.[0;37;43m8[0;33;5;40;100m .[0;33;47m8[0;33;5;40;100m.[0;1;30;90;47mS[0;33;5;40;100m:[0;37;5;40;100m8[0;33;5;40;100m. [0m
[0;33;5;40;100m [0;1;30;90;43m8[0;1;30;90;47mt[0;1;30;90;43m8[0;33;5;40;100m.[0;33;47m8[0;37;5;40;100m8[0;1;30;90;43m8[0;37;5;40;100m8[0;1;30;90;43m8[0;33;5;40;100m.[0;1;30;90;43m8[0;33;5;40;100m.[0;1;30;90;43m8[0;33;5;40;100m%[0;1;30;90;43m8[0;33;5;40;100mSXS8@888888[0;32;5;40;100mX[0;33;5;40;100m888[0;30;5;40;100mX[0;1;30;90;40m888[0;30;5;40;100mX[0;1;30;90;40m8[0;33;5;40;100m8[0;1;30;90;40m8[0;33;5;40;100m8[0;1;30;90;40m8[0;33;5;40;100m8[0;1;30;90;40m8[0;33;5;40;100m8[0;32;40mX[0;30;5;40;100m8[0;31;40m@[0;32;5;40;100m@[0;31;40m8[0;30;5;40;100m8[0;1;30;90;40m88[0;32;40m@[0;31;5;40;100m8[0;32;40m@[0;1;30;90;40m88[0;32;40m@[0;31;5;40;100mX[0;32;40m8[0;1;30;90;40m888[0;31;5;40;100m@[0;1;30;90;40m8[0;33;5;40;100m88[0;31;5;40;100mS[0;33;5;40;100m8888@@@X@XS[0;1;30;90;43m8[0;33;5;40;100m@S%[0;1;30;90;43m88[0;33;5;40;100m [0;1;30;90;43m88[0;33;5;40;100m:[0;1;30;90;43m8[0;33;5;40;100m.[0;1;30;90;43m88[0;1;30;90;47m@[0;1;30;90;43m88[0;1;30;90;47m@[0;1;30;90;43m8[0;1;30;90;47mX[0;37;43m8[0;33;47m8[0;1;30;90;43m8[0;1;30;90;47mS[0;1;30;90;43m8[0;1;30;90;47mt[0;1;30;90;43m8[0;33;5;40;100m:[0;1;30;90;43m8[0;1;30;90;47mX[0;1;30;90;43m8[0;33;47m8[0;1;30;90;47m8[0;1;30;90;43m8[0;1;30;90;47m@[0;37;43m8[0;37;5;40;100m8[0;1;30;90;43m8[0;1;30;90;47m%[0;1;30;90;43m8[0;1;30;90;47m;[0;1;30;90;43m8[0;1;30;90;47m:[0;1;30;90;43m8[0;1;30;90;47m%[0;33;5;40;100mX[0;37;5;40;100m88[0;1;30;90;47m@[0;36;5;40;100m [0;1;30;90;47m.[0m
[0;33;5;40;100mXS[0;1;30;90;43m8[0;33;5;40;100m:[0;1;30;90;43m88[0;33;5;40;100mt[0;1;30;90;43m8[0;33;5;40;100m.[0;1;30;90;43m88[0;33;5;40;100m.[0;1;30;90;43m8[0;33;5;40;100m.[0;1;30;90;43m8[0;33;5;40;100m;X88[0;32;5;40;100mX[0;30;5;40;100mX[0;32;5;40;100mX[0;30;5;40;100m@S@[0;32;5;40;100m@[0;31;40m8[0;32;5;40;100m8[0;1;30;90;40m88[0;30;5;40;100m@[0;1;30;90;42m8[0;1;30;90;41m8[0;32;5;40;100mX[0;30;42m8[0;1;30;90;41m8[0;30;42m8[0;31;5;40;100mX[0;30;42m8[0;31;5;40;100mS[0;32;40m8[0;1;30;90;41m8[0;30;42m8[0;31;5;40;100m8[0;30;5;40;100mS[0;1;30;90;43m.[0;1;30;90;40m8[0;31;5;40;100m@[0;32;5;40;100mX[0;30;41m8[0;33;5;40;100m8[0;1;30;90;41m8[0;32;5;40;100mS[0;30;41m8[0;33;5;40;100m8[0;1;30;90;41m8[0;31;5;40;100mS[0;1;30;90;41m8[0;32;40m8[0;31;5;40;100mX@[0;1;30;90;40m8[0;33;5;40;100m8[0;32;40mX[0;31;5;40;100mX[0;1;30;90;40m8[0;30;5;40;100mX[0;31;5;40;100mS[0;1;30;90;40m8[0;31;5;40;100mSX[0;33;5;40;100m8[0;31;5;40;100m8[0;33;5;40;100m@@X%S%%%[0;1;30;90;43m8[0;37;5;40;100mS[0;33;5;40;100m:[0;37;43m8[0;1;30;90;43m8[0;1;30;90;47m8[0;1;30;90;43m8[0;33;47m8[0;33;5;40;100m:[0;33;47m8[0;1;30;90;43m8[0;33;47m8[0;1;30;90;43m8[0;1;30;90;47m@[0;1;30;90;43m8[0;33;47m8[0;1;30;90;47m8[0;1;30;90;43m8[0;1;30;90;47m8[0;1;30;90;43m8[0;1;30;90;47mX[0;1;30;90;43m8[0;1;30;90;47mX[0;1;30;90;43m8[0;1;30;90;47m:[0;33;47m8[0;1;30;90;47mX[0;1;30;90;43m8[0;1;30;90;47mX[0;1;30;90;43m8[0;1;30;90;47mX[0;33;47m8[0;1;30;90;43m8[0;1;30;90;47m8[0;1;30;90;43m8[0;1;30;90;47m@[0;37;43m8[0;1;30;90;47mX[0;1;30;90;43m8[0;1;30;90;47m%[0;1;30;90;43m8[0;1;30;90;47mS[0;1;30;90;43m8[0;1;30;90;47mX[0;37;5;40;100mX[0;36;5;40;100m [0;1;30;90;47m8[0;37;5;40;100m8[0;36;5;40;100m;[0m
[0;33;5;40;100m%%;[0;1;30;90;43m8[0;37;5;40;100m8[0;1;30;90;43m8[0;37;5;40;100m8[0;1;30;90;43m88[0;37;5;40;100m8[0;1;30;90;43m8[0;33;5;40;100m [0;1;30;90;43m8[0;33;5;40;100m.SXXX@88[0;31;5;40;100mS[0;33;5;40;100m88888[0;30;5;40;100m@[0;33;5;40;100m8[0;32;5;40;100mX[0;30;41m8[0;33;5;40;100m8[0;32;40m8[0;1;30;90;43mS[0;1;30;90;41m8[0;33;5;40;100m8[0;1;30;90;41m8[0;1;30;90;43mt[0;1;30;90;41m@[0;33;5;40;100m8% .[0;1;30;90;43m8[0;1;30;90;41m88[0;31;43m8[0;31;5;40;100m@[0;31;43m8[0;33;5;40;100m%[0;33;41m8[0;1;30;90;43m8[0;33;41mX[0;33;5;40;100m8[0;1;30;90;41m@[0;30;5;40;100mS[0;31;40m8[0;32;5;40;100mS[0;1;30;90;41m8[0;30;42m8[0;33;5;40;100m8[0;31;40m@[0;32;5;40;100mX[0;1;30;90;41m8[0;30;42m8[0;33;5;40;100m8[0;32;40m@[0;1;30;90;43m.[0;1;30;90;40m8[0;1;30;90;42m8[0;31;40m8[0;32;5;40;100m8[0;1;30;90;40m8[0;32;5;40;100mX[0;1;30;90;40m8[0;33;5;40;100m8[0;31;5;40;100mX[0;33;5;40;100m88[0;31;5;40;100mS[0;33;5;40;100m8888SXX%[0;1;30;90;43m88[0;1;30;90;47m8[0;1;30;90;43m8[0;1;30;90;47m8[0;37;43m8[0;1;30;90;47m8[0;33;47m8[0;37;5;40;100mS[0;33;47m8[0;1;30;90;47m8[0;37;43m8[0;1;30;90;47m8[0;33;47m8[0;1;30;90;47m8[0;37;43m8[0;1;30;90;47m8[0;37;43m8[0;1;30;90;47m8[0;33;47m8[0;1;30;90;47m8[0;33;47m8[0;1;30;90;47m8[0;37;43m8[0;37;5;40;100mS[0;1;30;90;47m8[0;33;47m8[0;1;30;90;47m8[0;1;30;90;43m8[0;1;30;90;47m8[0;1;30;90;43m8[0;1;30;90;47m@[0;1;30;90;43m8[0;1;30;90;47m@[0;1;30;90;43m8[0;1;30;90;47m8[0;1;30;90;43m8[0;33;5;40;100m.;%S;[0m
[0;33;5;40;100m;;[0;1;30;90;43m8[0;33;5;40;100m.[0;1;30;90;43m8[0;37;5;40;100mX[0;1;30;90;43m8[0;1;30;90;47m8[0;33;5;40;100m;[0;1;30;90;43m8[0;1;30;90;47m8[0;1;30;90;43m8[0;1;30;90;47m@[0;1;30;90;43m8[0;33;5;40;100mtttS%S@@8[0;31;5;40;100mS[0;32;5;40;100mS[0;31;5;40;100mX[0;33;5;40;100m88[0;1;30;90;41m8[0;1;30;90;43m8[0;1;30;90;47m8[0;33;5;40;100m:[0;1;30;90;47m8[0;33;5;40;100m:[0;1;31;91;43m8[0;33;5;40;100m;[0;33;5;41;101m8[0;35;5;40;100mt[0;33;47m8[0;35;47m8[0;33;47m@[0;1;30;90;47m8[0;33;5;41;101m.[0;1;30;90;47m8[0;33;5;41;101mt[0;33;5;40;100m.[0;33;5;41;101m@[0;33;5;40;100m.@[0;1;30;90;41m8[0;33;5;40;100m8[0;31;5;40;100m8X[0;1;30;90;40m8[0;1;30;90;42m8[0;30;41m8[0;33;42m8[0;1;30;90;40m8[0;33;5;40;100m8[0;30;5;40;100mX[0;32;5;40;100mX[0;33;5;40;100m8[0;32;40m@[0;33;5;40;100m8[0;31;5;40;100mS[0;32;5;40;100mS[0;31;5;40;100m8[0;32;40m8[0;33;5;40;100m8[0;1;30;90;40m8[0;33;5;40;100m8[0;32;40m8[0;33;5;40;100m8:[0;37;5;40;100m8[0;33;5;40;100m;%@[0;32;5;40;100m8[0;30;5;40;100mXS[0;31;5;40;100mS[0;32;5;40;100mX[0;33;5;40;100m;[0;1;37;97;47mt%t[0;1;30;90;47m:[0;37;5;40;100m8[0;33;5;40;100mX88888t[0;1;30;90;43m8[0;1;30;90;47m8[0;1;30;90;43m8[0;1;30;90;47m8[0;33;47m8[0;1;30;90;47m8[0;33;47m8[0;1;30;90;47m8[0;33;47m8[0;1;30;90;47m8[0;33;47m8[0;1;30;90;47m8[0;33;47m8[0;1;30;90;47m8[0;37;43m8[0;1;30;90;47m8[0;1;30;90;43m8[0;1;30;90;47m8[0;1;30;90;43m8[0;1;30;90;47m8[0;33;47m8[0;1;30;90;47m8[0;33;47m8[0;1;30;90;47m8[0;1;30;90;43m8[0;1;30;90;47m8@[0;33;47m8[0;1;30;90;47m8[0;37;5;40;100m8[0;33;47m@[0;1;30;90;47mSX[0;33;5;40;100m [0m
[0;37;5;40;100m8[0;1;30;90;43m8[0;1;30;90;47m8[0;1;30;90;43m8[0;37;5;40;100mX[0;1;30;90;47m8[0;1;30;90;43m8[0;1;30;90;47m8[0;1;30;90;43m8[0;37;5;40;100mX[0;1;30;90;43m8[0;37;5;40;100m@[0;1;30;90;43m8[0;33;5;40;100m:[0;1;30;90;43m8[0;1;30;90;47mX[0;1;30;90;43m8[0;33;5;40;100mSX8[0;31;5;40;100m8[0;33;5;40;100m8[0;31;5;40;100m@[0;1;30;90;43m8[0;33;41m8[0;33;5;40;100m%[0;31;5;40;100mX[0;1;30;90;43m8[0;35;5;41;101m@[0;33;47m8[0;33;5;41;101mX[0;1;30;90;47m8[0;33;5;41;101m [0;33;47m@[0;35;5;41;101m;[0;1;30;90;47m8[0;33;5;41;101mt[0;37;5;41;101m8[0;33;5;41;101mSt[0;1;30;90;47m8[0;33;5;41;101m:[0;1;30;90;47m8[0;33;41m8[0;33;5;40;100mX[0;31;5;40;100m8[0;33;5;40;100m@[0;31;5;40;100mX[0;33;5;40;100m8[0;30;5;40;100m@X[0;30;42m8[0;33;5;40;100m88% [0;37;5;40;100m8[0;33;5;40;100m8[0;32;40m8[0;33;5;40;100m8[0;31;40m@[0;32;5;40;100mX[0;33;5;40;100mS[0;1;30;90;47m:[0;1;37;97;47m::[0;1;30;90;47m;[0;37;5;40;100m8[0;33;5;40;100mS8[0;1;30;90;40m8[0;33;5;40;100m8[0;30;5;40;100mX[0;33;5;40;100m@[0;1;30;90;47m [0;1;37;97;47m8X%[0;1;30;90;47m.:[0;37;5;40;100m8[0;33;5;40;100m%X[0;1;30;90;47m8[0;1;37;97;47m@[0;37;5;47;107m8[0;1;37;97;47m.[0;1;30;90;47mt[0;1;37;97;47mX%[0;1;30;90;47m8[0;33;5;40;100m8[0;31;40m8[0;33;5;40;100m8[0;31;5;40;100mX[0;33;5;40;100m8[0;31;5;40;100mS[0;31;43m8[0;33;5;40;100m888%[0;1;30;90;47m8[0;37;43m8[0;1;30;90;47m8[0;33;47m8[0;1;30;90;47m8[0;33;47m88[0;1;30;90;47m8[0;1;30;90;43m8[0;1;30;90;47m88[0;33;47mX[0;1;37;97;47m [0;33;47mX[0;1;30;90;47m@[0;33;47mX[0;1;30;90;47m@[0;33;47m@[0;1;30;90;47m@[0;33;47mX8[0;1;30;90;47m8[0;33;47m8[0;1;30;90;47m8[0;33;47m8[0;1;30;90;47m%[0;33;47m8[0;1;30;90;47mX[0m
[0;1;30;90;47m88[0;1;30;90;43m8[0;1;30;90;47m8[0;1;30;90;43m8[0;37;5;40;100m%[0;1;30;90;47m8[0;1;30;90;43m8[0;1;30;90;47m8[0;1;30;90;43m8[0;1;30;90;47m8[0;1;30;90;43m8[0;1;30;90;47m8[0;1;30;90;43m8[0;33;5;40;100m:[0;1;30;90;43m8[0;33;5;40;100mt[0;1;30;90;43m8[0;35;5;40;100mS[0;1;30;90;43m8[0;1;30;90;47m888[0;35;47m8[0;33;5;41;101m%[0;33;47m8[0;31;5;41;101m:[0;1;30;90;47m8[0;1;30;90;43m8[0;35;47m8[0;1;30;90;47mS[0;1;37;97;47m ;[0;1;30;90;47m8[0;1;31;91;47m8[0;1;31;91;43m8[0;1;30;90;47m8[0;1;30;90;43m8[0;35;5;40;100m.[0;1;30;90;43m8[0;1;30;90;41m8[0;33;5;40;100m8[0;31;5;40;100mX[0;33;5;40;100m:[0;1;30;90;47m::t[0;33;5;40;100m%[0;1;30;90;40m8[0;32;43m8[0;31;40m8[0;33;5;40;100m8[0;32;40mX[0;33;5;40;100m8[0;1;30;90;47m8[0;1;37;97;47m%%[0;1;30;90;47mt[0;33;5;40;100mX[0;32;5;40;100mX[0;33;5;40;100m8[0;1;30;90;40m8[0;37;5;40;100m8[0;1;37;97;47mXXX[0;1;30;90;47m.%;:%[0;37;5;40;100m8[0;33;5;40;100mS@8:[0;1;30;90;47mS[0;1;37;97;47mtt[0;1;30;90;47m:@[0;37;5;40;100m8[0;1;30;90;47m%.[0;1;37;97;47mtX@[0;33;5;40;100m.8 [0;1;37;97;47m::[0;1;30;90;47m;[0;33;5;40;100m 8[0;30;42m8[0;33;5;40;100m8[0;32;40m8[0;31;5;40;100mS[0;31;40m8[0;33;5;40;100m8[0;33;41m8[0;33;5;40;100m8[0;1;30;90;41m8[0;1;30;90;43m@[0;33;5;40;100mSt[0;1;30;90;47m8[0;33;47m@[0;1;37;97;47m [0;1;30;90;47m8[0;33;47m@[0;1;33;93;47m%[0;1;30;90;47m8[0;1;33;93;47mS[0;1;30;90;47m8[0;33;47m@[0;1;37;97;47m [0;1;33;93;47mS[0;1;30;90;47m8[0;33;47m@[0;1;30;90;47m@[0;33;47mS[0;1;30;90;47m8[0;1;33;93;47mS[0;1;30;90;47m8[0;33;47m@[0;1;30;90;47m8[0;33;47m8[0;1;30;90;47mS[0m
[0;1;30;90;47mX%X[0;33;47m8[0;1;30;90;47m8[0;33;47m@[0;1;30;90;47m8[0;33;47mS[0;1;30;90;47m8[0;33;47mX[0;1;30;90;47m8[0;33;47m8[0;33;5;41;101mX[0;1;30;90;47m8[0;33;5;41;101mt[0;1;30;90;47m8[0;31;5;41;101mt[0;1;30;90;47m8[0;33;5;41;101mt[0;35;47m8[0;33;5;41;101m;[0;1;30;90;47m8[0;33;5;41;101m [0;33;47m8[0;35;5;41;101mS[0;33;47m8[0;35;5;41;101mS[0;1;30;90;43m8[0;33;5;41;101mX[0;33;5;40;100mt[0;1;31;91;43m8[0;1;30;90;43m8[0;33;5;41;101mX[0;33;5;40;100m;[0;1;30;90;43m8[0;31;5;40;100m8[0;1;30;90;41m8[0;31;5;40;100mS[0;33;41m8[0;32;5;40;100mS[0;31;5;40;100mS[0;30;42m8[0;33;5;40;100m88[0;1;30;90;47m;[0;1;37;97;47m88.[0;33;5;40;100mX[0;30;5;40;100m8[0;1;30;90;42m8[0;31;40m8[0;32;5;40;100mS[0;32;40mX[0;33;5;40;100m8.[0;1;37;97;47m%t.[0;33;5;40;100m 8[0;32;5;40;100mS[0;37;5;40;100m8[0;1;37;97;47m88@[0;1;30;90;47mt[0;37;5;40;100m88[0;1;30;90;47m8@@X%t8[0;33;5;40;100m:X [0;1;30;90;47m:.8[0;1;30;90;43m%[0;30;42m8[0;33;5;40;100m8[0;30;5;40;100mX[0;33;5;40;100m88[0;32;5;40;100m@[0;33;5;40;100m8[0;32;40m8[0;33;5;40;100m88X8[0;32;5;40;100mX[0;31;40m8[0;33;5;40;100m8[0;1;30;90;42m8[0;32;5;40;100mS[0;32;40m8[0;32;5;40;100mS[0;32;40m@[0;33;5;40;100m8[0;31;40m8[0;33;5;40;100m8[0;33;41m8[0;33;5;40;100m8[0;1;30;90;41m8[0;1;30;90;43m@[0;33;5;40;100mS[0;1;30;90;47m8[0;33;47mX[0;1;30;90;47m88[0;33;47mX[0;1;30;90;47m8[0;33;47m8[0;1;30;90;47m8[0;33;47mX[0;1;30;90;47m8[0;1;33;93;47mS[0;1;30;90;47m8[0;1;33;93;47mS[0;1;30;90;47m8[0;33;47mX[0;1;30;90;47m8[0;33;47m@[0;1;30;90;47m%[0;33;47m@[0m
[0;1;30;90;47mS8[0;33;47m8[0;1;30;90;47m8[0;33;47mX[0;1;30;90;47m8[0;33;47m8[0;1;30;90;43m8[0;1;30;90;47m8[0;33;5;41;101mX[0;35;47m8[0;33;5;41;101mt[0;1;30;90;47m8[0;33;5;41;101m;[0;1;30;90;47m8[0;33;5;41;101m;[0;1;30;90;47m8[0;33;5;41;101m:[0;1;30;90;47m8[0;33;5;41;101mt[0;1;30;90;47mt[0;1;31;91;47m@[0;1;37;97;47m ;[0;33;47m8[0;35;5;41;101m.[0;1;30;90;47m8[0;33;5;41;101mt[0;1;30;90;47m8[0;1;30;90;43m8[0;35;5;40;100mt[0;31;5;40;100mX[0;33;5;40;100m8[0;30;41m8[0;32;5;40;100mS[0;31;40m@[0;1;30;90;42m8[0;32;40m8[0;30;5;40;100mS[0;32;40m8[0;31;43m8[0;32;40m8[0;1;30;90;40m88[0;33;5;40;100mt[0;1;37;97;47mS@8[0;1;30;90;47m.[0;33;5;40;100m S@8%.[0;1;30;90;47m.[0;1;37;97;47mXt[0;1;30;90;47mt[0;33;5;40;100mS[0;32;5;40;100mX[0;31;5;40;100mX[0;33;5;40;100m:[0;1;37;97;47m% [0;1;30;90;47m;[0;33;5;40;100mX[0;1;30;90;42m8[0;33;5;40;100m8[0;30;42m8[0;1;30;90;43m:[0;32;40m8[0;33;5;40;100m8[0;30;42m8[0;33;5;40;100m8[0;30;42m8[0;33;5;40;100m8[0;1;30;90;42m8[0;33;5;40;100m8[0;30;42m8[0;1;30;90;43m:[0;32;40m8[0;33;5;40;100m8[0;30;5;40;100m@[0;30;42m8[0;1;30;90;43m;[0;32;40m@[0;33;5;40;100m8[0;32;40mX[0;31;5;40;100mS[0;1;30;90;43m.[0;32;40m@[0;32;5;40;100mS[0;1;30;90;42m8[0;31;40m8[0;33;5;40;100m8[0;1;30;90;42m8[0;32;5;40;100mS[0;30;41m8[0;1;30;90;43m:[0;30;5;40;100mX[0;31;43m8[0;32;40m8[0;33;5;40;100m8[0;30;42m8[0;33;5;40;100m8[0;32;40m@[0;33;5;40;100m8[0;1;30;90;40m8[0;33;5;40;100m8[0;1;30;90;41m8[0;1;30;90;43m;[0;31;5;40;100m8[0;1;30;90;43m8[0;1;30;90;47m8[0;33;47m8X[0;1;30;90;47m8[0;1;37;97;47m [0;33;47m8[0;35;47m8[0;33;47m@[0;1;30;90;47m88[0;1;37;97;47m [0;33;47m@SXX[0;1;30;90;47m8[0m
[0;1;30;90;47m@8[0;33;47m8[0;1;30;90;47m8[0;33;47m8[0;33;5;41;101mS[0;1;30;90;47m8[0;35;5;41;101mt[0;1;30;90;47m8@[0;1;37;97;47m    [0;37;5;41;101m8[0;33;47m8[0;31;5;41;101mt[0;1;30;90;47m8[0;33;5;41;101m:[0;1;37;97;47m [0;33;47mX[0;1;37;97;47m  [0;37;5;41;101m8[0;1;31;91;47m@[0;33;47m8[0;31;5;41;101mS[0;33;5;40;100m.[0;33;41m8[0;31;5;40;100m8[0;31;43m8[0;32;40m8[0;1;30;90;40m8[0;1;30;90;42m8[0;31;40m8[0;33;42m8[0;30;41m8[0;33;5;40;100m8[0;32;40m8[0;1;30;90;43m:[0;32;40mS[0;33;5;40;100m8[0;32;40m8[0;1;30;90;43mt[0;30;5;40;100m8[0;33;5;40;100m@ [0;1;30;90;47m;[0;1;37;97;47m ;[0;1;30;90;47m.;%XS[0;37;5;40;100m8[0;33;5;40;100m%8[0;1;30;90;42m8[0;30;5;40;100m@[0;32;5;40;100mS[0;32;40m8[0;33;5;40;100m8[0;32;5;40;100m@[0;30;5;40;100mS[0;33;42m8[0;30;5;40;100m8[0;1;30;90;41m8[0;30;42m8[0;31;5;40;100mS[0;32;40m8[0;33;5;40;100m8[0;32;40m8[0;33;5;40;100m8[0;32;40m@[0;33;5;40;100m8[0;32;40m@[0;31;5;40;100mX[0;30;42m8[0;31;5;40;100mS[0;32;40m8[0;33;5;40;100m8[0;32;40m8[0;1;30;90;43m@[0;31;5;40;100mS[0;30;5;40;100m@[0;33;5;40;100m8[0;1;30;90;40m8[0;1;30;90;43m%[0;32;40m8[0;33;5;40;100m88[0;1;30;90;40m8[0;1;30;90;43mt[0;32;5;40;100m8[0;32;40m8[0;1;30;90;43mt[0;1;30;90;40m8[0;33;42m8[0;30;5;40;100m8[0;33;42m8[0;33;5;40;100m8[0;30;5;40;100mS[0;32;5;40;100mS[0;30;41m8[0;32;5;40;100m@[0;31;5;40;100mS[0;30;42m8[0;1;30;90;43mX[0;30;5;40;100mX[0;1;30;90;42m8[0;31;5;40;100m@[0;33;5;40;100m88[0;1;30;90;41mX[0;33;5;40;100mS[0;1;30;90;43m8[0;33;47m88[0;35;47m8[0;33;47m8[0;1;30;90;47m8[0;33;47mX[0;1;31;91;47mX[0;33;47m@[0;35;47m8[0;37;43m8[0;37;45m8[0;1;30;90;43m8[0;1;30;90;47m8[0m
[0;1;30;90;47m@[0;37;43m8[0;33;5;40;100m.[0;33;5;41;101m [0;1;30;90;47m8[0;33;5;41;101mt[0;1;30;90;47m8[0;33;47m8[0;33;5;41;101m [0;33;47m@[0;1;31;91;47mX8[0;33;5;41;101m:[0;33;47m8[0;31;5;41;101mt[0;1;30;90;47m8[0;33;5;41;101m;[0;33;47m8[0;33;5;41;101mS[0;1;30;90;47m8[0;31;5;41;101m [0;33;5;41;101m%[0;1;30;90;43m88[0;1;30;90;41m@[0;31;5;40;100m@[0;33;5;40;100m8[0;1;30;90;40m8[0;33;5;40;100m8[0;32;40m@[0;33;5;40;100m8[0;30;5;40;100mX[0;1;30;90;43m [0;30;5;40;100mX[0;1;30;90;43mt[0;32;5;40;100mX[0;33;5;40;100m8[0;32;40m@[0;1;30;90;41m8[0;32;40m@[0;30;5;40;100m8[0;31;40m@[0;32;5;40;100mX[0;31;40mS[0;1;30;90;42m8[0;30;5;40;100mX[0;33;5;40;100m8[0;1;30;90;42m8[0;31;5;40;100mS[0;30;42m@[0;33;5;40;100m8[0;32;40m8[0;33;5;40;100m8[0;32;40m8[0;33;5;40;100m8[0;32;40m8[0;33;5;40;100m8[0;32;40m8[0;33;5;40;100m88[0;33;41m8[0;32;5;40;100mS[0;1;30;90;40m8[0;32;43m8[0;31;40m8[0;32;5;40;100mS[0;33;42m8[0;1;30;90;40m8[0;1;30;90;43m:[0;1;30;90;40m8[0;33;5;40;100m8[0;32;5;40;100mS[0;30;41m8[0;32;5;40;100mS[0;33;5;40;100m8[0;1;30;90;40m8[0;1;30;90;43m%[0;32;5;40;100mS[0;31;43m8[0;1;30;90;42m8[0;31;5;40;100m@[0;32;5;40;100mS[0;33;5;40;100m8[0;32;5;40;100mX[0;33;42m8[0;31;5;40;100m@[0;1;30;90;42m8[0;1;30;90;43mS[0;33;5;40;100m@8[0;1;30;90;40m8[0;32;5;40;100m@[0;31;5;40;100mS[0;30;42m8[0;33;5;40;100m8888[0;30;5;40;100mX[0;33;5;40;100m8[0;31;5;40;100mX[0;33;5;40;100m8[0;1;30;90;43mt[0;31;5;40;100mS[0;33;5;40;100m888St[0;1;30;90;43m8[0;33;5;40;100m::.[0;1;30;90;47m8[0;1;30;90;43m8[0;1;30;90;47m8[0;35;47m8[0;33;5;41;101mX[0;1;30;90;47m8[0;1;30;90;43m8[0;35;47m8[0;1;31;91;43m8[0;1;30;90;47m8[0;35;5;40;100m:[0;1;30;90;43m8[0;1;30;90;45m8[0;1;30;90;43m8[0;37;5;40;100m:[0;1;30;90;47m8[0;33;5;40;100mS[0m
[0;33;5;40;100mt[0;1;30;90;43m8[0;1;31;91;47m8[0;1;30;90;43m8[0;1;31;91;47m8[0;1;30;90;43m8[0;33;5;41;101m.[0;1;30;90;47m8[0;33;5;41;101mt[0;33;47m@[0;33;5;41;101m:[0;1;30;90;47m8[0;33;5;41;101mt[0;1;30;90;47m8[0;33;5;41;101mS[0;1;30;90;47m8[0;33;5;41;101m;[0;1;30;90;47m8[0;33;5;41;101mS[0;33;5;40;100m;%@[0;1;30;90;41m88[0;33;5;40;100m8[0;32;40m8[0;33;5;40;100m8[0;31;40m8[0;32;40m8[0;31;5;40;100mX[0;1;30;90;42m8[0;30;41m8[0;1;30;90;42m8[0;33;5;40;100m8[0;32;40m8[0;33;5;40;100m8[0;30;5;40;100m@[0;32;43m8[0;1;30;90;40m8[0;33;5;40;100m8[0;32;40m8[0;33;5;40;100m8[0;32;40m8[0;33;5;40;100m8[0;31;40m8[0;33;5;40;100m8[0;32;40m8[0;31;5;40;100mX[0;30;42m8[0;33;5;40;100m88[0;30;5;40;100mS[0;33;5;40;100m8[0;32;5;40;100mS[0;31;5;40;100mS[0;30;42m8[0;33;5;40;100m8[0;31;5;40;100m8[0;32;40m@[0;33;5;40;100m8[0;1;30;90;42m8[0;1;30;90;41m8[0;1;30;90;42m8[0;1;30;90;41m8[0;1;30;90;42m8[0;31;5;40;100mX[0;33;5;40;100m8[0;32;40m8[0;30;5;40;100m@[0;33;42m8[0;31;5;40;100mS[0;33;42m8[0;33;5;40;100m8[0;32;40m8[0;1;30;90;43mS[0;32;5;40;100mS[0;30;5;40;100mX[0;33;5;40;100m8[0;32;40m8[0;33;5;40;100m8[0;1;30;90;40m8[0;1;30;90;43m;[0;1;30;90;40m8[0;31;5;40;100mX[0;30;5;40;100mS[0;1;30;90;43m:[0;1;30;90;40m8[0;33;5;40;100m8[0;32;5;40;100m8[0;33;5;40;100m8[0;30;5;40;100m@X[0;33;5;40;100m88[0;31;5;40;100mX[0;33;5;40;100mX[0;31;5;40;100mS[0;33;5;40;100mX@X%[0;35;5;40;100mt[0;33;5;40;100mSt;: [0;37;5;40;100m;[0;1;30;90;47m8[0;33;5;40;100m.[0;1;31;91;47m@[0;33;47m88[0;35;5;41;101mX[0;1;30;90;47m8[0;1;30;90;43m8[0;35;5;40;100m.[0;37;5;40;100m%[0;35;5;40;100m;[0;33;5;40;100m..[0;37;5;40;100mt[0;33;5;40;100m.[0;1;30;90;47m8[0;37;43m8[0;35;5;40;100m.[0;1;30;90;47m8[0;1;31;91;43m8[0;35;5;40;100m:[0;37;5;40;100mt[0m
[0;33;5;40;100m [0;35;5;40;100m [0;37;5;40;100m;[0;1;30;90;47m8[0;35;5;40;100m;[0;1;30;90;47m8[0;33;5;40;100m.[0;33;47m8[0;37;5;40;100m;[0;35;5;40;100m [0;33;47m8[0;1;30;90;43m8[0;1;30;90;47m8[0;1;30;90;43m8[0;1;30;90;47m8[0;1;30;90;43m8[0;35;5;40;100m [0;33;5;40;100m;:@888[0;31;5;40;100m8[0;33;5;40;100m8[0;31;5;40;100mS[0;33;5;40;100m888[0;30;5;40;100m@[0;1;30;90;43mt[0;33;5;40;100m8[0;30;5;40;100m@[0;31;5;40;100mS[0;32;5;40;100mS[0;31;5;40;100m@[0;32;5;40;100mS[0;31;5;40;100mX[0;1;30;90;42m8[0;31;5;40;100m@[0;33;5;40;100m888[0;32;5;40;100mS[0;33;5;40;100m8[0;32;5;40;100mX[0;33;5;40;100m88[0;31;5;40;100m8[0;32;5;40;100mS[0;31;5;40;100mS[0;1;30;90;43m;[0;32;5;40;100mS[0;1;30;90;43mt[0;31;5;40;100mS[0;33;5;40;100m8[0;31;5;40;100mS[0;33;5;40;100m8[0;31;5;40;100mX[0;33;5;40;100m8[0;31;5;40;100mS[0;33;5;40;100m8888888[0;31;5;40;100mX[0;33;5;40;100mX@[0;31;5;40;100mX[0;33;5;40;100mS;S[0;31;5;40;100m8[0;33;5;40;100m8%:%%[0;35;5;40;100mt[0;33;5;40;100m@@S[0;35;5;40;100m%[0;33;5;40;100m%[0;35;5;40;100m%[0;33;5;40;100m@SX@[0;35;5;40;100m%[0;33;5;40;100m;[0;35;5;40;100m [0;33;5;40;100m .[0;35;5;40;100m ..[0;33;5;40;100m:;.  [0;37;5;40;100mt[0;1;30;90;43m8[0;35;5;40;100m [0;1;31;91;43m8[0;1;30;90;47m8[0;33;5;40;100m:[0;1;30;90;45m8[0;33;5;40;100m:[0;1;30;90;47m8[0;33;5;40;100m:[0;1;30;90;47m8[0;35;5;40;100m;[0;1;30;90;43m8[0;1;30;90;47m8[0;33;5;40;100m.[0;33;47m8[0;1;30;90;45m8[0;37;43m8[0;1;30;90;45m8[0;1;30;90;47m8[0;1;30;90;43m8[0;35;47m8[0;1;30;90;47m8[0;37;5;40;100m;[0;1;30;90;47m8[0m
[0;33;5;40;100m [0;37;5;40;100mt[0;1;30;90;43m8[0;1;30;90;45m8[0;37;43m8[0;35;5;40;100m:[0;1;30;90;43m8[0;1;30;90;45m8[0;33;47m8[0;1;30;90;45m8[0;33;5;40;100m.[0;35;47m8[0;1;30;90;43m8[0;1;30;90;45m8[0;33;5;40;100m;[0;35;5;40;100m [0;1;30;90;47m8[0;1;30;90;43m8[0;35;5;40;100m;..:[0;33;5;40;100m..    ::[0;35;5;40;100m.[0;33;5;40;100m.t%tt%;;t:::;t;:::t: :::.::.::. [0;35;5;40;100m ... [0;33;5;40;100m [0;35;5;40;100m  [0;33;5;40;100m  [0;37;5;40;100m;;[0;33;5;40;100m   [0;37;5;40;100m;[0;33;5;40;100m  [0;37;5;40;100mS[0;33;5;40;100m [0;37;5;40;100m%;%[0;33;5;40;100m [0;1;30;90;47m8[0;33;5;40;100m [0;37;5;40;100mt;t[0;33;5;40;100m.[0;1;30;90;47m8[0;33;5;40;100m;[0;1;30;90;47m8[0;33;5;40;100m:[0;1;30;90;47m8[0;1;30;90;43m8[0;1;30;90;47m8[0;33;5;40;100m [0;33;47m8[0;35;5;40;100m [0;33;47m8[0;35;5;40;100m [0;1;30;90;47m8[0;35;47m8[0;1;30;90;47m8[0;37;5;40;100mt:[0;33;47m8[0;1;30;90;47m8[0;1;30;90;43m8[0;1;30;90;47m8[0;33;5;40;100m:[0;37;43m8[0;1;30;90;45m8[0;1;30;90;47m8[0;33;5;40;100m:[0;35;47m8[0;1;30;90;43m8[0;1;30;90;47m8[0;33;5;40;100m;[0;1;30;90;43m8[0;35;47m8[0;33;5;40;100m:[0;1;30;90;43m8[0;37;5;40;100m%[0;33;5;40;100m  [0m
[0;33;5;40;100m [0;1;30;90;47m8[0;37;43m8[0;1;30;90;45m8[0;33;47m8[0;35;47m8[0;33;47m8[0;1;30;90;47m8[0;1;30;90;43m8[0;1;30;90;47m8[0;1;30;90;43m8[0;1;30;90;47m8[0;35;5;40;100m.[0;33;47m8[0;35;5;40;100m.[0;37;43m8[0;1;30;90;45m8[0;1;30;90;47m8[0;1;30;90;43m8[0;1;30;90;47m8[0;33;5;40;100m [0;1;30;90;47m8[0;33;5;40;100m.[0;1;30;90;47m8[0;33;5;40;100m [0;1;30;90;47m8[0;33;5;40;100m [0;1;30;90;47m8[0;33;5;40;100m.[0;1;30;90;47m8[0;33;5;40;100m.[0;37;5;40;100mS[0;33;5;40;100m [0;37;5;40;100mS[0;33;5;40;100m [0;1;30;90;47m8[0;33;5;40;100m [0;1;30;90;47m8[0;33;5;40;100m [0;1;30;90;47m8[0;37;5;40;100mSSS[0;1;30;90;47m8[0;33;5;40;100m [0;1;30;90;47m8[0;33;5;40;100m [0;1;30;90;47m8[0;33;47m8[0;37;5;40;100m;[0;1;30;90;47m8[0;37;5;40;100m%[0;1;30;90;47m8[0;33;5;40;100m.[0;1;30;90;47m8888[0;33;5;40;100m [0;1;30;90;47m88[0;33;5;40;100m [0;1;30;90;47m88[0;37;5;40;100mS[0;1;30;90;47m8[0;37;5;40;100mS[0;1;30;90;47m888[0;33;5;40;100m [0;33;47mX[0;1;30;90;47m88[0;33;47m8[0;1;30;90;47m88[0;33;47m8[0;1;30;90;47m8[0;33;47m8[0;1;30;90;47m8[0;1;30;90;43m8[0;1;30;90;47m88[0;1;30;90;43m8[0;1;30;90;47m8[0;33;47m8[0;1;30;90;47m88[0;33;47m8[0;1;30;90;47m8[0;33;47m8[0;1;30;90;47m8[0;1;30;90;43m8[0;35;47m8[0;1;30;90;43m8[0;1;30;90;47m8[0;35;5;40;100m:[0;35;47m8[0;1;30;90;43m8[0;35;47m@[0;33;47m8[0;35;47m8[0;33;47m8[0;35;47m8[0;1;30;90;43m88[0;1;30;90;47m8[0;33;5;40;100m.[0;33;47m8[0;1;30;90;45m8[0;1;30;90;43m8[0;35;47m8[0;1;30;90;43m8[0;37;45m8[0;1;30;90;43m8[0;1;30;90;47m8[0;1;30;90;43m8[0;35;47m8[0;1;30;90;43m8[0;1;30;90;45m8[0;33;47m8[0;35;5;40;100m.[0;1;30;90;47m8[0;1;30;90;43m8[0;1;30;90;47m8[0;35;5;40;100m;[0;1;30;90;47m8[0;1;30;90;43m8[0;37;5;40;100mt[0m
[0;33;5;40;100m  [0;1;30;90;47m8[0;1;30;90;43m8[0;1;30;90;45m8[0;1;30;90;43m8[0;37;45m8[0;1;30;90;43m8[0;35;47m8[0;1;30;90;43m8[0;1;30;90;45m8[0;1;30;90;43m8[0;35;5;40;100m:.[0;33;5;40;100m [0;1;30;90;47m8[0;1;30;90;43m8[0;1;30;90;45m8[0;1;30;90;47m8[0;33;5;40;100mt[0;1;30;90;47m8[0;1;30;90;43m8[0;35;5;40;100m.[0;37;5;40;100m;[0;37;43m8[0;35;5;40;100m.[0;1;30;90;47m8[0;1;30;90;43m8[0;37;5;40;100m;[0;33;5;40;100m: [0;33;47m8[0;33;5;40;100m [0;37;5;40;100m%[0;33;5;40;100m.[0;37;5;40;100mS[0;33;5;40;100m.[0;1;30;90;47m8[0;1;30;90;43m8[0;37;5;40;100m%%[0;1;30;90;43m8[0;1;30;90;47m8[0;33;5;40;100m:[0;33;47m8[0;37;5;40;100m.[0;33;47m8[0;1;30;90;45m8[0;33;47m8[0;37;5;40;100m:[0;33;47m8[0;33;5;40;100m [0;33;47m8[0;1;30;90;47m8[0;1;30;90;43m8[0;1;30;90;47m8[0;1;30;90;43m8[0;1;30;90;47m8[0;33;47m8[0;33;5;40;100m [0;33;47m8[0;1;30;90;47m8[0;1;30;90;43m8[0;1;30;90;47m8[0;37;43m8[0;37;5;40;100m;[0;33;47m8[0;33;5;40;100m [0;33;47m8[0;1;30;90;47m8[0;1;30;90;43m8[0;35;47m8[0;1;30;90;43m8[0;35;47m8[0;1;30;90;43m8[0;1;30;90;47m8[0;1;31;91;43m8[0;1;30;90;47m8[0;35;5;40;100m;[0;1;30;90;47m8[0;33;5;41;101m@[0;1;30;90;47mX[0;35;5;40;100m [0;1;30;90;47m8[0;35;47m8[0;33;47m8[0;1;30;90;45m8[0;33;47m8[0;33;5;40;100m.[0;35;47m8[0;1;30;90;43m8[0;35;47m8[0;1;30;90;43m8[0;35;47m@[0;33;47m8[0;35;47m8[0;1;30;90;43m8[0;1;30;90;47m8[0;37;43m8[0;35;47m8[0;1;30;90;43m8[0;1;30;90;47m8[0;1;30;90;43m8[0;35;5;40;100m.[0;33;47m8[0;35;47m8[0;33;5;40;100m [0;33;47m8[0;1;30;90;45m8[0;1;30;90;43m88[0;33;5;40;100m;[0;1;30;90;43m8[0;33;5;40;100m;[0;1;30;90;43m8[0;35;5;40;100m.:.[0;33;5;40;100m:[0;1;30;90;47m8[0;33;5;40;100m;[0;37;5;40;100m:[0;1;30;90;47m8[0;33;5;40;100m:[0;1;30;90;47m8[0;33;5;40;100m.[0;33;47m8[0;1;30;90;45m8[0;1;30;90;47m88[0m
[0;33;5;40;100m [0;1;30;90;47m8[0;1;30;90;43m8[0;35;47m8[0;1;30;90;43m8[0;1;30;90;47m8[0;1;30;90;43m8[0;35;5;40;100m;[0;33;5;40;100m;[0;1;30;90;47m8[0;1;30;90;43m8[0;1;30;90;47m8[0;35;5;40;100m.[0;33;47m8[0;35;5;40;100mt[0;33;5;40;100m:[0;1;30;90;47m8[0;1;30;90;43m8[0;35;5;40;100m.[0;33;5;40;100m .[0;35;47m8[0;1;30;90;43m8[0;1;30;90;47m8[0;1;30;90;45m8[0;1;30;90;43m8[0;35;5;40;100m.[0;37;5;40;100mt.[0;33;47m8[0;35;5;40;100mt[0;33;5;40;100m.[0;1;30;90;47m8[0;1;30;90;43m8[0;1;30;90;47m8[0;1;30;90;43m8[0;37;5;40;100m;[0;33;5;40;100m [0;1;30;90;47m8[0;33;5;40;100m:[0;1;30;90;47m8[0;35;5;40;100m [0;1;30;90;47m8[0;37;43m8[0;37;45m8[0;33;47m8[0;35;5;40;100m [0;33;47m8[0;35;47m8[0;1;30;90;43m8[0;35;47m8[0;33;47m8[0;35;5;40;100mt[0;1;30;90;47m88[0;37;5;40;100m.[0;1;30;90;47m8[0;1;30;90;43m8[0;35;47m8[0;33;47m8[0;35;5;40;100m [0;1;30;90;47m88[0;35;5;40;100m [0;1;30;90;47m888[0;33;47m8[0;1;30;90;45m8[0;33;47m8[0;1;30;90;47m8[0;33;5;40;100m.[0;1;30;90;47m8[0;1;30;90;43m8[0;35;47m8[0;37;5;40;100m;[0;1;30;90;47m8[0;35;5;40;100m [0;33;47m8[0;35;5;40;100m;[0;1;30;90;47m8[0;37;5;40;100m:[0;33;47m8[0;33;5;40;100m:[0;37;43m8[0;35;5;40;100m:[0;33;47m8[0;35;5;40;100m.[0;33;47m8[0;33;5;40;100m.[0;1;30;90;47m8[0;37;43m8[0;35;47m8[0;1;30;90;43m8[0;1;30;90;47m8[0;1;30;90;43m8[0;35;47m@[0;37;43m8[0;35;5;40;100m:[0;1;30;90;47m8[0;33;5;40;100m [0;1;30;90;47m8[0;37;5;40;100m.[0;33;47m8[0;35;5;40;100mt[0;37;43m8[0;1;30;90;47m8[0;1;30;90;43m8[0;1;30;90;47m8[0;33;5;40;100m88[0;31;5;40;100mX[0;33;5;40;100m8[0;1;30;90;41m8[0;33;5;40;100m@[0;1;30;90;47mS[0;1;37;97;47m   [0;33;47mX[0;1;30;90;47m@8[0;1;30;90;43m8[0;1;30;90;47m8[0;33;5;40;100m;[0;1;30;90;47m8[0;33;5;40;100m.[0;33;47m8[0;1;30;90;47m8[0;33;5;40;100m.[0m
[0;33;5;40;100m [0;37;5;40;100mt:[0;33;5;40;100m.[0;1;30;90;47m8[0;33;5;40;100mt[0;35;5;40;100m.[0;1;30;90;47m8[0;1;30;90;43m8[0;1;30;90;47m8[0;35;5;40;100m.[0;1;30;90;47m8[0;33;5;40;100mt[0;35;5;40;100m.[0;33;47m8[0;35;5;40;100m:[0;37;5;40;100m:[0;1;30;90;47m8[0;33;5;40;100m.[0;33;47m8[0;35;5;40;100m.[0;33;47m8[0;1;30;90;45m8[0;1;30;90;43m8[0;1;30;90;47m8[0;35;5;40;100m [0;1;30;90;47m8[0;33;5;40;100m;[0;35;5;40;100m..[0;33;47m8[0;35;5;40;100m;[0;1;30;90;43m8[0;37;45m8[0;33;5;40;100m;[0;37;5;40;100mt:[0;33;47m8[0;35;5;40;100mt[0;1;30;90;43m8[0;35;47m8[0;1;30;90;43m8[0;37;45m8[0;1;30;90;43m8[0;1;30;90;47m8[0;33;5;40;100m:[0;1;30;90;47m8[0;1;30;90;43m8[0;35;47m8[0;1;30;90;43m8[0;37;5;40;100m;[0;35;5;40;100m [0;37;43m8[0;1;30;90;45m8[0;1;30;90;43m8[0;1;30;90;47m8[0;1;30;90;45m8[0;33;47m8[0;33;5;40;100m [0;1;30;90;47m88[0;1;30;90;43m8[0;35;47m8[0;37;43m8[0;1;30;90;45m8[0;1;30;90;43m8[0;35;47m8[0;33;5;40;100m:[0;33;47m8[0;35;5;40;100m:[0;1;30;90;47m8[0;1;31;91;43m8[0;1;30;90;47m88[0;33;5;40;100m:[0;33;47m8[0;1;30;90;45m8[0;33;47m8[0;1;30;90;45m8[0;37;43m8[0;35;5;40;100m.[0;1;30;90;47m8[0;35;5;41;101mX[0;1;30;90;47mX888[0;33;47mX[0;35;47mX[0;33;47m8[0;1;30;90;47m8[0;35;5;40;100m:[0;33;47m8[0;1;30;90;47m8[0;37;5;40;100m:[0;1;37;97;47m [0;1;30;90;47mS[0;1;37;97;47m [0;1;33;93;47mS[0;1;30;90;47m@[0;33;47m@8[0;1;30;90;47m8[0;37;5;40;100m:[0;33;47m@[0;1;30;90;47m888[0;33;5;40;100m:%[0;30;41m8[0;30;42m8[0;1;30;90;40m8[0;32;5;40;100m@[0;31;5;40;100mX[0;33;5;40;100mS ..[0;1;30;90;47m8[0;33;5;40;100m;[0;1;30;90;47m8888[0;33;47m8[0;1;30;90;47m88@%[0m
[0;37;5;40;100m@[0;1;30;90;47m8[0;33;47m8[0;1;30;90;47m8[0;33;47m8[0;35;47m8[0;33;47m8[0;1;30;90;47m88[0;1;30;90;43m8[0;35;47m@[0;1;30;90;43m8[0;1;30;90;47m88[0;35;5;40;100m.[0;33;47m@[0;1;30;90;47m8[0;1;31;91;43m8[0;1;30;90;47m8[0;35;5;40;100m.[0;1;30;90;47m8[0;33;5;40;100m:[0;1;30;90;47m8[0;37;5;40;100m:[0;1;30;90;47m8[0;1;30;90;43m8[0;35;47m8[0;37;43m8[0;35;47m8[0;1;30;90;43m8[0;35;47m8[0;1;30;90;43m8[0;35;47m@[0;1;30;90;43m8[0;1;30;90;47m88[0;1;30;90;43m8[0;35;47m8[0;33;47m8[0;35;5;40;100m.[0;33;47m8[0;37;5;40;100m;[0;33;47m8[0;1;30;90;45m8[0;37;43m8[0;1;30;90;45m8[0;33;47m8[0;35;5;40;100m.[0;1;30;90;47m88[0;1;30;90;43m8[0;35;47m8[0;1;30;90;43m8[0;1;30;90;47m88[0;33;47m8[0;1;30;90;47m88[0;33;47m8[0;1;30;90;47m88888[0;33;47mX[0;1;30;90;47m8[0;37;43m8[0;1;30;90;47m8[0;37;5;40;100m:[0;33;47m8[0;1;30;90;47m88[0;33;5;40;100m [0;1;30;90;47m8[0;33;47m8[0;1;30;90;47m8[0;1;37;97;47mt ;  t@ [0;1;33;93;47mS[0;1;37;97;47m [0;1;30;90;47m@[0;1;37;97;47m [0;1;30;90;47m88[0;33;5;40;100m.[0;1;30;90;47m8[0;33;5;40;100mXt%S%:[0;37;5;40;100m:[0;1;30;90;43m8[0;35;5;40;100mt[0;33;5;40;100m%[0;35;5;40;100m.[0;1;30;90;47m8[0;35;5;40;100m:[0;33;5;40;100m:%[0;31;5;40;100mX[0;33;5;40;100m%[0;31;5;40;100m@[0;33;5;40;100m%[0;31;5;40;100m@[0;33;5;40;100m8[0;30;5;40;100m8[0;33;5;40;100m [0;1;30;90;47m@XS88888[0;33;47m8[0;1;30;90;47m8888[0;33;47m8[0;37;5;40;100m%[0m
[0;1;30;90;47m8[0;37;5;40;100m8[0;1;30;90;47m888[0;33;47mX[0;1;30;90;47mX88@8[0;1;37;97;47m [0;37;43m8[0;35;5;40;100m:[0;33;47m8[0;1;30;90;45m8[0;1;30;90;47m8[0;37;5;40;100m%[0;1;30;90;47m8[0;37;5;40;100mt[0;33;47m8[0;35;5;40;100m [0;33;47m8[0;37;5;40;100m;[0;1;30;90;47m88X[0;1;37;97;47m   [0;33;47mS[0;1;37;97;47m   [0;33;47mS[0;1;30;90;47m@[0;1;37;97;47m  [0;1;30;90;47m888[0;33;47m8[0;35;5;40;100m [0;1;30;90;47m88[0;37;43m8[0;37;5;40;100mt[0;1;30;90;47m8[0;1;30;90;43m8[0;1;30;90;47m88[0;33;5;40;100m [0;1;37;97;47m [0;1;30;90;47m8[0;33;47mS[0;1;30;90;47m8[0;1;33;93;47mS[0;1;30;90;47m88[0;33;47m@[0;1;30;90;47m8[0;33;47m8[0;1;30;90;47m8[0;33;47mX[0;1;30;90;47m8[0;37;5;40;100m:;[0;1;30;90;47m8[0;1;30;90;43m8[0;37;45m8[0;33;5;40;100m;[0;1;30;90;47m8[0;1;30;90;43m8[0;37;5;40;100m;;[0;1;30;90;47m8[0;33;47m8[0;37;5;40;100mt[0;33;47m8[0;37;5;40;100m;[0;33;47m8[0;33;5;40;100m::[0;37;5;40;100mX[0;33;5;40;100m [0;33;47m8[0;37;5;40;100m:[0;33;47m8[0;37;5;40;100m;[0;1;30;90;47m8[0;33;47m8[0;37;5;40;100m;[0;1;30;90;47m88888@@@@8@8[0;33;47mS[0;1;30;90;47m88888[0;37;5;40;100m88@[0;1;30;90;47m8[0;37;5;40;100m88[0;33;5;40;100m.[0;1;30;90;47m8[0;1;30;90;43m8[0;37;5;40;100mt[0;33;5;40;100m.[0;1;30;90;43m8[0;35;5;40;100m  [0;37;5;40;100m:[0;33;5;40;100m . [0;37;5;40;100m;t[0m
[0;37;5;40;100mX[0;33;5;40;100m  [0;1;30;90;43m8[0;37;5;40;100m%[0;33;5;40;100m  [0;33;47m8[0;35;5;40;100m.[0;33;47m8[0;35;5;40;100m.[0;33;5;40;100m [0;1;30;90;47m8[0;33;5;40;100m.[0;1;30;90;47m8[0;1;30;90;43m8[0;37;5;40;100mt[0;33;5;40;100m [0;1;30;90;43m8[0;1;30;90;47m8[0;35;5;40;100m:[0;1;30;90;47m8[0;33;5;40;100m:[0;1;30;90;47m8[0;1;30;90;43m8[0;35;5;40;100m.[0;1;30;90;43m8[0;35;5;40;100m [0;1;30;90;43m8[0;1;30;90;47m8[0;33;5;40;100m;:[0;1;30;90;43m8[0;37;5;40;100mt:[0;33;47m8[0;35;5;40;100m;[0;1;30;90;43m8[0;35;5;40;100m [0;1;30;90;43m8[0;1;30;90;45m8[0;33;5;40;100m;[0;1;30;90;47m8[0;1;30;90;43m8[0;35;5;40;100m [0;37;5;40;100m;[0;33;5;40;100m.[0;1;30;90;47m8[0;35;5;40;100m.[0;1;30;90;47m8[0;1;30;90;43m8[0;1;30;90;47m8[0;33;5;40;100m;[0;1;30;90;47m8[0;33;5;40;100m:[0;1;30;90;47m8[0;35;5;40;100m:[0;1;30;90;47m8[0;33;5;40;100m.[0;1;30;90;47m8[0;33;5;40;100m.[0;1;30;90;47m8[0;37;5;40;100m:[0;1;30;90;47m88[0;33;47m8[0;1;30;90;47m8[0;37;5;40;100m:[0;1;30;90;47m88[0;33;47m8[0;1;30;90;47m888[0;33;47m8[0;1;30;90;47m888888%t[0;33;47mS[0;1;30;90;47mX@@8@8888888[0;1;30;90;43m8[0;1;30;90;47m8[0;37;5;40;100mt[0;1;30;90;47m8[0;33;5;40;100m:[0;1;30;90;47m8[0;1;30;90;43m8[0;1;30;90;47m8[0;33;5;40;100m [0;1;30;90;47m8[0;33;5;40;100m:[0;1;30;90;47m8[0;33;5;40;100m; [0;37;5;40;100mX[0;33;5;40;100m    .[0;1;30;90;47m8[0;33;5;40;100m%[0;37;5;40;100mS%t%t[0;1;30;90;47m8[0;33;5;40;100m:[0;1;30;90;47m8[0;33;5;40;100m:[0;1;30;90;47m8[0;33;5;40;100mt [0m
[0;37;5;40;100m8[0;1;30;90;47mSX888888888888888888[0;33;47m8[0;1;30;90;47m8[0;35;5;40;100m [0;1;30;90;47m8888888888888888@[0;33;47m8[0;1;30;90;47m8888[0;33;47m@[0;1;30;90;47m888888[0;33;47m8[0;1;30;90;47m888[0;33;47m8[0;1;30;90;47m88[0;33;47m@[0;1;30;90;47m88[0;33;47m8[0;1;30;90;47m888888[0;37;5;40;100mt[0;1;30;90;47m888[0;37;5;40;100m;[0;1;30;90;47m8[0;33;5;40;100m.[0;33;47m8[0;1;30;90;47m8[0;37;5;40;100mt[0;1;30;90;47m8[0;1;30;90;43m8[0;1;30;90;47m8[0;33;5;40;100m [0;1;30;90;47m8[0;33;5;40;100m [0;1;30;90;47m8[0;33;5;40;100m.[0;33;47m8[0;35;5;40;100m.[0;37;5;40;100m;[0;33;5;40;100m.[0;1;30;90;43m8[0;35;5;40;100m [0;33;5;40;100m:[0;37;5;40;100m;[0;1;30;90;47m8[0;33;5;40;100m;  [0;1;30;90;47m8[0;33;5;40;100mt[0;37;5;40;100mt[0;33;5;40;100m  [0;1;30;90;43m8[0;37;5;40;100mt[0;33;5;40;100m:[0;1;30;90;47m8[0;33;5;40;100m:[0;37;5;40;100m@[0;33;5;40;100m.[0;1;30;90;47m8[0;33;5;40;100m.[0;1;30;90;47m8[0;33;5;40;100mt:[0;37;5;40;100mS[0;33;5;40;100m.[0;37;5;40;100m%[0;33;5;40;100m [0;37;5;40;100mt[0;33;5;40;100m:..: .[0;37;5;40;100mt%[0m
[0;33;5;40;100m   [0;37;5;40;100mX[0;33;5;40;100m:   [0;37;5;40;100mt[0;33;5;40;100m:[0;37;5;40;100mt[0;1;30;90;43m8[0;37;5;40;100m;[0;33;5;40;100m.. [0;1;30;90;47m8[0;33;5;40;100m;[0;37;5;40;100m;[0;33;5;40;100m: [0;37;5;40;100m::[0;1;30;90;47m8[0;33;5;40;100m;[0;37;5;40;100m:[0;1;30;90;47m8[0;33;5;40;100m.  [0;1;30;90;47m8[0;33;5;40;100mt  ::.[0;1;30;90;47m8[0;33;5;40;100m;[0;37;5;40;100mt[0;33;5;40;100m [0;1;30;90;47m8[0;33;5;40;100m;[0;37;5;40;100m;[0;1;30;90;47m8[0;33;5;40;100m;[0;35;5;40;100m [0;33;5;40;100m [0;37;43m8[0;35;5;40;100m;[0;37;5;40;100m;[0;33;5;40;100m.[0;37;5;40;100m;:;[0;1;30;90;43m8[0;37;5;40;100m%[0;35;5;40;100m:[0;33;5;40;100m  [0;37;5;40;100m:[0;33;5;40;100m. [0;35;5;40;100m.[0;33;5;40;100m::::[0;1;30;90;43m8[0;35;5;40;100m [0;33;5;40;100m ;t.[0;37;5;40;100m;[0;33;5;40;100m.[0;1;30;90;47m8[0;33;5;40;100mt:. [0;37;5;40;100mt[0;33;5;40;100m. .[0;33;47m8[0;33;5;40;100m;[0;35;5;40;100m  [0;1;30;90;47m8[0;1;30;90;43m8[0;1;30;90;47m8[0;35;5;40;100m.[0;1;30;90;47m8[0;33;5;40;100m: .[0;37;5;40;100mt[0;1;30;90;47m8[0;1;30;90;43m8[0;35;5;40;100m.[0;37;5;40;100mtt[0;1;30;90;47m8[0;33;5;40;100m:[0;1;30;90;47m8[0;35;5;40;100m.[0;33;5;40;100m:.[0;37;5;40;100mS[0;33;5;40;100m:[0;37;5;40;100m8[0;33;5;40;100mt[0;37;5;40;100m8[0;33;5;40;100mt[0;37;5;40;100m8[0;33;5;40;100m.[0;37;5;40;100mX[0;33;5;40;100m.[0;37;5;40;100mS[0;33;5;40;100m [0;1;30;90;47m8[0;33;5;40;100m.[0;1;30;90;47m8[0;33;5;40;100m.[0;1;30;90;47m8[0;33;5;40;100m.[0;1;30;90;47m8[0;33;5;40;100m; [0m
[0;33;5;40;100m [0;37;5;40;100m8[0;33;5;40;100m  [0;1;30;90;47m8[0;33;5;40;100m.[0;1;30;90;47m8[0;1;30;90;43m8[0;37;5;40;100m%t[0;1;30;90;47m8[0;35;5;40;100m [0;1;30;90;47m8[0;33;5;40;100m;[0;1;30;90;47m8[0;1;30;90;43m8[0;35;5;40;100m.[0;37;5;40;100mt[0;33;5;40;100m [0;1;30;90;47m8[0;33;5;40;100m;[0;1;30;90;47m8[0;33;5;40;100mt.[0;1;30;90;47m8[0;33;5;40;100mt: [0;33;47m8[0;35;5;40;100m:[0;33;5;40;100m;[0;37;5;40;100m;[0;33;5;40;100m.[0;33;47m8[0;35;5;40;100m.[0;1;30;90;47m8[0;1;30;90;43m8[0;35;5;40;100m;[0;33;5;40;100m.[0;1;30;90;47m8[0;1;30;90;43m8[0;35;5;40;100m.[0;37;5;40;100m;[0;33;5;40;100m;:[0;37;5;40;100m;[0;1;30;90;47m8[0;33;5;40;100m;[0;35;5;40;100m.[0;1;30;90;47m8[0;1;30;90;43m8[0;1;30;90;47m8[0;33;5;40;100m; [0;1;30;90;47m8[0;35;5;40;100m;[0;33;5;40;100m [0;1;30;90;47m8[0;1;30;90;43m8[0;1;30;90;47m8[0;35;5;40;100m:[0;1;30;90;47m8[0;1;30;90;43m8[0;35;5;40;100m.[0;37;5;40;100m::[0;33;5;40;100m [0;1;30;90;47m8[0;35;5;40;100m:[0;37;5;40;100mt[0;33;5;40;100m.[0;1;30;90;47m8[0;33;5;40;100m;[0;1;30;90;47m8[0;1;30;90;43m8[0;37;5;40;100mt[0;33;5;40;100m.[0;37;5;40;100m:[0;1;30;90;47m8[0;33;5;40;100m;[0;1;30;90;47m8[0;33;5;40;100m:[0;1;30;90;47m8[0;33;5;40;100m:[0;37;5;40;100mt[0;33;5;40;100m.[0;37;5;40;100m;[0;1;30;90;47m8[0;33;5;40;100mt[0;35;5;40;100m [0;1;30;90;47m8[0;35;5;40;100m;[0;33;5;40;100m  [0;1;30;90;47m8[0;33;5;40;100m;[0;1;30;90;47m8[0;33;5;40;100mt [0;1;30;90;47m8[0;33;5;40;100m:[0;37;5;40;100mt[0;33;5;40;100m::[0;37;5;40;100m;[0;33;5;40;100m.[0;1;30;90;47m8[0;33;5;40;100m.[0;1;30;90;47m8[0;33;5;40;100m;[0;1;30;90;47m8[0;33;5;40;100mt[0;37;5;40;100mX[0;33;5;40;100m.[0;1;30;90;47m8[0;33;5;40;100m;[0;1;30;90;47m8[0;33;5;40;100m:[0;1;30;90;47m8[0;33;5;40;100m:[0;1;30;90;47m8[0;33;5;40;100mt [0;1;30;90;47m8[0;1;30;90;43m8[0;37;5;40;100mtt[0;33;5;40;100m.[0;1;30;90;47m8[0;33;5;40;100m;[0m
[0;33;5;40;100m [0;37;5;40;100m@[0;33;5;40;100m [0;1;30;90;47m8[0;33;5;40;100m%[0;37;5;40;100mX[0;33;5;40;100m:[0;1;30;90;47m8[0;33;5;40;100m.. [0;37;5;40;100mt[0;33;5;40;100m:..[0;1;30;90;47m8[0;33;5;40;100m:[0;1;30;90;47m8[0;1;30;90;43m8[0;35;5;40;100m.[0;33;5;40;100m .[0;1;30;90;47m8[0;33;5;40;100m%[0;35;5;40;100m:[0;33;5;40;100m [0;1;30;90;47m8[0;33;5;40;100m;[0;35;5;40;100m.[0;33;5;40;100m [0;1;30;90;47m8[0;1;30;90;43m8[0;37;5;40;100m%[0;35;5;40;100m:[0;33;5;40;100m..[0;37;5;40;100m;t[0;33;5;40;100m;.[0;37;5;40;100mt;t[0;33;5;40;100m.[0;37;5;40;100mt[0;1;30;90;43m8[0;35;5;40;100m:[0;1;30;90;47m8[0;33;5;40;100m;[0;35;5;40;100m. [0;33;5;40;100m [0;1;30;90;47m8[0;33;5;40;100m%; .:[0;35;5;40;100m:[0;33;5;40;100m:: [0;1;30;90;47m8[0;35;5;40;100m.[0;37;5;40;100m;[0;33;47m8[0;35;5;40;100m.[0;33;5;40;100m:[0;1;30;90;47m8[0;1;30;90;43m8[0;1;30;90;47m8[0;33;5;40;100mt  [0;1;30;90;47m8[0;33;5;40;100m.[0;1;30;90;47m8[0;33;5;40;100mt.[0;37;5;40;100mt[0;33;5;40;100m;[0;37;5;40;100mt[0;33;5;40;100m:[0;1;30;90;47m8[0;33;5;40;100m;[0;37;5;40;100mt[0;33;5;40;100m..[0;1;30;90;47m8[0;33;5;40;100mt.[0;37;5;40;100mt[0;1;30;90;47m8[0;1;30;90;43m8[0;37;5;40;100m;t[0;33;5;40;100m:[0;1;30;90;47m8[0;33;5;40;100m:[0;37;5;40;100m;[0;1;30;90;47m8[0;33;5;40;100m:[0;1;30;90;47m8[0;33;5;40;100m.[0;1;30;90;47m8[0;1;30;90;43m8[0;37;5;40;100mt[0;1;30;90;47m8[0;1;30;90;43m8[0;37;5;40;100mt[0;33;5;40;100m.[0;37;5;40;100mX[0;33;5;40;100m.[0;1;30;90;47m8[0;33;5;40;100m%  [0;1;30;90;47m8[0;33;5;40;100m% .[0;1;30;90;47m8[0;33;5;40;100mt [0;1;30;90;47m8[0;33;5;40;100m.[0;1;30;90;47m8[0;33;5;40;100m; [0;37;5;40;100mS[0m
